wasim_mod/input/grids/ASCII/fundus_25.twi
ncols               193
nrows               326
xllcorner     39436.980
yllcorner    214976.578
cellsize        25.0198
nodata_value -9999.0000
[rows 240 to 269 of 326, columns 0 to 66 of 193]
11.6319 8.6072 8.86322 8.98867 9.25693 9.45462 9.65279 9.79071 12.116 7.67697 9.76596 9.64154 10.9717 11.9644 12.1362 9.20753 9.04871 8.84106 8.63882 8.38958 8.07579 7.76087 7.40557 7.87764 7.90745 9.21862 9.32842 9.20103 7.48875 7.86496 8.10981 8.30344 9.08708 8.45197 8.60986 8.98705 8.81398 8.98637 9.17098 9.15938 9.30069 9.12567 9.40498 9.30654 9.31834 9.12094 8.9955 8.87898 8.48588 8.39096 8.13698 8.29559 8.30143 8.08934 8.04652 8.05107 8.09224 7.93566 7.7575 9.04019 8.01666 8.71979 8.94602 9.34061 9.47462 8.63441 8.89335
11.7134 8.84141 9.0351 9.12483 10.0768 9.6621 9.78421 12.2782 7.84469 9.65576 9.79101 10.9988 11.9359 12.0882 9.06642 9.00494 8.87252 8.67745 8.47801 8.22499 7.90213 7.42949 8.0912 8.11879 9.23419 9.29189 9.20044 7.39448 7.77579 8.07242 8.31231 8.49587 9.21007 8.69418 8.84859 9.17117 9.03268 9.19792 9.91707 9.43003 9.29725 9.55109 7.88587 9.48184 9.45915 9.26905 9.14849 9.01054 8.63581 8.54869 8.34211 8.50538 8.52629 8.37833 8.32211 8.2857 8.2946 8.17696 8.14189 9.25424 8.99904 8.56385 8.65191 8.55663 8.51685 8.34042 8.29792
11.7863 9.04141 9.20232 10.4458 9.74901 9.82674 12.2484 8.31809 9.67325 9.56801 11.0896 11.9607 12.0835 7.97439 7.47745 7.4271 8.43628 8.31096 8.05925 7.62511 7.59055 8.40447 8.29052 9.21667 9.29614 9.19943 7.29625 7.70247 7.97356 8.22148 8.44212 8.64269 9.2899 8.86558 9.0211 9.83723 9.27488 9.9406 9.50216 9.36874 9.61498 8.29979 7.92081 9.6375 9.57261 9.39086 9.27617 9.15033 8.84604 8.79257 8.64983 8.80556 8.82629 8.71914 8.7061 8.65113 8.62328 8.52377 8.50886 9.40594 9.44415 9.25084 8.41899 9.19324 8.73171 8.44703 8.12697
11.8233 9.15213 10.7646 9.86377 9.9156 12.2937 8.53506 9.94708 9.62273 10.7798 11.9648 12.1173 7.45336 7.53928 7.82333 8.28318 7.30463 7.63517 7.73309 8.12732 8.72509 8.61329 9.3044 9.27122 9.17711 7.22989 7.62073 7.90839 8.12711 8.33956 8.54227 8.7467 9.35634 8.97299 10.1844 9.33098 9.93566 9.51986 9.40322 9.65551 8.54035 8.34187 7.9625 9.76095 9.69526 9.51427 9.38269 9.29228 9.07161 9.07503 9.00084 9.15048 9.18115 9.10719 9.14807 9.1047 9.05966 8.94688 9.77264 9.3294 9.37448 8.8709 9.24015 9.1782 8.98579 8.89976 8.90303
11.8276 10.9096 9.9055 9.99707 12.3248 8.78789 10.0652 9.92752 10.8265 11.7094 12.0579 7.54622 7.88979 8.11186 8.5856 7.52337 7.49181 7.73466 8.31955 8.94055 8.84216 9.5036 7.37629 9.33532 9.19707 7.5764 7.87081 8.10007 8.309 8.47454 8.6466 8.83435 9.4138 10.4085 9.38896 9.93563 9.52651 9.4424 9.65887 8.7194 8.59773 8.42972 8.09445 9.90872 9.82031 9.6041 9.48916 9.46371 9.31379 9.38764 9.35684 9.49378 9.5654 9.53912 9.64523 9.64938 10.1085 10.1204 9.61514 9.45917 8.83805 9.35525 9.30516 7.82599 7.78638 7.87213 8.02101
12.1623 9.895 9.98419 12.2731 8.89263 10.117 10.1019 11.1646 12.7015 11.9005 8.00746 8.27584 8.3056 8.70292 7.99197 8.99051 8.5658 8.08085 8.79373 8.92172 7.47934 9.4922 7.76163 9.43859 9.30975 7.90003 8.12988 8.33697 8.52809 8.67867 9.44628 9.42233 10.3721 9.39598 9.97027 9.5816 9.47431 9.6912 8.84482 8.75211 8.68036 8.59642 8.34093 10.1691 9.97627 9.73581 9.67945 9.70417 9.6354 9.75972 9.70341 10.4518 9.80538 9.94185 10.1349 10.7743 11.5127 10.8017 10.0136 10.6496 10.2187 9.45112 8.27838 8.19956 8.14555 8.17705 8.27475
12.2795 10.0152 12.2633 8.95759 10.0476 10.0475 11.2502 12.7009 7.60673 8.30255 8.42427 7.85869 9.46109 8.28692 8.9129 7.1169 7.325 8.79661 7.2629 8.83482 7.74838 9.48706 8.00672 9.49633 9.412 8.18142 8.38397 8.58246 9.37187 9.58291 9.54661 10.4156 9.47433 9.96386 9.58836 9.51326 9.66547 8.91506 8.85692 8.76409 8.70981 8.72735 8.54016 10.3813 8.11421 10.0175 9.9366 10.6425 10.0375 10.177 11.1544 10.1941 10.1727 12.4989 12.5902 12.6167 11.9966 11.8911 11.7607 10.7193 10.5075 10.2963 9.89927 9.4951 9.047 8.45911 8.52101
12.4122 12.2863 9.11147 10.0739 9.98196 11.1018 12.9056 7.99348 8.4472 8.74777 7.85065 7.57762 10.1102 9.46048 8.11506 7.36668 8.69377 7.50411 7.069 8.73349 7.87862 9.43306 8.18245 9.52719 9.48439 8.9936 8.70923 9.4559 9.66882 9.64646 10.5038 9.58925 10.0631 9.69549 9.54844 9.69538 8.95028 8.83357 8.77568 8.70704 8.67447 8.74587 8.49631 8.31611 10.2292 8.51355 10.2399 11.3195 10.4297 11.7893 10.5662 13.9959 13.9026 13.5237 13.5271 13.6487 13.6562 13.5465 13.4792 13.2266 13.0886 11.1217 10.9666 10.7853 10.6222 10.49 10.2826
13.0798 9.22516 10.139 10.0555 11.0605 12.7568 8.35764 8.61306 8.84009 8.39502 7.94134 9.54885 9.34767 8.44341 7.29879 6.97311 8.71189 6.86098 7.3071 8.66912 7.94917 9.35168 8.27264 9.53335 9.51972 9.53934 9.44732 9.65651 9.66829 10.5013 9.64637 10.1156 9.77401 9.67134 9.76726 9.04585 8.92092 8.77428 8.68054 8.61295 8.57357 8.17473 8.66947 8.18872 8.52149 10.2677 10.5027 11.5009 12.0426 10.7386 14.0845 10.2595 9.98902 9.77651 9.67067 9.98793 10.0517 10.2132 9.02229 11.1914 10.2881 12.8144 12.6855 10.3283 10.1809 9.9942 9.81271
13.146 10.2353 10.1149 11.1106 12.7761 8.50973 8.83668 8.75032 8.42507 8.41232 9.89556 9.42863 7.22933 8.37332 7.4316 7.38037 8.85705 7.26233 7.5512 8.67924 8.03621 9.29413 8.31972 9.50543 10.1519 9.42602 9.58039 9.55856 10.3779 9.5542 10.0244 9.74263 9.69021 9.80834 9.16485 9.02605 8.86801 8.72102 8.60992 8.5167 8.15226 7.92409 8.68965 8.0031 8.42945 10.3643 10.5208 11.5191 12.1204 13.9379 9.98963 9.69963 9.40595 9.1704 9.03118 9.41616 9.64904 9.76319 9.92087 8.50358 10.9447 10.0768 10.5788 12.5182 12.2708 11.9675 10.0319
13.247 10.2459 11.172 12.8247 8.75882 9.00824 9.04939 9.14713 8.27225 7.59821 9.90748 9.55094 7.74582 8.63527 7.86378 7.79652 9.05203 7.66035 7.84397 8.78593 8.18141 9.57066 9.42399 10.0609 9.39733 9.54888 9.50519 10.2644 9.47316 9.89126 9.61038 9.56952 9.74541 9.19224 9.09883 8.98604 8.8232 8.65533 8.53818 8.20115 8.00669 7.70889 8.70895 8.23344 8.59783 10.3711 10.5239 11.343 13.8465 9.90958 9.27289 8.97678 8.69936 8.35065 7.97354 8.7359 9.17592 9.43906 9.52448 9.70136 8.02587 10.8875 9.94373 10.4204 10.628 10.6433 11.7505
13.3438 11.2773 12.8657 8.94493 9.15905 7.61545 9.54333 7.52349 7.45918 7.84246 9.8437 9.58238 8.10858 8.85973 8.22652 8.17608 9.28349 8.05626 8.16851 8.96795 9.83047 9.45649 10.0473 9.39344 9.57904 9.54509 10.2542 9.44734 9.865 9.57909 9.51379 9.6752 9.16272 9.1225 9.04586 8.93207 8.79114 8.62162 8.28612 8.1351 7.91149 7.58513 8.78608 8.45405 8.77916 10.4092 10.5544 13.7952 9.87471 9.31371 7.97643 8.9782 8.73327 8.49474 8.26025 7.96629 8.46407 8.96344 9.25776 9.38794 9.64498 8.06662 10.8287 9.81466 10.3223 10.4803 10.4837
13.493 12.9776 9.13048 9.30268 8.03067 7.555 9.64568 7.25693 7.77262 8.02267 9.78099 9.58306 8.33347 9.03974 8.51698 8.51488 9.52739 8.42242 8.51294 10.3759 9.62919 10.134 9.46783 9.6334 9.62999 10.3598 9.54984 9.88034 9.57182 9.51207 9.64869 9.18494 9.1588 9.11479 9.0448 8.9326 8.78359 8.47128 8.27675 8.09703 7.48373 7.98196 8.94902 8.72944 9.01879 10.4584 10.5773 13.8306 9.51245 8.35286 9.0382 8.93865 8.75479 8.60668 8.47042 8.31951 8.03133 8.08604 8.77421 9.20342 9.39677 9.63861 9.71036 10.4696 9.68307 10.2006 10.4024
13.9192 9.30004 9.43224 7.66873 8.27671 7.92405 9.74497 7.25734 8.0543 8.25068 9.78552 9.56411 8.47883 9.12905 8.72704 8.77501 9.74728 8.76784 10.7856 9.94969 10.3958 9.68973 9.77543 9.75825 10.4548 9.72183 10.0547 9.7047 9.56913 9.64319 9.18227 9.18733 9.18382 9.15588 9.08754 8.98829 8.71396 8.52454 8.33795 7.85352 8.22321 7.64721 9.18896 9.03959 9.3068 10.6423 10.6704 13.8119 8.78223 9.27306 9.07403 7.53655 7.51399 7.56394 8.77138 8.73401 8.62671 8.43058 8.16488 8.70521 9.19586 9.33662 9.61382 9.68538 10.4148 9.59133 10.1455
13.8278 9.41605 7.58488 7.94796 8.42516 8.17797 9.85238 7.31205 8.34569 8.49107 9.85855 9.81138 7.32119 9.57672 8.84525 9.78339 8.99952 11.0051 10.2115 10.6982 10.0183 10.0793 9.99209 10.6325 9.91451 10.2324 9.91285 9.7708 9.79914 9.26907 9.17445 9.16241 9.19775 9.22162 9.15905 8.93313 8.81611 8.62975 8.2306 8.48317 8.0531 9.28102 7.96488 9.39496 9.67252 10.9578 10.9479 13.9282 9.64419 9.38589 8.07178 7.88926 7.81658 8.66737 7.46902 7.6148 7.76976 7.8933 8.44597 8.21604 8.36697 9.08966 9.25507 9.49928 9.54948 10.3541 9.49474
13.6906 9.32625 7.83636 8.08335 8.51639 8.33969 10.2993 7.33202 8.58391 8.70572 9.97806 9.96531 9.57187 8.84948 9.70726 8.9979 10.9376 10.31 10.8523 10.2418 10.353 10.2519 10.8612 10.1383 10.4643 10.155 9.99398 10.008 9.4941 9.35747 9.22293 9.14514 9.16701 9.24932 9.14745 9.00301 8.88689 8.56473 8.74796 8.41459 9.40204 8.32743 9.51717 9.89621 8.56751 11.3249 11.3719 14.2533 9.92768 8.67605 8.4135 8.19935 8.75249 7.72589 7.72261 7.78412 7.91748 8.32145 7.75645 7.99878 8.65202 8.38496 8.79051 8.98605 9.30599 9.41572 10.3745
13.5776 9.28474 8.02298 8.24657 8.59954 9.99513 7.59814 7.43716 8.7173 8.88036 10.1271 10.6428 9.0525 9.76181 9.0181 10.8453 10.2216 10.7845 10.3056 10.4321 12.18 12.0036 11.5115 11.1542 10.3661 11.7597 11.4091 10.9666 10.5615 10.0507 9.295 9.17121 9.13774 9.11336 9.17121 9.07105 8.76464 8.96686 8.63859 9.49066 8.59366 9.5389 9.87693 8.97634 11.4406 11.6019 14.7365 10.7158 9.49816 9.09713 8.77838 9.1066 8.09729 7.9902 7.9338 7.92546 8.21116 7.79442 7.86822 8.30694 7.90824 8.15801 8.30997 8.34163 8.67598 9.14733 9.31887
13.5218 9.31359 8.24045 8.46662 8.75878 10.0632 7.19746 7.83273 8.84554 9.02505 11.2019 9.3547 10.0293 9.28389 10.9169 10.1995 10.7298 10.2179 10.3888 12.7334 11.9791 12.0255 12.0379 12.0151 12.0099 10.1178 9.97281 9.81435 9.65064 9.49053 9.36217 9.2327 9.06414 9.04836 9.08375 8.9355 9.0895 8.81249 10.6896 10.3715 10.3194 9.99313 9.00295 11.2512 11.5756 14.7735 10.9318 10.3911 10.1678 9.55129 9.67108 8.69478 8.44606 8.28507 8.18388 8.29959 7.86918 7.92592 8.20739 7.75182 7.91388 8.14797 7.93041 8.55154 8.30132 8.31411 8.98275
13.5305 9.41723 8.50519 8.72607 9.03563 10.2589 7.24276 8.18822 9.06785 11.3296 9.47316 10.204 9.58849 11.1666 10.4124 10.7983 10.2122 12.7976 12.7281 10.5865 10.6295 10.6693 10.7184 10.7105 10.6584 10.644 10.5505 10.4098 10.2729 10.1308 10.0107 9.22988 9.12714 9.0353 8.87689 9.10456 8.93975 10.7703 8.63191 8.4495 8.25664 8.02123 10.9326 11.2446 14.5488 11.0308 10.3507 10.3459 9.55425 11.1497 9.45666 9.11684 8.83015 8.61332 8.62022 8.18115 8.10293 8.26717 7.90148 7.91257 7.95697 7.81014 8.269 7.79745 8.03211 8.57973 8.34431
13.6025 7.42685 8.82395 9.72691 7.75872 10.5585 7.40992 9.51835 11.45 9.64848 10.2701 9.69398 11.301 13.4352 13.2913 13.1006 12.9462 10.6983 10.663 10.6647 10.7137 10.7925 10.8807 10.8904 10.8882 10.8873 10.7876 10.6945 10.6212 10.4741 10.3323 10.2403 9.75967 8.97494 9.07517 8.90853 10.7011 10.4912 10.4829 10.5108 10.5898 10.7247 10.917 14.1187 10.7544 10.5627 10.5846 9.32973 11.358 10.0074 10.6673 9.56942 9.26016 9.12048 8.6281 8.47511 8.52039 8.11371 8.11008 8.10133 7.85585 8.12057 7.72622 7.87087 8.35258 7.89225 8.51387
13.679 8.9012 9.87799 8.2756 10.9569 9.93233 9.64515 11.6502 9.85284 10.4137 13.7159 13.6999 13.6209 12.0173 11.9705 11.8406 11.746 11.6652 11.6194 11.6074 11.6691 11.7906 11.8682 11.9614 12.0328 11.9844 11.9193 11.8877 11.8928 11.8044 11.6834 11.609 11.5403 11.4728 11.3331 11.2353 10.5094 8.51712 8.34476 8.11919 7.8243 10.7315 13.8396 10.3961 10.1258 10.5139 10.0028 11.29 9.32487 9.94857 12.6629 10.0619 9.82673 9.27661 9.01249 8.94823 8.51436 8.40362 8.34349 8.12673 8.25676 7.81758 7.86327 8.18589 7.80323 8.26706 7.77769
13.7665 9.77774 8.49634 11.016 12.0142 11.7993 11.7263 14.1238 14.042 13.8792 10.6527 10.6026 10.5402 10.4507 10.4133 10.3339 10.1853 10.0585 9.9598 9.91403 9.94045 10.0083 10.0665 10.1017 10.103 10.0401 9.96481 9.939 9.91059 9.7696 9.57153 9.38864 9.19481 9.0104 8.84423 8.65053 8.46528 8.28738 8.03707 7.7073 10.5851 13.5688 10.156 9.94068 10.1212 9.67711 11.3972 12.0549 11.6284 11.8205 10.9887 12.4249 11.4497 10.9364 10.3726 9.68496 8.89161 8.74335 8.48565 8.54827 8.13536 8.06277 8.21787 7.85443 8.17154 7.79702 8.46745
14.7473 14.2775 14.4947 14.657 14.5421 14.6536 14.7927 11.6205 11.5534 11.4574 11.3725 11.3181 11.2235 11.1623 11.1344 11.0683 10.9625 10.8813 10.8206 10.7983 10.8345 10.9037 10.9961 11.1016 11.1337 11.1191 11.1376 11.1851 11.2243 11.1469 10.9874 10.8645 10.7683 10.6607 10.5776 10.5185 10.4936 10.5079 10.5291 10.5466 13.4487 10.0352 9.71329 9.9081 9.57327 11.9913 11.825 10.1473 9.77338 9.44916 10.2733 13.6005 11.2855 10.9839 10.6846 10.4417 10.2551 9.70033 9.00759 8.58697 8.44788 8.49543 8.08202 8.22952 7.83837 8.36745 8.68177
14.7684 7.59055 7.80164 7.973 7.98088 8.06421 13.8613 13.7981 13.7597 13.6897 13.5915 13.5174 13.4742 13.4624 13.4351 13.3523 13.3144 13.2988 13.2598 13.2441 13.2697 13.3462 13.4618 13.5821 13.6151 13.6625 13.7396 13.7839 13.8241 13.7901 13.685 13.5586 13.4702 13.3868 13.3195 13.3275 13.3579 13.3891 13.4311 13.46 10.0141 9.6694 9.78956 9.36827 12.5334 12.18 12.3854 12.8495 12.9487 12.8759 13.4081 12.4142 11.6982 11.4785 11.2988 11.1801 11.0544 10.8733 10.7325 10.4174 9.99505 9.46579 8.97685 8.1045 8.37605 8.54316 9.44698
14.7953 10.5971 10.708 10.7926 10.8807 10.9266 10.8894 10.8568 10.774 10.6341 10.5305 10.4479 10.3882 10.3494 10.2635 10.1802 10.1409 10.0887 10.0266 9.94698 9.90552 9.94894 9.99479 10.0082 9.98837 9.99164 10.0133 9.96648 9.91149 9.79015 9.61132 9.39834 9.19776 9.01097 8.81323 8.65906 8.4941 8.2283 7.83822 10.095 9.71371 9.75964 9.34751 13.9455 13.8893 14.132 14.4229 14.843 15.0194 15.1306 15.0596 14.3695 14.0908 13.9463 13.6142 13.1239 11.2351 11.1523 11.0091 10.8475 10.6361 10.4001 10.2327 10.0929 9.74708 9.34266 7.631
15.0851 13.6874 13.7913 13.8547 13.9884 14.0508 14.0404 14.0816 14.0021 13.9016 13.8476 13.7864 13.7827 13.7689 13.7532 13.7599 13.7469 13.7553 13.7494 13.7024 13.7041 13.7711 13.8117 13.8515 13.9122 13.9742 14.052 14.091 14.0699 14.0151 13.9468 13.8844 13.8378 13.8254 13.8301 13.8668 13.9292 13.9385 13.9127 13.8656 13.8239 13.8547 13.8629 10.0367 10.0855 10.2856 10.4784 10.0552 9.28332 8.77585 10.5863 10.1266 8.93101 10.3999 12.274 12.4865 12.9936 12.7281 11.4627 11.2574 11.0792 10.8803 10.6992 10.5625 10.4261 10.3212 10.2518
15.0974 10.9086 10.9771 11.0163 11.0918 11.1546 11.1589 11.1415 11.0659 10.9794 10.9063 10.827 10.7929 10.7918 10.7984 10.8043 10.7861 10.7116 10.6426 10.6171 10.6041 10.6043 10.6014 10.5598 10.5632 10.6237 10.656 10.6265 10.5311 10.4586 10.4022 10.3165 10.263 10.24 10.2267 10.2307 10.2553 10.2387 10.1231 9.9818 9.86011 9.79204 9.70865 9.60368 9.59516 9.68248 9.83772 9.76788 9.51112 8.24783 9.20489 9.51259 9.6924 8.38566 10.1847 12.2783 12.4617 11.4696 12.354 11.1835 10.9862 10.8022 10.6257 10.4712 10.3441 10.2264 10.1377
15.1024 10.9017 10.9646 10.9568 11.009 11.1174 11.1406 11.1045 11.0377 10.9796 10.9064 10.8316 10.805 10.8339 10.8728 10.8916 10.8678 10.7692 10.6842 10.6546 10.6474 10.6353 10.6073 10.5623 10.5511 10.5893 10.617 10.5622 10.4453 10.3859 10.3645 10.3141 10.2792 10.2789 10.2831 10.3071 10.3135 10.2589 10.1859 10.0308 9.85137 9.71363 9.59419 9.49863 9.48211 9.55723 9.64789 9.55808 9.14525 8.86856 8.56586 7.81918 9.16037 9.40941 7.90111 10.0964 12.2162 12.512 11.4671 11.8295 10.7206 10.5624 10.3863 10.2042 10.0509 9.9121 9.80578
15.1025 10.9054 11.0182 10.942 10.9536 11.0845 11.1349 11.0932 11.0246 10.9798 10.9055 10.8345 10.8255 10.8868 10.9705 11.0061 10.9615 10.8599 10.7593 10.7038 10.6835 10.6755 10.6522 10.6193 10.5991 10.6069 10.6164 10.5672 10.4278 10.3472 10.359 10.3521 10.3303 10.337 10.3778 10.4302 10.4414 10.3723 10.2699 10.0889 9.8491 9.69028 9.58566 9.51054 9.50186 9.52982 9.5455 9.32442 9.1142 8.71974 8.41538 8.0552 7.62118 8.76949 9.25469 9.37326 9.28201 12.2441 12.5228 11.3713 11.2631 10.2424 10.0279 9.84284 9.6481 9.48951 9.32714
15.1334 11.4748 10.9801 10.9403 10.9426 11.0428 11.0493 11.0261 10.9436 10.8786 10.8325 10.7905 10.7999 10.8688 10.9683 11.0696 11.0202 10.8819 10.776 10.6921 10.655 10.6515 10.6472 10.6283 10.5957 10.5816 10.5683 10.4784 10.3395 10.2748 10.2971 10.3032 10.2911 10.2911 10.3437 10.4165 10.4304 10.3398 10.1864 9.97305 9.74815 9.56733 9.44333 9.39354 9.34982 9.31553 9.3037 9.30843 9.00469 8.78376 8.28743 7.93574 7.54243 8.48995 9.0238 9.1138 8.9719 9.28241 12.1815 12.4932 11.4144 10.7128 10.4824 10.2825 10.1047 9.94582 9.79235
