wasim_mod/input/grids/ASCII/fundus_25.slp
ncols               193
nrows               326
xllcorner     39436.980
yllcorner    214976.578
cellsize        25.0198
nodata_value -9999.0000
[rows 270 to 299 of 326, columns 67 to 133 of 193]
37.1844 39.0827 39.9055 39.2371 37.0474 34.5947 35.262 38.3404 40.36 41.8584 42.6593 39.875 37.3011 34.377 30.8553 28.4253 25.1549 20.3732 16.3 16.7992 18.8146 22.5125 28.8847 35.1002 35.3878 32.9513 33.2508 36.2863 41.2548 45.0058 45.0798 45.3781 46.1904 41.5637 36.7055 37.1029 37.1062 34.968 31.8124 27.2302 21.8977 17.7483 15.7015 14.5407 13.8381 12.7578 12.7437 12.629 13.1529 14.7502 15.9 16.22 16.7166 17.1378 16.6176 15.2299 13.6809 11.6289 10.3705 8.76843 7.69566 7.34922 6.92376 7.2471 9.20668 10.3308 11.3459
35.2381 37.4388 39.8977 40.232 38.377 36.9127 37.5559 39.7599 41.7917 42.1904 40.9497 38.4334 34.4724 30.6823 29.1268 28.6029 26.5111 23.9091 23.8764 25.6506 27.8411 29.3852 32.3724 34.9536 32.5213 29.8513 29.738 33.9212 40.9982 45.4913 45.6078 45.0399 44.5825 38.869 33.2981 34.7706 36.5942 35.8449 33.069 27.8989 21.9558 17.5197 15.3293 14.7253 14.337 13.9689 13.0674 13.0304 13.2556 13.5507 14.7927 15.4135 16.5602 16.8278 16.2323 15.036 12.8684 10.7955 9.92191 8.45986 7.24075 6.70417 6.02711 7.13588 8.6554 10.4976 11.7783
33.8886 36.1292 39.4775 40.6895 39.2118 37.6371 38.7899 41.313 42.6322 42.0768 40.5673 37.2643 32.4092 29.0509 28.0353 28.9028 28.4438 28.2032 28.6419 30.6803 31.8681 31.6373 32.6242 31.8671 28.7325 26.9569 27.3502 30.9574 39.4254 45.9236 46.2471 44.1348 42.1794 36.9158 31.5421 32.5225 35.5663 36.4393 33.9329 28.3824 22.1005 17.1423 14.536 13.7706 13.3648 12.9937 12.443 12.398 11.9851 11.8012 12.1861 12.9906 14.4863 15.223 15.8152 15.1115 13.2399 10.828 8.854 8.02275 7.19065 6.21125 6.4552 7.62078 9.00595 10.266 11.8079
32.654 35.2244 38.0771 39.5779 39.2679 38.9235 39.9535 41.904 42.8235 41.6521 39.5377 36.9196 32.2275 29.1309 28.2594 29.1559 30.3392 30.8982 32.5689 33.476 33.3938 32.1948 30.992 27.9417 25.4494 24.2831 25.4054 27.7417 36.7398 45.1291 46.306 43.4251 40.1822 36.0614 31.3151 31.0054 34.4983 36.7599 34.8255 28.8621 21.8153 16.3429 13.6392 12.5078 11.9965 11.8286 10.7737 10.3925 10.1918 10.9349 11.274 10.7565 11.4053 12.8454 14.411 14.928 14.1801 11.621 9.12356 7.59828 7.54503 7.54696 7.66544 7.7881 8.91637 10.6477 13.2325
30.4589 33.1641 36.6904 38.228 38.1325 38.8291 40.8462 42.3032 41.4914 40.5575 39.0856 36.1294 32.2644 29.4736 28.6676 29.5714 31.1674 32.6407 35.1491 35.4773 34.8518 33.3404 29.7962 26.4779 22.8715 21.5723 22.9922 26.2678 33.7358 42.0709 44.9965 42.6659 39.425 35.2925 31.3099 31.3246 34.2096 36.7239 35.5781 29.7577 21.5303 15.3101 12.0837 10.9198 10.5702 11.3424 10.6819 9.27094 9.09451 9.34761 9.67943 10.0869 9.89159 11.0806 12.853 13.8989 14.0791 12.4103 9.99657 8.76858 8.17978 8.10647 8.09556 8.45956 10.238 12.666 15.5753
29.3859 32.1345 35.2583 37.4824 36.6865 37.422 39.9135 41.1059 40.2531 38.5613 37.4256 35.1483 31.9223 29.1785 28.7447 29.7142 31.1022 33.2778 35.2587 35.9972 35.0512 32.9809 29.2592 25.233 19.7149 18.1659 20.5713 25.4014 30.9647 37.5095 41.9675 42.3146 39.0743 35.015 31.7128 31.203 34.0739 36.8722 36.0386 30.4905 22.1056 14.9261 11.188 10.0318 9.67518 10.4289 10.6479 9.61951 8.87465 8.21762 8.06371 9.57779 9.97114 10.5593 11.3808 13.119 13.4326 12.4709 10.4665 9.59368 9.63351 9.64503 8.94363 10.5757 12.6343 15.2452 18.4228
31.3561 32.2889 34.1627 35.7166 35.5796 36.6685 38.6518 38.4799 37.625 36.2991 34.5937 32.8849 30.8124 28.3739 27.6824 29.0481 30.6333 32.3063 33.5094 33.2427 31.8862 30.1171 27.232 22.1504 17.4274 14.7055 17.6618 23.5852 28.0885 33.1812 37.9058 39.5526 38.3989 36.1654 34.2024 32.4191 34.1236 37.1843 36.2975 29.7407 22.0527 16.2163 11.5599 10.0108 9.5646 9.54958 9.67278 9.81798 8.85118 8.02303 7.65583 8.37554 9.42262 10.6053 11.1292 12.4382 13.7501 13.0166 11.3411 10.0712 10.6405 10.9792 10.9576 12.2339 14.4875 18.0492 21.5186
33.5178 33.0792 33.0936 33.6867 34.2965 35.524 36.4618 35.5671 34.2441 33.2969 31.6495 29.8761 28.779 27.6371 26.3543 27.1049 28.7122 30.1492 29.7787 28.0278 26.4305 25.4524 23.5627 18.8066 14.9219 11.5354 13.9086 21.0742 25.8398 31.4645 35.1472 35.1846 34.4552 34.5275 35.133 35.3898 36.0531 37.3881 35.3459 29.1113 21.6133 16.7284 12.824 10.2214 9.38843 9.33945 9.54002 9.58102 9.04325 8.45942 7.87254 7.69611 8.98921 10.2673 11.6999 12.0504 13.4245 13.5552 12.1132 11.3777 10.9739 10.8153 11.9412 13.4704 17.01 20.9679 23.5396
32.8775 31.032 30.3096 31.2638 32.5116 33.7942 33.8007 32.915 31.0045 29.0131 28.5031 28.2386 27.5764 26.917 26.714 26.1814 26.2634 26.3088 24.7635 22.3227 19.6575 18.1314 17.45 15.0981 10.0542 6.64805 9.47357 19.3416 26.258 32.2093 34.0798 32.37 29.4739 29.3635 33.1153 37.489 38.7761 37.0807 32.9014 27.8067 22.0013 16.2556 12.8989 10.6006 9.21967 8.8729 9.02392 9.03117 9.00597 9.08841 8.73973 8.46907 9.58264 10.1138 11.512 11.9898 12.4104 13.0652 11.9542 11.6354 10.8948 10.4627 11.6898 14.9525 18.5109 22.4223 24.7775
29.1462 27.0276 26.4461 27.7665 29.789 30.7128 30.4275 29.9545 28.5896 26.6951 26.403 27.2081 27.9308 27.0298 27.2234 26.2012 24.8803 22.9005 19.3695 16.6188 14.4078 13.4666 13.017 12.3495 8.23135 2.5712 5.85401 19.5174 30.1161 34.4069 34.9941 32.1294 25.5987 24.0051 30.4751 38.1527 40.0413 35.5608 29.6924 25.6703 21.8716 16.3112 12.0358 10.1663 9.001 7.74673 7.68219 8.22399 8.86066 8.9461 9.4415 9.42519 9.5181 9.28033 10.7245 11.6642 11.7626 11.9493 11.6812 10.5861 9.62774 9.45527 11.4732 14.7156 19.0336 23.0825 25.9001
23.6291 21.8515 21.6858 23.5667 25.7237 26.8211 27.2461 27.273 26.8 26.1325 26.423 26.9446 27.6715 27.4559 26.226 24.8944 23.8824 20.5352 15.9229 13.2048 12.9722 12.9019 13.7428 12.8256 9.0686 4.14464 7.01332 21.2767 32.2767 35.9152 36.4718 31.3202 22.4593 23.6562 31.8208 38.5905 38.574 32.7465 26.9783 23.3983 20.151 16.0692 11.4948 9.21614 8.83855 7.10963 6.70762 7.73907 8.96024 9.27978 9.70481 9.64578 8.70597 8.7925 9.18572 9.85915 10.7375 10.271 10.2479 9.36644 8.07294 8.22103 10.5039 14.7171 20.3311 24.2966 26.7447
17.4837 16.3813 17.0699 19.5592 22.3099 24.2209 24.202 23.8855 24.25 24.9674 25.7928 25.9241 25.9849 25.6168 23.6444 21.9607 20.9259 18.1944 15.6418 14.1655 14.8339 15.1736 15.2251 13.6619 10.3651 4.9416 9.63609 22.9922 32.9938 37.2684 36.4914 30.0784 23.0836 26.0354 34.2645 37.5942 34.1126 28.8012 25.2092 23.0019 18.925 14.7274 10.9419 7.99327 7.82685 7.55094 6.98037 7.73341 8.4419 9.00941 8.90712 8.85335 7.64695 8.4325 8.93375 9.05674 9.09606 9.32649 8.52428 8.13004 7.29433 8.87094 12.2974 17.9448 22.5403 24.7378 26.2345
13.4267 12.8767 14.8846 17.5899 19.3619 21.9745 22.6354 20.5969 20.072 21.1351 22.6852 23.1888 22.3295 21.385 19.6166 17.7709 16.462 16.4315 16.8391 17.2795 17.1759 17.4061 16.737 13.964 10.7343 4.14955 11.6293 24.4606 32.1765 35.5899 35.91 33.1926 29.7386 31.3241 34.7843 33.9307 29.3126 25.6036 23.8076 22.1565 18.4626 13.4998 10.0452 7.37452 6.74858 7.53824 7.47041 7.59778 7.93852 8.05334 7.96079 7.67934 7.22794 7.82512 8.63503 9.34643 9.11784 8.79395 8.0583 8.13423 9.44236 12.6237 17.1626 20.8304 23.1067 25.1407 26.1523
12.6164 12.3621 13.93 16.7611 17.8533 18.8119 20.293 18.063 15.2473 15.8798 16.9773 18.5616 18.9835 18.0687 16.6374 14.6713 13.5626 15.6373 18.3094 19.6885 19.5015 19.1272 17.3093 13.9168 10.0667 2.50226 12.373 25.2659 31.6902 33.9647 35.705 37.3405 36.6098 34.2151 31.8555 28.9007 25.5688 23.8189 22.9004 20.9332 17.5529 13.0281 10.1124 8.05815 7.04161 7.59888 7.6079 7.41697 7.50767 7.73996 8.01788 7.44069 7.8809 8.20413 9.1861 9.18145 9.72963 9.23448 8.54193 10.2657 14.3532 17.7977 21.7575 23.7329 25.2641 25.9391 25.0542
13.8955 13.1189 15.5081 17.0595 16.8437 17.6577 18.5286 16.0203 11.4099 10.847 12.4775 12.7852 13.5166 14.5261 14.1758 13.3072 13.8458 16.6806 18.8143 20.5241 21.5098 20.1279 17.0899 13.3651 8.73743 1.7514 12.7905 25.2894 31.7704 34.7079 37.9908 40.9009 39.0714 32.791 27.3209 24.9393 23.6146 22.5581 21.6388 19.3388 16.1452 13.012 11.0546 9.81289 7.86632 8.27081 8.49115 7.65002 7.08193 7.17656 7.97926 8.18879 9.39159 9.95293 10.4081 10.1591 10.2794 10.9907 12.2508 15.7685 19.839 23.7422 25.9974 26.9073 27.2534 25.8855 22.6168
17.2548 15.7304 17.0653 17.9492 17.9858 18.5312 18.5939 16.2168 12.7155 12.0291 12.4339 11.8173 10.5069 10.9049 12.3365 13.2744 14.879 16.8601 18.7896 21.0743 22.0158 20.1258 16.2042 11.9423 8.5998 6.61588 13.8576 23.8505 31.8138 36.2064 40.0506 42.0903 37.6722 30.1762 24.9229 22.8472 22.6584 20.9322 19.4469 17.4533 15.2419 13.7833 12.7608 11.9354 11.0011 10.6679 10.8107 10.3157 9.21746 8.3669 8.38781 9.75347 10.9187 11.7299 12.1725 12.7774 12.5445 14.7817 18.6321 22.6256 25.8821 28.2159 28.7387 28.9115 27.679 23.8782 17.4948
20.6883 18.949 19.0179 19.6994 19.8305 19.5221 18.9569 17.3311 15.0683 14.238 13.6766 11.3346 9.79904 11.2667 12.0853 13.4009 14.9898 16.7847 19.1467 20.5151 20.0579 18.7162 15.9983 13.434 12.2774 12.3641 15.6266 22.0408 29.9068 35.981 39.8705 41.1572 38.0524 31.2462 24.6108 22.4445 21.6136 19.4961 17.6273 16.0603 15.553 15.5223 15.7107 15.0551 15.8807 15.6091 14.6931 13.3183 12.6166 12.3869 12.2003 13.1838 12.8936 13.4214 14.2719 15.9354 16.9141 19.917 24.1344 27.2927 29.6363 29.8568 29.1237 28.1473 24.86 19.0758 10.2505
23.3481 21.6695 21.0219 21.3515 20.9433 20.1415 19.3176 17.951 15.5713 14.1783 12.4196 10.2999 10.617 11.6006 10.8734 13.1098 14.9535 16.5468 18.0074 18.4601 17.5456 16.5484 16.8198 16.4755 17.3825 18.0954 18.5652 21.4045 27.0645 34.2852 39.0401 40.4324 37.8028 31.2972 24.5888 21.9563 20.9499 18.4567 17.4151 17.7415 18.4777 19.2865 19.2015 19.3853 19.7921 20.0943 19.5277 17.6565 16.7409 16.9618 17.6252 17.7582 17.6832 17.8147 18.5148 20.2621 22.3407 24.553 27.0393 29.0817 29.7601 28.4269 26.4757 23.7258 18.8267 10.6556 6.94781
24.4803 23.6035 23.0855 22.3085 21.8728 21.5935 19.9878 17.3335 14.798 12.4113 10.2187 9.47499 10.8756 8.88417 8.51836 12.3367 14.1317 15.479 16.2253 15.6441 16.2484 17.4637 19.3508 20.4746 21.4115 22.6026 22.6818 22.2442 24.6559 31.4748 36.7182 38.6727 36.9768 31.1758 25.1309 21.6732 19.6443 18.1486 18.2208 19.7226 20.5343 22.5625 22.6894 23.016 22.4733 22.5143 23.1238 23.1982 22.2811 21.4791 21.6581 22.2835 23.5297 24.214 24.4062 25.353 26.9868 27.5777 27.5388 27.9248 26.081 23.3229 20.0936 15.5118 9.14631 10.1635 17.0802
25.0485 24.9631 25.4912 24.4823 23.0998 22.4859 20.0575 17.6047 14.8441 11.1422 9.95375 9.69682 7.14322 5.21829 8.39851 12.0133 13.2256 13.0267 13.7344 16.591 20.1372 21.8781 23.1455 24.5627 25.8072 26.6144 25.5373 23.7098 23.0949 27.2539 32.9888 35.5528 35.1787 31.2475 26.0011 22.299 19.7201 18.7833 19.2211 19.979 21.8443 23.6811 24.746 25.0539 24.4175 24.2307 25.656 26.8098 26.4018 25.8827 26.0056 26.8781 27.7842 28.7826 28.8455 28.249 28.3109 27.4774 25.429 23.2169 19.2465 14.8058 9.68188 5.50628 7.31742 18.677 30.9307
25.4111 26.641 27.3764 26.8293 25.2753 24.1462 22.2316 20.0498 16.4379 12.1222 10.4011 8.87592 7.54315 7.13871 8.65654 11.0575 12.0913 14.3244 17.4672 20.7268 23.7823 25.0938 25.2628 25.8453 27.2929 26.7416 19.8277 18.3965 20.6743 23.0005 28.432 30.9943 31.6049 30.3368 27.023 24.4797 21.2484 18.8198 18.3211 18.9302 20.8208 22.4794 24.4099 25.0172 25.7459 26.8621 27.9977 29.7459 30.4198 31.0425 31.848 31.2908 30.3172 30.0083 29.2383 27.6193 25.5269 23.6414 21.0498 16.177 10.3795 4.94946 1.46126 6.05213 17.559 31.0096 40.2347
24.7815 26.7702 28.3358 28.7689 28.1892 26.9912 24.9259 22.3405 19.2283 14.5272 11.3968 9.36205 8.79678 10.181 11.6652 12.8321 16.0777 20.707 24.6007 26.3204 25.5941 25.6887 25.321 24.801 24.0711 23.209 18.8206 15.4619 17.978 19.7021 22.7439 25.0592 25.3278 27.2571 26.8195 25.3059 22.7707 18.6239 17.2023 18.7757 20.8418 22.9037 24.7473 27.809 29.8966 30.6751 31.2096 32.9477 34.5833 35.6825 35.5094 33.9917 31.6034 28.8701 27.3549 24.8067 20.9009 16.9702 12.8187 7.43935 3.05321 6.96708 12.4344 20.4998 30.8293 39.9669 44.8861
24.4794 26.1261 28.1974 29.3774 29.6002 29.0228 26.849 24.215 21.29 17.4174 13.4199 11.4143 11.1062 12.8723 16.6188 20.019 24.3394 27.6611 30.0203 29.7039 27.4766 25.7041 25.0218 23.3333 19.9521 18.6369 22.8974 16.131 13.1799 14.9467 15.2867 18.4728 21.3166 24.875 26.8579 25.7358 23.2369 19.2126 18.9242 21.898 26.3055 29.9725 30.923 33.0164 34.7432 34.1637 33.8569 34.3753 35.5662 35.7103 34.7192 33.0348 30.6365 26.7653 24.0388 21.2148 16.452 11.2427 6.91438 8.47798 14.9864 22.3746 28.3718 35.1589 41.069 45.3588 46.3834
25.6735 26.1267 27.7623 29.2924 29.4854 29.569 27.7276 24.914 21.8072 18.5111 15.6314 14.2574 14.4796 17.12 22.1894 26.6907 30.6378 32.1313 31.5823 30.0081 28.6144 26.4515 24.4424 21.5682 17.038 14.22 16.9315 14.4443 8.16768 9.07071 9.36116 14.3018 19.4902 24.0179 27.7865 29.0071 26.7072 23.6395 25.1955 29.3397 33.9212 32.5445 33.9523 35.5701 35.5256 35.5196 33.9099 32.8182 32.4939 31.576 30.4787 28.9312 27.1456 24.3997 20.1255 16.8709 15.1103 14.1466 15.9555 21.4739 29.1259 34.8145 39.2372 43.4159 45.2044 46.0341 44.3563
26.9753 27.4421 28.0411 29.5521 30.4949 29.9481 28.0631 25.3072 21.1431 17.1411 16.4068 16.8164 18.9185 22.901 27.482 30.9796 32.8887 32.6871 31.0656 29.4562 28.8587 26.6066 23.7719 20.4332 16.0179 11.6891 10.3988 10.7657 1.81807 5.33365 9.65943 14.2746 18.4483 23.9931 29.5086 33.0067 32.8465 32.7485 35.0904 35.5951 36.8788 24.207 28.5124 34.5453 33.0739 33.2703 31.5889 29.1034 27.6623 26.2722 24.2321 23.7617 23.6596 22.4645 20.5801 18.6396 18.7697 22.1517 26.0996 32.3489 37.9405 40.9554 43.1666 43.9162 43.9152 42.5443 39.4914
28.1808 28.0326 28.8796 29.8835 30.5686 30.68 29.354 26.2346 21.4627 17.0449 16.4529 18.7067 23.2286 27.62 30.8889 32.8982 32.5556 31.4615 30.5933 29.9235 29.2841 26.6381 23.2467 20.9036 16.9335 12.2586 9.59578 11.3062 8.79055 10.5179 11.9335 16.3669 18.9028 25.0932 31.4937 36.5773 39.3356 42.8012 36.6221 29.0322 30.394 31.2248 30.3614 28.1765 27.1045 26.9026 26.7122 24.6045 22.2043 20.0252 18.6383 18.9906 21.3934 22.8714 23.694 24.2622 26.5663 30.1391 34.5875 39.5571 42.0083 42.3811 41.8686 40.7108 39.8104 36.8417 33.303
30.8045 29.7939 29.7986 30.041 30.1004 30.3893 29.9217 26.7014 21.9644 19.4269 19.0199 21.603 26.1012 30.3408 32.1011 33.0151 31.8384 30.4436 29.7853 30.2484 29.6707 27.9832 24.4219 22.4455 19.5437 15.6025 13.8741 14.6504 13.5026 13.8364 15.9914 20.0781 24.0035 30.6859 29.5349 28.8629 29.9493 33.6178 30.8505 29.9866 32.1226 36.585 29.9958 20.2124 18.2281 16.7413 18.3217 19.6911 17.7515 14.6392 14.6218 16.4672 20.9695 25.9562 29.0444 30.4763 32.9372 36.7442 40.9562 43.1157 42.0546 40.0541 38.143 36.3484 33.5921 30.3696 27.5038
33.0205 32.4008 31.5039 30.8892 29.8221 29.5119 29.4229 27.1216 23.0443 21.6166 23.1274 25.3278 28.3004 31.2698 31.6398 31.3463 29.9643 28.1905 27.6815 29.151 29.9255 29.9043 27.8403 25.2259 22.6819 20.1822 18.4274 17.9128 17.5718 18.3522 22.8262 27.1092 32.1401 35.7273 31.8298 25.9204 18.9106 15.405 24.1225 39.7942 32.9953 27.5454 23.6834 14.8905 8.63863 6.37703 6.39248 8.94912 12.4588 13.5859 15.7817 19.5298 24.7173 30.0123 32.8601 35.1346 38.5332 41.6861 43.4284 41.8714 38.7722 36.1894 33.3837 30.0666 26.313 23.9472 21.7134
33.8329 34.119 33.5583 32.4003 30.0585 28.4579 28.3749 27.2517 24.7698 24.2057 26.018 28.5588 29.8134 30.4725 29.744 27.581 25.7876 24.2887 24.1164 26.9467 30.488 32.6894 31.9105 28.8242 26.2522 23.6265 21.0059 19.7304 20.5535 23.0701 27.3876 33.4359 37.0725 36.1846 36.9078 33.6926 26.8631 19.716 32.9039 35.2339 21.6927 20.0131 15.8516 12.1552 8.71092 8.59216 9.87265 11.5072 14.2309 17.813 21.255 26.3829 31.5542 34.3138 36.1005 39.0075 41.3696 43.0944 42.3812 38.1574 34.0424 30.745 27.1885 22.81 19.3796 16.941 14.9473
33.3542 34.1035 34.4159 33.1755 30.5034 28.5492 27.6318 26.876 25.8301 25.196 26.9965 28.6739 29.1346 28.2301 25.763 22.0186 19.7081 19.3947 20.8176 24.8047 31.0455 35.6801 35.9544 32.9687 29.3237 25.3604 22.1944 21.3802 23.6442 26.6074 31.1488 34.8678 35.7613 32.4958 35.9494 33.885 28.4232 21.774 33.0981 22.4269 18.7581 19.0913 17.1612 15.393 17.1048 19.1394 21.3309 23.0248 25.1315 27.1214 30.5791 34.097 36.3609 37.2312 38.926 41.1013 41.6712 41.4062 38.5671 33.4543 28.6904 24.6395 20.9641 17.1203 14.0954 12.0118 12.0202
