wasim_mod/input/grids/ASCII/fundus_25.dhk
ncols               193
nrows               326
xllcorner     39436.980
yllcorner    214976.578
cellsize        25.0198
nodata_value -9999.0000
[rows 60 to 89 of 326, columns 67 to 133 of 193]
2426.63 2433.77 2437.98 2438.5 2436.35 2431.92 2425.89 2417.66 2406.95 2393.94 2380.72 2366.72 2349.48 2333.28 2319.72 2306.67 2291.41 2273.79 2254.09 2233.21 2212.58 2194 2178.86 2166.26 2156.54 2148.99 2142.65 2138.6 2134.77 2130.14 2124.27 2118.67 2112.02 2104.79 2097.11 2088.17 2078.98 2068.51 2057.1 2043.25 2026.02 2005.71 1983.43 1956.09 1923.06 1889.05 1855.3 1824.94 1800.37 1781.55 1765.09 1749.07 1731.96 1715.45 1700.29 1685.4 1672.69 1662.38 1652.6 1644.42 1639.62 1638.75 1640.61 1647.33 1656.3 1666.46 1676.77
2446.02 2451.42 2453.9 2452.05 2447.06 2439.13 2430.68 2420.64 2407.87 2394.01 2380.66 2366.27 2347.87 2331.86 2318.31 2304.74 2289.44 2270.92 2251.22 2231.03 2211.85 2194.7 2180.81 2169.81 2160.94 2153.94 2148.08 2144.12 2140.47 2135.9 2130.23 2123.73 2116.66 2109.61 2102.72 2097.08 2089.25 2075.87 2057.69 2038.53 2018.1 1995.5 1970.83 1942.45 1911.81 1881.54 1851.82 1823.74 1801.17 1782.56 1765.19 1748.19 1730.03 1713.02 1696.46 1681.13 1668.6 1658.34 1648.89 1641.95 1638.81 1639.51 1643.56 1652.5 1663.41 1674.25 1685.23
2466.19 2469.7 2468.47 2463.94 2454.91 2444.41 2432.88 2421.1 2407.29 2392.52 2378.94 2364.96 2347.2 2331.17 2317.54 2303.81 2287.7 2268.96 2248.68 2229.76 2211.68 2195.77 2184.04 2174.96 2166.96 2160.29 2155.25 2151.4 2147.67 2142.36 2135.97 2128.22 2119.4 2110.97 2103.99 2100.6 2097.67 2080.39 2053.86 2028.72 2006.59 1983.85 1959.57 1933.39 1904.52 1876.57 1849.4 1823.77 1803.1 1784.48 1765.91 1747.83 1729.42 1711.17 1693.07 1677.08 1664.82 1654.77 1645.89 1640.57 1638.81 1640.41 1645.9 1655.76 1668.46 1680.72 1692.69
2482.66 2484.33 2480.39 2472.74 2460.64 2447.31 2433.58 2419.61 2405.12 2390.28 2376.41 2362.46 2345.58 2330.79 2317.32 2303.51 2287.36 2268.4 2247.66 2229.04 2212.13 2198.81 2189.12 2181.6 2174.67 2169.23 2164.41 2160.5 2155.94 2149.76 2141.83 2131.79 2119.41 2107.27 2098.89 2099.67 2099.46 2078.38 2044.14 2016.16 1994.43 1972.68 1950.78 1928.07 1901.1 1873.25 1847.73 1824.26 1804.46 1786.01 1767.35 1748.09 1729.01 1709.96 1691.6 1675.67 1662.75 1652.7 1645.29 1640.85 1639.68 1641.65 1647.88 1657.97 1671.72 1685.35 1698.28
2492.1 2492.41 2487.69 2477.56 2463.36 2448.11 2433.4 2418.36 2403.41 2388.42 2374.26 2359.77 2344.46 2330.43 2316.97 2303.08 2286.86 2267.68 2247.64 2229.7 2214.19 2202.37 2194.65 2189.23 2183.9 2178.8 2174.33 2170.91 2165.84 2158.54 2149.42 2135.68 2116.29 2097.86 2087.67 2092.63 2094.31 2067.95 2030.67 2005.26 1984.81 1963.6 1944.15 1923.9 1898.41 1870.75 1846.06 1824.48 1804.72 1786.41 1768.05 1748.42 1728.15 1709.31 1691.73 1675.88 1662.82 1652.74 1645.86 1642.9 1642.37 1644 1650.68 1661.26 1675.01 1689.08 1703.23
2497.11 2496.49 2491.22 2479.9 2464.58 2448.25 2433.15 2418.08 2403.34 2388.77 2374.41 2359.41 2344.3 2330.11 2315.76 2301.87 2285.53 2266.79 2247.94 2231.11 2217.07 2206.26 2200.16 2196.51 2192.36 2188.43 2185.38 2181.77 2175.84 2167.79 2158.4 2141.3 2121.51 2110.12 2095.51 2083.77 2085.63 2057.05 2019.58 1996.97 1977.39 1957.61 1939.91 1918.99 1893.47 1867.6 1843.36 1821.6 1801.73 1783.31 1764.86 1745.02 1725.58 1707.68 1692.02 1676.83 1664.47 1654.75 1648.9 1647.02 1646.98 1648.89 1656.37 1667.97 1681.1 1694.87 1709.48
2499.91 2498.53 2492.05 2480.76 2465.12 2448.88 2433.16 2418.25 2404.46 2391.08 2376.62 2360.63 2345.2 2330.27 2315.31 2300.31 2283.84 2266.14 2249.05 2233.59 2220.73 2211.13 2206.07 2203.87 2201.14 2198.36 2196.3 2192.06 2185.4 2176.42 2167.01 2149.87 2129.89 2122.06 2101.7 2076.29 2078.33 2050.13 2013.92 1992.14 1973.89 1954.54 1935.21 1911.61 1887.14 1863.06 1839.06 1816.72 1796.59 1778.5 1760.54 1741.48 1722.99 1705.99 1690.63 1676.95 1666.52 1658.74 1653.97 1652.99 1653.37 1656.84 1664.88 1676.73 1689.86 1703.14 1717.74
2500.56 2499 2492.03 2480.36 2465.6 2449.83 2433.98 2419.19 2406.09 2394.11 2379.49 2362.21 2346.43 2331.37 2315.31 2299.04 2282.65 2266.24 2251.72 2237.55 2226.21 2217.7 2213.45 2212.13 2210.71 2209.09 2207.08 2201.97 2194.64 2185.06 2175.34 2160.57 2137.6 2126.63 2103.49 2074.39 2073.72 2049.68 2014.68 1992.67 1974.74 1953.55 1930.18 1904.39 1881.23 1858.68 1835.28 1812.96 1792.19 1774.77 1757.33 1738.97 1721.59 1704.98 1689.6 1676.92 1668.26 1662.35 1659.8 1659.33 1660.72 1666.29 1675.56 1687.5 1700.31 1713.83 1728.64
2499.39 2497.95 2490.95 2479.88 2466.64 2451.17 2435.67 2421.3 2408.98 2397.29 2381.92 2364.13 2347.69 2331.86 2314.72 2298.12 2282.68 2268.35 2255.25 2243.75 2233.9 2226.56 2223.46 2222.21 2221.07 2220.53 2218.5 2212.07 2203.52 2193.95 2183.8 2171.98 2145.83 2126.16 2103.39 2074.92 2071.12 2051.56 2020.21 1997.2 1976.82 1952.98 1924.66 1898.46 1876.07 1854.69 1832.32 1810.42 1789.9 1772.3 1755.48 1738.18 1721.07 1704.52 1689.43 1677.21 1669.5 1665.28 1665.18 1665.98 1668.8 1675.8 1686.98 1699.65 1712.36 1725.91 1740.95
2497.4 2496.32 2489.52 2479.44 2467.87 2453.95 2439.33 2425.41 2412.56 2399.09 2382.72 2363.96 2347.38 2331.4 2314.75 2298.45 2283.5 2271.19 2259.98 2250.19 2242.35 2237.59 2235.25 2233.58 2233.26 2232.24 2228.92 2221.77 2211.31 2201.08 2191.97 2182.15 2161.91 2129.78 2099.06 2078.86 2067.84 2051.42 2025.57 2000.61 1975.63 1948.24 1919.31 1893.26 1870.96 1850.36 1829.09 1808.07 1788.38 1770.44 1754.13 1738.09 1720.68 1704.09 1689.6 1677.39 1670.08 1667.45 1669.05 1672.22 1677.03 1684.94 1697.26 1711.43 1724.5 1738.47 1753.27
2495.16 2494.95 2488.01 2479.17 2469.11 2456.58 2443.14 2429.42 2415.78 2401.04 2382.73 2364.28 2346.86 2330.55 2315.09 2299.39 2285.51 2274.16 2264.65 2256.8 2251.67 2248.54 2246.79 2245.34 2244.7 2243.55 2238.65 2229.51 2217.56 2206.56 2196.3 2186.34 2167.22 2138.19 2107.34 2081.09 2062.08 2044.31 2022.77 1996.68 1969.4 1941.38 1913.77 1888.75 1866.83 1846.06 1824.56 1804.25 1785.25 1767.66 1752.14 1736.64 1720.03 1703.53 1688.6 1676.91 1670.22 1668.52 1671.19 1677.02 1684.67 1693.71 1705.94 1720.7 1735.11 1749.97 1764.46
2492.38 2493.93 2486.77 2478.98 2469.72 2458.29 2445.73 2431.97 2417.75 2401.87 2383.14 2364.65 2347.06 2330.84 2315.82 2300.74 2287.76 2277.63 2269.59 2263.52 2260.79 2258.8 2257.73 2256.46 2255.17 2253.03 2245.83 2234.71 2221.6 2207.68 2196.22 2182.19 2162.18 2136.58 2107.18 2078.48 2055.5 2035.52 2013.69 1987.96 1961.13 1934.24 1907.72 1883.55 1862.26 1841.94 1820.84 1800.02 1781.72 1765.13 1749.71 1734.28 1718.17 1702.41 1688.41 1677.71 1671.24 1670.43 1674.83 1681.88 1691.37 1702.18 1714.15 1728.72 1743.73 1758.42 1772.73
2488.79 2492.47 2486.1 2478.25 2469.67 2458.74 2446.58 2432.83 2418.29 2401.92 2383.61 2365.37 2348.05 2332.58 2317.17 2302.56 2290.51 2281.69 2274.95 2270.52 2269.34 2268.51 2267.77 2266.35 2263.89 2259.65 2250.46 2237.47 2222.72 2206.95 2190.63 2172.03 2150.33 2127.53 2100.34 2073.51 2049.79 2028.51 2005.44 1979.56 1952.56 1927.12 1901.57 1878.18 1857.15 1836.87 1816.69 1796.09 1777.5 1761.44 1746.45 1731.55 1716 1701.4 1688.56 1679.34 1673.71 1674.1 1679.26 1688.08 1699.21 1710.61 1723.13 1738.16 1752.7 1765.84 1779.03
2486.46 2491.54 2485.25 2477.86 2469.56 2458.56 2446.11 2433.04 2418.27 2401.64 2383.46 2366.79 2350.18 2334.47 2319.39 2305.7 2294.75 2286.51 2280.87 2277.68 2277.43 2277.32 2276.49 2274.23 2270.3 2263.39 2252.54 2238.26 2221.38 2201.26 2180.74 2159.4 2137.16 2115.61 2091.89 2068.26 2045.56 2023.94 1999.99 1973.13 1945.1 1919.71 1895.34 1872.15 1850.87 1830.99 1811.65 1792.39 1773.42 1757.15 1742.23 1727.88 1713.55 1699.89 1688.6 1680.69 1677.1 1679.26 1685.24 1695.36 1708.24 1720.81 1733.77 1747.9 1761.58 1773.76 1786.35
2486.29 2491.19 2485.71 2478.48 2469.57 2458.62 2446.79 2433.18 2417.49 2401.23 2384.61 2369.07 2353.04 2337.11 2322.96 2310.36 2299.6 2291.82 2286.82 2285.04 2284.08 2283.22 2282.75 2279.44 2274.25 2264.68 2251.02 2234.96 2215.49 2193.26 2170.29 2148.59 2126.28 2104.98 2084.4 2063.14 2042.22 2020.49 1995.84 1968.46 1938.99 1912.29 1888.7 1865.14 1844.09 1825.05 1807.14 1788.73 1770.14 1753.04 1737.54 1723.4 1710.39 1698.13 1688.4 1682.02 1681.39 1685.46 1693.06 1704.22 1718.42 1732.56 1745.93 1758.42 1770.61 1782.16 1794.31
2486.92 2489.94 2485.97 2478.69 2468.99 2457.89 2446.3 2432.91 2417.18 2400.88 2385.86 2371.42 2356.32 2340.72 2326.52 2315.05 2305.22 2297.79 2290.85 2285.47 2282.8 2281.7 2283.19 2283.23 2274.7 2262.37 2247.15 2229.43 2208.06 2184.99 2160.69 2143.69 2118.81 2096.71 2076.97 2057.84 2039.21 2017.92 1993.01 1964.59 1934.61 1906.14 1881.58 1859.44 1839.42 1821.86 1804.56 1786.83 1767.22 1748.96 1733.33 1719.21 1706.82 1696.32 1688.53 1684.59 1686.32 1692.34 1702.35 1714.61 1729.42 1745.07 1758.91 1770.26 1780.71 1790.94 1802.59
2488.84 2489.23 2486.22 2478.94 2468.28 2456.68 2444.71 2431.62 2416.25 2400.84 2386.83 2373.34 2359.46 2344.84 2331.34 2320.06 2311.01 2302.58 2293.05 2284.49 2279.8 2278.3 2278.89 2280.72 2273.02 2259.36 2242.49 2222.41 2200.01 2176.46 2159.73 2137.7 2110.31 2089.8 2071 2053.17 2036.88 2015.93 1990.17 1960.79 1930.9 1902.86 1877.99 1856.46 1837.45 1820.71 1803.01 1784.47 1763.94 1745.59 1729.6 1715.63 1703.51 1693.82 1688.73 1687.33 1691.36 1700.33 1711.59 1724.93 1741.42 1758.29 1771.97 1783.08 1792.68 1800.75 1811.73
2491.99 2491.64 2487.55 2479.58 2468.08 2455.52 2442.71 2429.27 2414.33 2400.58 2387.03 2374.31 2361.88 2349.25 2336.78 2324.5 2314.01 2303.51 2292.45 2281.15 2274.96 2272.61 2270.48 2272.69 2267.04 2254.13 2237.58 2215.39 2192.33 2169.69 2156 2130.85 2101.8 2084.47 2065.99 2048.54 2033.11 2012.48 1986.23 1956.8 1928.43 1902.83 1879.08 1857.04 1837.63 1819.91 1801.46 1781.59 1761.09 1742.08 1726.25 1712.3 1700.55 1692.4 1689.1 1690.16 1696.21 1707.4 1721.37 1736.35 1752.94 1769.45 1784.25 1795.76 1804.55 1812.15 1822.44
2496.92 2495.11 2489.61 2479.52 2467.66 2454.35 2440.56 2426.04 2411.13 2398.08 2385.51 2374.02 2362.74 2352.58 2340.71 2326.07 2313.62 2298.97 2285 2274.4 2266.87 2263.21 2259.29 2261.71 2256.31 2244.71 2230.98 2207.89 2183.79 2163.1 2143.72 2122.71 2097.93 2080.64 2061.65 2042.84 2026.97 2006.02 1980.3 1952.11 1926.29 1903.02 1880.45 1858.01 1838.07 1819.16 1800 1779.32 1758.73 1739.65 1722.98 1709.43 1699.19 1692.33 1690.16 1694.05 1702.36 1715.22 1731.26 1748.12 1764.77 1780.59 1795.6 1807.89 1816.95 1825.01 1835.8
2502.42 2498.49 2490.32 2478.69 2464.18 2449.59 2435.01 2420.8 2406.41 2393.41 2380.89 2368.75 2358.52 2349.49 2338.26 2322.19 2307.76 2293.56 2273.1 2264.23 2257.6 2251.54 2247.82 2250.62 2239.38 2230.42 2219.32 2197.53 2171.61 2151.37 2135.3 2114.1 2098.1 2077.95 2057.28 2035.66 2017.58 1996.95 1972.07 1946.24 1922.95 1900.59 1878.86 1857.48 1837.25 1818.25 1798.55 1777.53 1756.53 1737.85 1720.88 1707.84 1699.56 1694.16 1693.98 1699.81 1710.26 1724.36 1741.62 1760.02 1776.92 1792.27 1806.54 1819.55 1830.13 1839.43 1850.58
2505.31 2498.47 2488.55 2473.72 2457.13 2441.27 2426.12 2412.48 2398.28 2384.99 2371.71 2359.22 2348.93 2340.09 2327.86 2311.94 2295.62 2281.77 2269.7 2250.86 2238.03 2232.31 2238.16 2229.71 2219.29 2212.01 2203.04 2184.35 2161.91 2144.95 2131.02 2114 2095.13 2074.88 2051 2026.46 2005.89 1985.12 1961.64 1938.57 1917.19 1895.88 1875.89 1855.62 1835.48 1816.33 1796.4 1774.44 1753.99 1735.67 1720.08 1708.56 1701.85 1698.53 1700.08 1707.43 1719.22 1734.58 1752.85 1771.56 1788.64 1803.77 1817.62 1831.03 1843.46 1854.45 1865.57
2505.63 2495.58 2481.71 2464.68 2447.31 2431.01 2415.73 2402.44 2388.76 2374.12 2359.79 2346.94 2336.45 2325.85 2312.84 2296.91 2278.7 2263.85 2254.16 2237.99 2226.1 2218.65 2217.17 2206.22 2197.13 2190.69 2184.01 2171.42 2155.37 2142.62 2130.08 2113.17 2092.12 2069.61 2042.42 2016.01 1994.36 1973.33 1951.52 1929.76 1910.26 1890.36 1872.4 1853.32 1833.36 1813.84 1792.59 1771.18 1751.72 1734.27 1719.93 1710.29 1705.59 1704.21 1706.95 1715.03 1727.6 1743.98 1762.45 1781.32 1797.98 1813.93 1828.21 1841.83 1855.71 1867.89 1879.28
2501.51 2487.4 2471.16 2453.5 2436.37 2420.53 2405.93 2392.46 2379.18 2363.09 2347.42 2334.01 2322.55 2309.89 2296 2279.26 2259.87 2243.56 2230.94 2220.37 2211.05 2202.22 2192.22 2183.08 2175.36 2169.65 2164.41 2157.23 2148.09 2138.99 2127.28 2109.47 2087.9 2063.31 2034.16 2006.18 1983.23 1962.67 1941.55 1920.55 1901.86 1884.77 1868.01 1849.14 1829.26 1809.37 1787.96 1767.34 1748.91 1732.99 1720.23 1712.81 1708.52 1708.54 1712.23 1721.18 1734.71 1751.37 1770.51 1788.98 1806.36 1822.19 1836.79 1851.34 1866.23 1878.96 1890.2
2491.5 2475.71 2459.22 2442.26 2426.34 2411.52 2397.85 2384.29 2369.94 2354.1 2337.16 2322.84 2308.35 2294.98 2279.47 2261.94 2241.82 2224.8 2211.01 2198.04 2187.83 2179 2170.65 2162.56 2156.26 2150.85 2146.19 2142.08 2137.5 2130.62 2119.32 2102.2 2081.85 2057.38 2026.81 1997.37 1973.45 1952.97 1932.1 1911.75 1893.7 1877.89 1862.16 1843.81 1823.85 1803.72 1782.61 1762.62 1745.4 1730.96 1719.99 1713.32 1709.93 1711.03 1716.72 1726.64 1740.8 1757.98 1777.04 1795.58 1812.75 1828.33 1843.4 1858.39 1873.5 1886.38 1898.07
2479.05 2463.09 2446.49 2431.16 2417.28 2403.78 2390.99 2377.86 2364.19 2347.71 2330.25 2313.39 2296.87 2282.61 2266.3 2247.26 2227.18 2209.34 2194.64 2180.94 2169.57 2160.49 2152.36 2145.98 2140.5 2135.42 2130.66 2127.15 2123.36 2117.24 2106.75 2092.01 2073.89 2051.59 2021.31 1989.82 1965.51 1944.06 1923.17 1903.87 1886.53 1870.44 1855.24 1837.78 1817.92 1797.69 1777.13 1757.78 1741.3 1728.21 1719.04 1713 1710.45 1712.51 1720.06 1730.8 1745.51 1762.97 1781.53 1800.3 1817.1 1833.24 1848.39 1862.92 1877.73 1891.09 1902.87
2466.25 2451.47 2436.51 2422.75 2410.21 2398.37 2386.16 2374.03 2361.31 2344.43 2325.12 2307.46 2290.85 2274.25 2256.07 2235.92 2216.14 2199.07 2183.53 2169.36 2157.46 2148.03 2139.9 2133.59 2127.88 2122.28 2117.45 2113.78 2109.59 2103.31 2093.48 2079.93 2064.29 2045.14 2017.84 1986.1 1958.38 1935.76 1914.9 1896.91 1880.24 1864.11 1848.34 1831.1 1811.58 1791.73 1771.85 1753.18 1737.46 1725.4 1717.79 1712.14 1711.04 1714.07 1722.15 1733.22 1748.53 1765.87 1784.21 1802.9 1819.88 1836.84 1852.11 1865.52 1879.85 1893.39 1905.23
2454.76 2441.9 2429.24 2417.56 2405.99 2395.78 2384.15 2372.63 2359.3 2341.88 2323.37 2307.28 2289.26 2269.79 2249.94 2228.94 2210.27 2193.26 2177.06 2162.1 2149.7 2140.77 2132.82 2125.98 2118.89 2112.88 2108.04 2103.61 2099.47 2092.41 2081.65 2067.76 2053.26 2035.58 2010.14 1979.28 1950.31 1927.78 1907.87 1890.97 1874.57 1858.14 1841.79 1823.44 1804.75 1785.82 1766.97 1748.92 1734.25 1723.74 1716.48 1712.24 1711.92 1715.61 1723.15 1734.61 1750.09 1767.71 1786.34 1805.01 1822.15 1839.29 1854.01 1867.36 1880.87 1893.51 1905.99
2445.45 2435.08 2424.97 2415.19 2405.28 2395.21 2383.98 2371.95 2357.23 2339.85 2323.34 2307.45 2288.52 2267.37 2247.19 2227.83 2208.88 2191.83 2175.55 2160.97 2148.49 2138.04 2129.33 2121.78 2114.14 2107.9 2102.86 2098.63 2093.55 2085.28 2072.95 2057.39 2041.49 2022.85 1996.21 1965.88 1939.8 1919.27 1901.31 1884.89 1868.56 1852.02 1835.58 1817.11 1798.42 1780.67 1762.77 1746.32 1732.18 1722.61 1716.4 1712.81 1712.61 1715.75 1723.13 1735.21 1751.08 1769.33 1788.38 1806.55 1824.14 1841.52 1855.79 1868.16 1880.38 1892.83 1905.9
2439.18 2431.54 2423.69 2414.79 2405.57 2395.2 2384.23 2370.88 2355.16 2338.61 2323.01 2306.5 2287.18 2266.26 2247.04 2228.9 2211.04 2193.93 2176.93 2161.93 2149.1 2138.54 2129 2120.69 2113.5 2107.13 2101.95 2097.9 2091.89 2081.78 2067.11 2049.73 2030.85 2008.91 1980.61 1951.91 1930.06 1911.94 1894.92 1879.17 1862.81 1846.31 1829.84 1811.86 1793.74 1776.73 1760.55 1745.71 1732.79 1723.71 1717.91 1714.57 1713.87 1716.17 1723.3 1735.88 1751.98 1770.28 1789.95 1808.34 1826.09 1842.78 1856.35 1868.97 1880.75 1892.79 1906.24
2437.52 2431.07 2423.75 2414.94 2404.75 2394.18 2383.08 2369.61 2353.89 2337.72 2321.38 2304.04 2286.02 2267.12 2249.23 2232.76 2215.99 2199.25 2183.24 2167.79 2154.76 2142.47 2132.5 2123.6 2116.23 2109.88 2104.62 2099.85 2093.22 2080.72 2063.83 2044.68 2022.1 1996.41 1968.64 1943.49 1923.83 1906.22 1888.88 1873.57 1857.95 1841.76 1825.38 1808.16 1790.82 1774.82 1760.45 1746.87 1735.68 1727.23 1721.78 1717.89 1716.25 1717.97 1724.64 1736.76 1752.91 1771.93 1791.9 1810.77 1828.44 1843.88 1857.36 1870.16 1881.6 1893.17 1906.89
