wasim_mod/input/grids/ASCII/fundus_25.slp
ncols               193
nrows               326
xllcorner     39436.980
yllcorner    214976.578
cellsize        25.0198
nodata_value -9999.0000
[rows 60 to 89 of 326, columns 67 to 133 of 193]
39.4996 36.6864 33.4282 29.5138 25.7482 21.5951 20.5905 22.4254 25.6355 27.7018 28.5579 31.977 33.8987 30.9505 28.2179 29.7826 33.5376 37.0796 39.3644 39.8817 38.1284 33.982 29.1256 24.6512 20.6157 18.4037 16.0249 14.3595 14.9239 16.9191 18.1226 17.9114 19.0371 20.3304 22.7387 26.2935 28.3219 26.9398 26.9177 32.2099 37.8938 42.4318 47.7791 53.0956 55.0652 54.328 52.2512 47.7191 40.931 35.1856 32.9961 33.5807 34.138 32.8061 31.882 29.9956 25.919 22.9025 20.6927 15.0747 6.56753 2.97 12.2064 21.2263 25.7119 27.6398 29.9805
39.9128 36.3194 31.3601 27.7646 24.3194 22.3745 21.5555 24.7493 28.0228 28.5689 29.0522 33.2737 34.5731 30.6356 28.5339 30.1038 34.2126 37.5916 38.8155 38.3013 35.989 31.8534 26.9334 23.4359 20.7769 18.8865 17.7052 16.5724 16.9976 17.6727 18.6428 18.3461 17.661 16.9474 15.9428 20.1172 29.4641 33.9762 36.8337 40.1233 43.3355 46.1446 49.2963 51.6444 51.835 50.7633 49.263 45.3549 39.5142 35.8072 34.4912 35.1102 35.1713 34.0705 33.1616 30.159 25.7262 22.8908 19.4902 12.1686 3.0165 5.74206 15.6579 23.3149 26.4721 27.5157 29.5998
37.4127 33.3952 28.4467 26.306 25.425 25.1558 25.1462 27.1036 29.8466 29.7452 29.1298 32.5725 34.0907 30.6728 28.684 30.8303 34.9031 38.0043 38.1887 36.5193 34.1877 29.1805 24.123 22.5264 21.8773 21.0505 20.3833 19.8339 19.7008 19.9243 20.0774 20.2155 19.2431 17.301 12.4575 7.77252 24.3466 41.2488 46.8698 46.2632 45.3928 46.2462 47.3368 48.6692 49.1262 48.0846 46.6231 42.7789 38.2355 36.7377 36.2672 36.1005 36.2377 36.0919 34.5338 29.8989 24.7458 21.5408 16.3176 8.35916 1.01273 8.62269 17.6757 24.8868 27.7319 28.0401 29.1347
28.4331 24.5178 24.1575 25.615 28.1699 28.6257 28.9715 29.7427 30.5935 30.0953 29.4131 31.9962 32.4262 29.4641 28.6031 30.9175 35.063 38.4421 38.1974 35.3762 31.2242 25.5652 22.0003 22.0899 22.7426 22.9251 22.7491 23.0278 22.8702 23.2204 24.1593 25.2767 26.2865 25.9486 19.7874 9.07268 23.303 48.5712 52.9984 47.687 44.1815 43.8788 43.3273 45.3068 47.7863 47.0136 44.4592 40.8543 37.4189 36.5981 37.1987 37.4623 37.3226 36.816 34.4415 29.9867 24.7391 19.355 13.3229 6.92164 4.38185 10.1421 18.7699 26.0557 29.3624 29.0939 29.2533
16.895 14.4934 20.1683 26.8772 30.7009 30.9226 30.7353 30.9682 30.9379 30.2558 29.8531 30.9064 30.4085 28.7902 28.6986 31.0737 35.3133 38.1122 37.1992 33.8121 29.0309 22.6806 18.9305 20.1699 22.313 23.2055 24.1204 24.5923 25.0917 25.9821 29.4329 34.5595 37.1243 29.8894 7.0938 19.0007 29.4825 53.2943 53.38 44.8125 41.9711 40.9113 39.4398 42.9815 47.0181 46.4583 42.8854 39.6199 37.3346 36.3085 37.2649 38.6502 38.1171 36.1014 33.7479 30.0368 24.8776 18.8498 11.8301 8.06296 8.3923 12.4214 21.0266 27.7301 30.4006 30.7602 31.1069
9.25059 9.63398 18.9216 28.2003 32.3532 32.1409 31.0875 30.7835 30.3751 30.1388 30.4823 31.0465 30.3583 29.6986 29.4806 31.2432 35.1317 36.9372 35.5113 31.8729 27.1814 20.8361 16.7037 18.3405 20.8313 22.5402 24.6448 24.8759 25.6626 26.5258 32.4344 38.3043 34.2078 35.3682 30.8193 20.8864 31.8892 53.8164 51.2604 41.4431 39.2244 37.6171 38.3862 43.8313 46.4351 45.3737 42.9184 40.2403 38.0343 37.001 37.9462 38.5596 36.9907 33.9777 31.6707 28.8539 24.1039 18.4413 12.6203 11.5993 12.5702 17.635 25.422 30.2396 31.5519 32.3312 33.7266
4.01741 9.36312 19.5697 28.2914 32.5144 32.598 31.4807 29.8547 28.6232 29.5315 31.6718 32.2271 31.3083 30.8733 30.9129 32.2699 34.4222 34.8123 33.2189 30.1309 25.8544 20.3857 16.8375 18.1248 20.9509 22.9796 24.3024 24.641 26.0453 26.7553 32.1854 39.8894 32.7036 33.1388 42.8759 26.7135 29.8739 52.3371 49.3098 38.8191 36.9896 37.8556 41.3375 45.1135 45.0169 44.3403 43.2298 40.8963 38.2108 36.515 37.0515 37.2379 35.5157 32.9809 30.2145 25.7258 20.3906 16.3414 13.8354 13.8363 15.9159 22.6322 28.9131 32.361 33.1299 33.9716 35.5868
0.737341 9.69589 20.4631 27.8552 31.4196 32.3566 31.5653 29.2785 26.9886 28.629 32.872 33.5989 31.7291 31.9112 32.8704 33.1908 33.2605 31.7859 30.395 28.7554 25.4571 21.8082 20.0478 20.3334 21.9442 24.1775 24.9812 25.214 26.3493 27.5214 30.6843 41.1567 36.8459 34.4723 46.2474 30.7763 27.2213 49.7252 48.8972 38.8184 38.0954 41.7023 45.1369 45.3675 43.225 43.0266 42.7241 41.0322 37.7691 35.2825 35.8498 35.6508 34.2292 32.6179 29.3041 23.0979 16.5519 12.0623 13.0622 14.5873 18.6894 25.6952 31.4724 33.9847 34.6884 35.9929 37.2255
3.63439 10.0354 20.031 25.9274 29.922 31.9791 31.2336 28.7081 26.4244 28.8044 33.6563 34.4092 32.8287 33.38 33.9941 32.6356 30.7599 29.1186 27.4106 26.3736 25.2307 24.176 23.9529 23.3313 24.3179 24.9607 25.082 26.3893 26.1993 26.9187 28.8393 41.114 46.0287 40.38 45.7857 33.0659 25.7056 45.5108 47.931 41.3966 41.4728 46.3361 48.0095 44.8904 41.9385 41.6684 41.7745 40.4755 37.4374 34.7327 34.4054 34.5233 33.9371 32.3153 28.6243 21.7222 13.559 7.60785 10.5024 14.9793 20.8299 27.4962 32.7969 34.8803 35.5081 37.0257 38.1704
5.34193 9.56446 18.9019 23.4072 27.1026 30.1354 30.522 29.2072 28.5131 31.0067 35.0778 35.2316 33.06 33.1287 33.3657 32.0062 28.7094 25.8342 24.6926 23.6698 23.5249 24.7781 25.3174 24.8887 25.3133 25.0862 24.4083 26.3489 26.5505 24.7683 24.3866 33.6538 48.5051 51.9753 45.5855 32.4553 30.0005 40.5988 45.474 44.9444 46.5879 48.9695 48.2416 44.5824 41.2502 40.5081 40.6705 39.4491 37.1521 34.6332 33.0208 33.7896 34.2071 31.8578 28.0948 21.3126 11.2639 3.88676 8.71752 15.2284 22.1192 28.3668 33.0644 34.5266 35.2292 36.8515 37.8258
7.65061 8.56758 17.7501 20.6971 24.3682 27.7529 29.1457 29.3474 29.9658 33.5368 36.3035 35.6391 33.9838 32.4154 31.9261 30.6638 27.0823 23.571 21.63 20.3961 21.9883 23.506 24.4072 24.6617 23.7164 23.3984 23.7126 26.3111 26.6853 23.9826 22.4362 30.1627 43.898 50.2962 49.0543 42.1298 37.7859 40.2781 44.4507 47.6252 48.8048 48.9016 47.1223 43.7687 41.0448 40.7391 40.4194 38.7255 36.621 33.8272 32.0536 32.8703 33.5672 32.1699 28.0357 20.1716 9.60697 3.58376 11.608 18.3361 23.7369 28.6855 32.4678 34.1234 34.9875 35.3445 35.6961
11.1081 6.98815 16.7618 18.841 22.4711 25.7043 27.9441 29.3923 31.1155 34.6785 36.6501 35.805 34.0618 32.031 31.0883 29.4371 25.2918 21.4577 19.2447 18.0422 20.0776 21.986 22.8733 22.9271 21.2845 20.4033 23.5375 27.0068 28.8076 26.8969 27.5577 36.4247 44.1855 48.2291 49.4669 46.2285 41.7636 41.7716 45.3298 47.8474 48.368 47.849 46.1762 43.0061 40.489 40.2938 40.4433 38.6111 35.536 33.0906 32.084 32.5564 32.6991 30.8055 26.2715 19.1137 9.16495 7.55312 15.6391 21.6841 26.5194 29.5463 32.2893 34.4668 34.5985 33.4505 33.676
13.0088 4.11294 15.9496 18.2166 21.301 24.7716 27.3771 29.4993 31.7078 34.7245 36.1461 35.448 33.3546 31.8553 31.1384 28.4541 23.742 19.6989 17.6013 16.9288 18.5184 20.3768 20.6755 19.9755 18.2982 18.7246 24.8482 29.2 31.3804 33.1847 37.356 42.7755 45.5735 47.2909 48.2894 45.8645 42.644 42.4901 45.4495 47.6622 47.6182 46.6564 45.2519 42.5041 40.5752 39.9512 39.8751 38.5858 35.4524 32.6466 31.6225 31.8739 31.3646 28.8404 23.7912 16.8402 8.92806 11.7731 19.2046 25.6951 29.3567 31.2117 34.0552 35.1592 33.3531 31.3403 32.7186
12.8315 2.01597 15.296 17.4106 21.0917 25.1094 27.0222 29.0918 32.1169 34.8297 34.8662 33.7893 33.1663 31.879 30.3905 27.316 22.9937 18.9523 16.4704 16.6048 16.4178 16.4132 16.9966 16.1385 16.6811 20.248 26.6715 31.9941 36.9943 40.5964 42.9248 44.6801 44.9541 45.3052 44.9551 43.4942 41.9405 42.7588 45.9399 48.2177 47.7642 46.0582 44.5563 42.8032 40.793 39.3037 38.4723 37.8838 35.7327 32.8429 31.4432 30.7881 29.7039 26.6965 20.9924 13.2776 8.87323 15.6042 22.9655 29.3149 32.5061 33.9344 35.283 34.5124 32.1547 30.6591 32.5942
12.8549 1.94805 14.2736 17.8988 21.6554 24.4863 26.9495 30.3508 32.5731 33.315 32.8008 32.5236 33.0389 31.5484 28.9532 26.6948 23.05 18.8115 13.556 9.37086 6.46482 5.2266 8.73981 13.8955 17.108 24.9233 31.1159 36.1906 41.1801 43.8315 44.3771 43.0411 43.396 42.5588 41.5958 40.9668 40.7521 43.0651 46.3724 48.9625 48.7907 46.1494 44.4668 42.8297 39.8011 37.2574 36.4839 36.7861 35.9014 33.8904 31.735 29.6643 27.5917 23.9989 17.8458 9.10762 11.1258 19.3058 26.9038 32.4672 35.262 36.2413 35.7822 33.6448 31.3534 30.3265 32.4915
10.7161 2.4923 12.6833 18.7501 22.6103 24.47 26.6078 30.2326 32.6425 32.0445 30.5577 30.8148 32.0788 31.6014 28.3529 25.0666 22.4642 19.7357 15.4239 9.16002 6.50267 5.6328 4.74353 9.73617 22.665 29.2809 34.2155 39.3672 43.2417 45.1265 40.4277 40.8522 44.7589 41.6521 39.4081 37.9707 38.8297 42.8537 46.9839 49.6505 49.7012 47.1069 43.7559 40.7022 37.3305 35.0699 35.1798 36.9084 37.4837 34.7388 31.6056 28.9017 25.5317 20.5822 13.1978 6.55676 14.1633 23.6031 30.0691 34.2601 37.3349 38.0296 35.9056 33.3355 31.1495 29.8457 32.2486
8.0675 3.57154 11.7526 19.7459 23.9996 25.333 26.8354 29.8292 31.7055 30.454 28.8135 28.8112 30.126 30.4231 28.1903 24.1336 21.3557 20.6403 19.9472 15.563 11.2892 10.3461 14.497 13.5551 24.3932 32.2908 37.3358 41.7997 44.1449 40.731 37.9627 45.5786 45.4492 39.4469 37.3871 35.2502 37.0209 43.2215 47.9901 50.0684 49.3401 46.653 42.8801 39.062 35.5772 34.5807 36.0123 38.2301 38.188 34.9879 31.6005 28.3408 24.3947 16.992 7.41797 7.01767 18.0782 26.7483 31.8575 36.4142 39.2043 37.9931 35.3147 33.2845 30.6689 29.6715 32.4206
9.74208 8.37635 14.0549 21.2692 25.6866 26.9822 27.9727 30.0282 30.2167 28.7382 27.7285 26.6927 26.7972 27.6953 27.8729 25.2028 22.9137 23.5985 25.4042 21.9749 17.2059 17.4621 21.3898 21.11 26.523 33.3254 38.9255 43.5221 44.1008 37.7241 40.0147 48.3362 43.8106 36.4524 36.5734 34.5569 36.7725 43.7581 48.4942 49.4319 47.268 44.6027 42.5019 39.6561 36.5797 35.8854 37.5298 39.1214 38.5342 35.2334 31.3687 27.8487 22.1438 12.9935 3.04007 11.0623 22.229 30.2959 34.9708 38.0545 38.9902 37.5309 35.2494 32.6447 30.3384 31.064 34.1873
11.7779 11.3209 17.5592 23.7023 26.9762 29.0032 30.3834 31.4671 30.1455 27.998 26.392 25.0988 23.4458 23.7628 27.9507 28.5167 29.0648 31.1961 32.0053 26.3622 22.4283 24.1079 24.41 23.9914 32.9763 34.7359 39.3974 45.2377 44.6026 41.3636 42.2078 44.2565 40.1637 36.3769 37.7827 36.4757 38.6105 44.5071 48.084 47.7207 44.6285 42.5261 41.9713 40.2638 37.8265 37.29 38.6001 39.6495 38.5895 35.7319 31.5242 25.8134 18.8963 10.4175 5.90361 17.2682 26.9196 33.8082 37.6696 39.3478 38.8919 37.4712 35.1579 32.5705 31.5965 33.5307 36.5597
10.1854 14.0877 21.6162 28.151 31.7343 32.5729 32.7677 32.3148 31.1577 29.8202 29.4546 28.1925 25.3429 25.4374 31.0893 33.8913 34.052 37.7129 33.4685 29.3902 32.1974 32.9312 22.9122 33.4792 40.1237 37.4753 40.7753 46.754 45.5912 39.05 38.198 37.3623 35.9269 39.4829 41.0727 40.6378 41.3754 45.0229 47.1981 45.5176 42.9298 41.7515 40.9031 39.7913 38.1562 37.7919 39.2464 40.2105 38.6112 35.6353 31.0698 23.0942 15.5626 9.4639 12.8516 22.8371 30.7596 36.3719 39.7967 40.258 38.7234 36.9301 35.0155 33.4395 33.5124 35.6158 37.582
11.9266 18.7752 27.6403 34.5085 36.1624 35.8454 34.7003 33.6817 33.1385 33.2712 33.6475 32.2211 30.271 32.327 37.1613 39.3086 39.9335 38.2356 35.9215 39.4172 36.1498 33.3164 31.5798 43.9531 42.4719 40.6235 41.872 44.2332 40.4191 32.6841 32.0978 35.6585 38.3392 41.9083 45.3467 44.5176 43.4572 45.0685 45.4795 43.4523 41.6696 40.3741 39.175 39.0707 38.2741 38.1651 40.2168 40.5958 37.98 34.2717 28.4623 20.1828 13.1635 11.5263 17.4505 26.0442 32.7729 37.8858 40.3043 39.7711 37.5627 35.868 34.835 34.2876 34.7253 35.7619 36.9019
19.5817 27.7771 35.321 38.5694 38.3257 37.054 34.9585 33.8709 34.3189 35.9702 36.0722 34.4722 34.0172 37.4546 40.7007 43.3638 44.2186 42.2242 42.9585 39.6274 33.5599 32.0979 43.5638 45.406 42.958 41.5475 40.7847 38.2464 32.5531 27.4404 30.6792 37.3791 41.4257 45.5609 48.3101 46.1906 43.9999 44.0256 43.7954 41.9795 40.1937 38.2559 37.1177 38.339 38.6146 39.5752 40.9922 39.6582 36.6703 32.5195 25.6051 16.6412 10.2242 11.4134 18.011 26.3716 33.2709 37.7062 39.5382 38.3365 36.5637 35.2769 34.0778 34.3408 34.6669 34.1979 34.7814
30.0305 35.9401 39.1108 39.5945 37.9847 35.8417 33.6275 32.8629 34.8802 36.8799 36.3671 34.6861 36.5036 39.1351 42.1517 45.1384 45.7285 44.1633 44.3908 41.7279 40.2462 41.2568 45.1507 43.0853 40.6862 39.5462 38.5027 33.859 27.0351 25.6438 32.1247 39.2469 43.381 47.7628 49.8049 47.3034 43.971 42.8306 42.8272 41.0563 38.2348 35.788 36.5332 38.5677 39.2549 40.3567 40.8037 38.6217 34.9142 29.9829 21.9633 13.5889 6.93725 8.81934 17.7063 26.8221 33.3637 37.5313 38.875 37.6333 35.9928 33.9315 33.3004 34.0203 33.2869 31.1729 31.577
36.4073 38.923 39.7133 38.4635 35.872 33.4431 31.8276 32.1889 33.9641 35.8896 35.4788 35.299 37.1329 38.4466 41.5997 44.6383 44.6764 42.6202 42.0264 42.429 42.3679 42.0457 40.7501 38.4928 36.3123 35.4906 34.8713 32.0345 28.5768 29.5315 35.0166 39.5605 43.1808 48.3561 50.8072 48.1213 43.692 42.1822 42.0482 39.918 36.6044 34.6951 36.0285 38.6089 39.7808 40.5822 40.3441 37.5156 33.0529 27.3256 19.4594 11.3692 3.4249 8.9328 19.2389 27.3932 33.5224 37.2502 38.0614 36.8197 34.5581 33.0684 32.7776 32.8019 31.1625 28.7046 28.5593
38.4516 39.0491 38.0621 35.0678 32.4178 30.4317 29.6067 29.8335 32.0763 35.1936 36.0111 36.2963 35.2823 36.4323 40.271 43.1957 42.4654 39.6592 38.2998 37.2801 36.1925 35.3004 34.1958 32.0292 31.1799 31.1263 30.8647 30.2877 30.6201 32.5699 35.8187 38.4244 41.3702 47.1724 51.2814 48.684 43.9139 42.4072 41.1413 38.3087 35.7611 34.3432 35.3256 38.2337 39.958 40.3526 39.5582 36.5187 31.4611 24.6321 17.0728 9.83047 1.389 11.3887 20.8708 27.7138 33.4722 36.3864 37.222 35.9696 33.9611 32.944 31.722 31.1068 29.9883 27.5451 26.2807
37.1498 36.1205 33.8029 30.6126 28.2321 26.8628 26.8056 26.9071 30.9448 36.2247 36.9248 34.8247 34.25 36.5297 39.7892 41.2815 39.0161 36.0023 34.6011 32.7326 30.2235 27.82 25.8988 25.0002 25.986 26.3966 25.776 26.3793 27.5313 30.6043 34.4307 37.1758 38.9484 44.4755 50.2131 50.3532 46.4207 42.8559 39.8424 36.467 34.9034 34.3425 35.4636 38.2571 39.6802 39.6468 38.5442 35.3632 29.8023 21.9548 15.1034 7.73039 2.7757 12.9802 21.1887 28.0421 33.3798 35.7274 36.7314 35.717 34.4396 33.2384 30.287 29.3106 29.2699 26.9988 25.6266
33.4848 31.2208 28.2942 26.0391 24.0496 23.7975 24.9235 26.4889 31.7947 35.8985 34.6973 34.2808 36.8938 38.5799 39.8761 38.9759 36.0413 34.1868 32.733 29.7652 24.8169 21.4042 19.9654 20.0503 20.7759 19.7987 19.0569 19.1801 21.3534 26.867 32.6633 35.9203 38.2433 44.1288 50.3182 51.6089 47.5733 42.2991 38.1018 35.2794 34.852 34.9233 36.4589 38.3529 38.5365 38.1918 37.2134 33.7468 27.2098 19.772 13.0339 5.26239 4.24904 12.785 20.817 28.3619 33.5617 36.0441 36.8719 35.7291 34.6184 32.7624 29.4992 28.3407 27.5958 26.6625 26.5918
27.987 24.639 22.4246 21.671 21.7704 23.0654 24.9306 28.1788 32.8949 34.2316 32.9243 34.8389 38.731 39.6572 38.3897 37.4375 35.7386 33.6717 31.6629 28.4038 24.6264 21.0806 18.4585 17.8197 16.571 14.1988 12.4979 12.3124 17.0556 24.8561 32.1516 35.9283 39.4478 46.4021 52.0523 51.407 45.4427 39.753 36.2854 34.8251 34.9017 34.9996 36.4047 37.8769 37.2615 36.3245 34.9283 31.5779 25.3947 17.5027 11.1952 5.08072 4.03272 11.8889 21.2512 29.211 34.3294 36.7663 36.7709 35.668 35.1175 32.47 28.1213 26.2185 26.2439 27.0306 27.3939
20.85 17.7322 18.5529 19.9076 21.387 23.1206 25.9359 30.2345 32.9566 32.7774 32.7365 35.7263 38.8589 38.7358 36.7863 35.9851 35.4944 34.8998 33.3329 29.796 25.8238 22.3585 19.9155 17.3218 15.3329 13.1803 10.635 11.4484 17.8595 26.7261 33.6604 37.519 42.0854 48.6069 51.6808 47.8519 40.7011 36.8371 35.0077 34.2314 34.6081 34.6075 35.6783 36.6223 35.6891 33.9602 31.8668 29.0246 23.9977 17.2949 11.9667 7.39053 4.54322 10.9571 21.5561 29.855 34.5446 37.2557 37.3741 36.0222 34.7452 31.2392 27.6691 26.0702 25.4847 26.9962 28.6577
15.7566 15.4101 17.8712 20.8 22.6446 23.6514 26.2847 30.3176 32.5339 33.0236 34.0161 35.4561 36.4622 36.366 34.7065 34.2232 34.9699 35.1263 34.9746 32.9889 30.1533 27.0256 23.3944 20.6776 18.0705 16.2896 14.434 14.962 21.4531 30.4273 35.9051 40.3157 45.3008 49.0154 48.0472 42.5671 37.3115 35.8421 34.6386 33.261 33.4638 33.7361 34.4425 34.9681 33.8929 31.3067 29.1953 26.6228 22.578 17.9762 14.376 10.8897 6.92824 11.0897 20.9621 29.5426 35.1613 38.1018 38.0773 36.486 33.81 30.1532 27.8628 26.002 24.7824 26.8389 29.5353
