wasim_mod/input/grids/ASCII/fundus_25.dhk
ncols               193
nrows               326
xllcorner     39436.980
yllcorner    214976.578
cellsize        25.0198
nodata_value -9999.0000
[rows 270 to 299 of 326, columns 67 to 133 of 193]
2739.62 2758.86 2778.95 2799.22 2818.78 2836.39 2853.11 2871.77 2892.54 2913.7 2936.41 2958.82 2977.57 2996.16 3011.8 3025.83 3038.25 3048.24 3054.53 3056.57 3056.24 3052.09 3043.48 3029.26 3011.54 2995.63 2979.64 2962.83 2943.12 2919.27 2893.15 2869.14 2842.5 2817.03 2798.31 2780.97 2763.19 2746.49 2731.12 2717.67 2707.59 2700.37 2695.3 2691.64 2690.05 2689.29 2690.11 2690.32 2689.91 2688.77 2686.71 2684.94 2681.96 2679.4 2676.88 2674.31 2672.68 2671.45 2670.94 2671.82 2673.03 2674.82 2676.88 2679.35 2682.74 2687.33 2691.79
2736.4 2754.19 2773.85 2795.04 2815.46 2834.13 2852.73 2872.5 2894.36 2917.2 2939.57 2960.53 2979.26 2994.88 3008.47 3021.13 3032.76 3041.39 3045.53 3046.25 3044.86 3040.75 3032.89 3019.53 3004.6 2991.09 2977.61 2963.08 2944 2919.6 2893.1 2868.49 2843.01 2819.2 2803.06 2787.6 2770.51 2753.27 2736.96 2722.9 2712.75 2705.7 2701.02 2697.91 2696.5 2695.66 2695.84 2695.99 2695.97 2695.34 2693.95 2691.76 2689.14 2686.72 2683.59 2680.73 2678.26 2676.21 2675.73 2675.45 2675.93 2677.69 2679.06 2681.13 2684.13 2688 2693.03
2733.82 2750.78 2769.92 2791.42 2812.27 2831.51 2850.28 2871.36 2894.11 2917.36 2939.23 2960.03 2976.93 2990.84 3002.4 3013.4 3023.67 3030.1 3032.92 3032.55 3030.39 3026.58 3019.9 3008.69 2997.08 2985.82 2973.93 2961.15 2944.3 2920.01 2892.64 2867.75 2844.09 2822.57 2807.35 2793.11 2777.4 2759.95 2742.92 2728.43 2718.13 2710.95 2706.59 2703.99 2702.64 2701.72 2701.72 2701.9 2701.68 2700.66 2699.43 2697.87 2695.96 2693.48 2690.16 2686.65 2683.18 2680.65 2679.66 2679.26 2678.98 2679.8 2680.89 2683.03 2686.03 2689.93 2694.33
2731.84 2748.61 2766.98 2787.45 2807.73 2827.48 2847.3 2868.86 2891.9 2914.92 2935.76 2955.23 2971.52 2983.75 2994.29 3003.5 3011.41 3016.2 3018.31 3016.67 3014.33 3011.76 3006.32 2998.39 2989.45 2980.52 2969.78 2958.28 2944.16 2921.01 2893.94 2868.79 2846.82 2827.16 2811.75 2798.6 2783.95 2766.54 2748.79 2733.69 2723.11 2715.95 2711.97 2709.52 2708.17 2707.17 2706.88 2706.99 2706.52 2705.55 2704.39 2702.77 2701.3 2699.04 2696.01 2692.3 2688.39 2685.11 2683.4 2682.47 2682.22 2682.79 2683.71 2685.42 2688.04 2691.64 2696.35
2731.89 2747.11 2764.59 2784.32 2803.83 2823.31 2843.58 2866.14 2888.71 2909.79 2930.22 2948.42 2963.45 2974.74 2984.14 2991.35 2997.28 3000.96 3000.96 2999.7 2997.77 2996.11 2992.98 2988.2 2981.34 2974.74 2965.55 2955.13 2941.82 2922.15 2896.66 2872.53 2851.36 2832.46 2817.89 2804.58 2789.84 2772.64 2754.44 2738.49 2727.43 2720.5 2716.89 2714.42 2713.01 2712.12 2711.24 2711.07 2710.56 2710.09 2709.01 2706.86 2705.34 2703.59 2701.11 2697.6 2693.58 2689.65 2687.25 2685.83 2685.6 2686.26 2687.09 2688.33 2690.82 2694.34 2699.5
2733.97 2748.59 2764.61 2783.72 2802.95 2821 2841.19 2862.78 2884.59 2904.39 2923.12 2940.06 2954.05 2964.47 2972.55 2978.33 2982.71 2984.36 2983.1 2981.15 2979.67 2979.19 2978.78 2976.35 2973.19 2968.6 2961.64 2951.44 2938.77 2921.86 2900.36 2877.45 2856.14 2838.75 2823.96 2810.46 2795.66 2778.39 2759.52 2743.12 2731.24 2724.7 2720.79 2718.36 2717.22 2717.05 2716.26 2715.13 2714.47 2713.64 2712.29 2710.88 2709.39 2707.88 2705.73 2702.13 2698.1 2694.12 2691.35 2690.01 2689.4 2689.76 2690.52 2691.86 2694.79 2698.79 2704.17
2740.63 2754.12 2768.75 2785.9 2803.9 2821.38 2841 2861.37 2880.74 2899.46 2916.29 2931.55 2944.06 2953.8 2960.45 2964.66 2967.7 2968.12 2965.73 2963.51 2962.72 2963.65 2965.09 2965.29 2965.17 2963.07 2957.92 2948.68 2936.67 2922.14 2903.95 2883.48 2863.73 2846.37 2830.37 2815.43 2800.66 2782.77 2763.47 2746.76 2736.02 2728.79 2724.49 2722.52 2721.44 2721.28 2720.45 2719.36 2718.23 2716.98 2715.54 2714.79 2713.61 2712.17 2709.38 2706.42 2702.45 2698.42 2695.53 2694.06 2694.09 2694.69 2694.68 2696.64 2699.64 2704.24 2710.56
2750.41 2763.05 2776.58 2791.4 2807.71 2824.4 2842.74 2861.12 2878.52 2895.05 2910.42 2923.46 2934.16 2942.98 2948.65 2951.5 2953.28 2952.78 2950.29 2948.49 2948.54 2950.26 2953.08 2955.98 2957.64 2957.65 2954.8 2946.37 2935.8 2922.18 2905.21 2886.95 2870.13 2853.75 2838.08 2821.74 2804.78 2786 2766.88 2751.11 2740.62 2733.58 2728.88 2726.65 2725.56 2725.41 2724.57 2723.5 2721.89 2720.16 2718.65 2717.99 2717.27 2716.24 2713.72 2710.72 2707.37 2703.39 2700.39 2698.78 2698.78 2699.45 2700.01 2701.51 2705.25 2710.9 2718.29
2762.74 2773.55 2784.87 2797.88 2812.61 2828.39 2845.34 2861.68 2877.73 2891.55 2904.28 2915.34 2924.71 2931.97 2937.17 2939.47 2940.32 2939.21 2937.42 2936.93 2937.91 2940.27 2944.03 2948.87 2951.94 2953.26 2952.79 2945.39 2935.23 2920.75 2904.01 2887.22 2872.48 2858.94 2845.04 2827.87 2807.7 2787.87 2769.97 2756.08 2745.28 2738.19 2733.53 2730.91 2729.62 2729.45 2728.64 2727.37 2725.46 2723.68 2722.11 2721.41 2721.33 2720.51 2718.15 2715.01 2711.88 2708.26 2705.23 2704 2703.77 2704.17 2705.06 2707.42 2711.73 2718.3 2726.33
2774.34 2783.46 2792.82 2803.79 2817 2831.5 2846.48 2860.89 2875.04 2886.97 2897.29 2906 2914 2920.84 2924.61 2927.1 2928.59 2928.21 2927.32 2927.95 2930.98 2935.06 2939.91 2945.04 2949.93 2951.88 2952.01 2946.76 2934.3 2917.82 2900.54 2883.49 2870.36 2860.05 2848.08 2830.62 2808.77 2788.58 2773 2760.43 2750.04 2742.23 2737.73 2735.16 2733.55 2733.16 2732.24 2730.79 2728.91 2727.43 2726 2725.4 2725.67 2724.58 2722.3 2719.3 2716.07 2712.91 2710.09 2708.98 2708.41 2708.6 2709.84 2713.09 2717.99 2725.5 2734.12
2783.71 2791.16 2799.23 2808.34 2819.87 2832.21 2845.17 2857.69 2869.76 2879.8 2888.31 2895.78 2902.72 2908.75 2912.2 2915.17 2917.14 2918.11 2919.83 2922.45 2927.2 2932.28 2938.18 2944.44 2949.57 2952.41 2952.46 2946.37 2933 2914.85 2897.04 2878.46 2867.45 2858.5 2846.02 2828.05 2806.8 2788.34 2774.63 2763.24 2753.78 2746.12 2741.52 2738.85 2737.29 2736.13 2734.96 2733.79 2732.5 2731 2730.18 2729.71 2729.68 2727.96 2726.02 2723.25 2720.11 2717 2714.8 2713.2 2712.25 2712.38 2714.17 2717.73 2723.73 2732.25 2741.76
2789.88 2796.18 2802.86 2810.89 2820.38 2831.42 2842.64 2853.09 2862.79 2870.89 2878.24 2885.04 2891.19 2896.63 2900.81 2904.41 2906.63 2909.66 2913.72 2918.81 2924.96 2931.77 2938.53 2945.26 2950.45 2954.07 2953.2 2945.75 2931.98 2913.3 2893.91 2876.31 2864.93 2855.44 2842 2823.11 2804.79 2789.46 2777.34 2766.27 2756.68 2749.81 2744.85 2742.09 2740.84 2738.95 2737.64 2737.13 2736.29 2735.27 2734.46 2733.89 2733.13 2731.4 2728.88 2725.68 2723.21 2720.26 2718.3 2716.83 2715.46 2715.57 2717.42 2722.11 2729.52 2739.11 2748.97
2792.4 2798.08 2803.67 2811.36 2819.53 2828.86 2839.15 2848.47 2855.93 2862.36 2868.7 2875.19 2881.26 2886.77 2891.72 2895.85 2898.74 2903.27 2909.22 2916.69 2924.43 2932.15 2940.05 2946.86 2952.05 2955.75 2954.18 2945.64 2931.42 2914.16 2895.66 2878.14 2863.06 2850.03 2835.21 2818.06 2802.73 2790.17 2778.77 2768.18 2758.62 2751.87 2747.35 2744.62 2743.41 2741.94 2740.81 2740.45 2739.69 2738.72 2737.9 2737.39 2735.92 2734.04 2731.42 2728.86 2726.01 2723.59 2721.47 2719.76 2718.53 2719.94 2722.9 2728.51 2735.66 2744.63 2755.27
2792.65 2798.14 2803.59 2810.55 2818.66 2826.65 2835.51 2844.6 2850.9 2856.36 2861.72 2867.67 2874.21 2880.06 2885.46 2889.99 2893.84 2899.27 2906.7 2915.5 2924.5 2933.22 2941.7 2948.55 2953.76 2957.01 2955.16 2946.11 2931.55 2915.22 2897.86 2879.29 2859.73 2843.12 2828.36 2814.26 2801.4 2790.41 2779.31 2769.3 2760.3 2753.97 2749.95 2747.23 2746.12 2745.04 2744.03 2743.71 2743.05 2742.12 2741.33 2740.34 2738.52 2736.6 2734.44 2731.89 2729.27 2726.53 2724.26 2723.35 2723.78 2725.89 2730.28 2736.24 2743.52 2752.03 2761.56
2791.92 2797.31 2803.5 2811.19 2818.78 2826.28 2834.66 2843.04 2849.02 2853.11 2858.43 2863.95 2869.31 2874.94 2880.54 2885.78 2891.02 2897.72 2905.94 2914.75 2924.66 2934.46 2942.91 2949.74 2954.76 2957.43 2955.48 2946.23 2931.86 2915.24 2897.22 2876.27 2854.47 2836.85 2823.64 2812.04 2800.64 2790.2 2779.86 2770.42 2762.56 2757.06 2753.2 2750.58 2749.19 2748.28 2747.36 2746.89 2746.09 2745.3 2744.72 2743.29 2741.75 2739.99 2738 2735.08 2732.71 2730 2728.28 2728.81 2731.08 2734.63 2739.98 2746.08 2753.22 2760.97 2768.83
2789.9 2796.76 2803.96 2812.07 2820 2827.9 2836.11 2844.13 2850.14 2854.52 2859.46 2864.42 2869.32 2873.58 2878.96 2884.49 2890.75 2897.78 2905.9 2914.8 2925.16 2935.03 2943.49 2949.51 2953.66 2955.66 2953.26 2945.08 2931.5 2914.07 2894.9 2872.12 2849.91 2833.7 2821.1 2810.73 2800.13 2789.88 2780.99 2772.32 2765.9 2760.76 2757.27 2754.9 2752.64 2752.08 2751.37 2750.31 2749.06 2748.27 2748.05 2746.9 2746.11 2744.54 2742.21 2739.13 2736.79 2735.18 2735.06 2737.2 2740.87 2746.02 2751.83 2757.91 2764.56 2770.63 2776.13
2787.6 2796.33 2804.75 2813.53 2822.43 2830.95 2839.13 2846.91 2853.44 2858.29 2863.3 2867.47 2870.8 2874.83 2879.68 2885.18 2891.38 2898.4 2906.34 2915.69 2925.03 2933.94 2941.57 2946.81 2950.35 2951.64 2949.12 2942.24 2930.44 2913.71 2894.13 2871.93 2850.39 2832.78 2820.03 2809.86 2799.36 2790.05 2781.81 2774.87 2769.79 2765.79 2762.9 2760.09 2758.5 2757.62 2756.75 2755.7 2753.95 2752.59 2751.97 2751.67 2751.11 2749.62 2747.34 2745.05 2743.12 2743.09 2745.03 2748.84 2753.7 2759.14 2764.71 2770.61 2776.18 2779.86 2781.67
2785.47 2795.74 2805.24 2814.97 2824.71 2833.89 2842.49 2850.38 2857.35 2862.52 2867.46 2871.08 2873.85 2878.11 2881.73 2886.78 2892.93 2899.78 2907.6 2915.93 2924.3 2931.31 2937.15 2941.4 2943.9 2944.76 2942.89 2937.24 2927.7 2912.85 2893.75 2872.29 2851.13 2833.55 2820.85 2810.86 2800.92 2792.3 2785.72 2780.26 2776.46 2772.83 2770.14 2767.62 2766.66 2765.95 2764.35 2761.82 2759.82 2759.08 2758.83 2758.59 2757.38 2755.87 2754.09 2752.78 2751.88 2753.21 2756.73 2761.52 2767.41 2772.55 2777.24 2782.1 2785.82 2787.04 2784.9
2783.41 2794.22 2804.87 2815.42 2825.4 2835.5 2845.11 2853.39 2860.3 2865.88 2870.24 2873.94 2877.01 2881.42 2883.83 2888.4 2894.48 2900.81 2908.28 2915.31 2921.32 2926.46 2930.3 2933.64 2935.05 2935.32 2934.09 2929.83 2922.77 2910.35 2892.88 2873.09 2852.86 2835.71 2823.11 2812.98 2804.11 2796.97 2791.88 2787.93 2784.77 2782.12 2779.53 2777.35 2776.43 2775.78 2774.01 2770.97 2768.75 2767.82 2767.86 2767.63 2766.83 2765.36 2763.81 2763.39 2763.68 2765.43 2769.18 2774.54 2780.1 2784.38 2787.73 2790.86 2792.51 2789.23 2783.7
2780.66 2791.55 2802.9 2814.71 2825.28 2835.83 2845.84 2854.01 2861.68 2867.26 2871.51 2875.97 2879.89 2881.94 2884.46 2889.3 2895.1 2901.04 2906.26 2910.8 2914.9 2918.38 2921.11 2923.33 2924.35 2923.95 2922.71 2920.19 2915.53 2906.14 2891.58 2873.85 2855.84 2839.17 2826.71 2816.73 2808.84 2803.23 2799.49 2796.73 2794.28 2792.95 2790.51 2788.65 2787.3 2786.55 2785.17 2782.61 2780.08 2778.75 2778.7 2779.07 2779.05 2778.17 2776.71 2776.49 2777.28 2778.76 2781.18 2785.69 2789.84 2792.73 2794.36 2795.14 2793.71 2788.73 2777.98
2776.15 2787.29 2799.14 2811.14 2822.32 2832.99 2843.3 2852.29 2860.87 2866.59 2871.36 2875.64 2878.93 2881.42 2884.47 2888.82 2893.79 2897.73 2900.91 2903.16 2904.61 2907.35 2909.49 2911 2910.86 2910.3 2910.48 2909.06 2906.71 2900.82 2889.35 2874.36 2859.29 2844.27 2832.71 2823.07 2815.92 2811.19 2808.07 2805.36 2804.47 2803.74 2802.19 2800.52 2799.05 2798.2 2797.72 2795.74 2793.29 2792.06 2792.27 2792.99 2793.18 2792.75 2791.32 2790.27 2790.54 2791.16 2791.94 2794.18 2796.09 2796.81 2795.92 2795.64 2792.06 2783.01 2767.42
2770.93 2781.47 2792.77 2804.55 2816.29 2827.89 2839.07 2849.03 2858.01 2864.92 2869.94 2874.03 2876.65 2879.01 2882.65 2886.34 2889.14 2890.43 2891.48 2892.23 2893.25 2895.46 2897.78 2899.13 2898.54 2898.74 2904.71 2903.98 2898.54 2893.9 2885.76 2873.86 2862.37 2851.46 2840.92 2832.13 2824.25 2818.37 2815 2813.51 2813.24 2813.53 2812.99 2811.79 2811.32 2811.86 2811.66 2810.86 2809.23 2808.85 2809.77 2809.47 2808.31 2807.01 2804.61 2802.66 2801.16 2800.62 2800.2 2799.6 2798.62 2797.06 2794.87 2791.5 2784.16 2771.48 2753.09
2764.94 2774.63 2785.16 2796.94 2809.11 2821.56 2833.61 2844.28 2853.65 2861.51 2867.03 2870.84 2873 2874.73 2877.19 2879.45 2879.96 2878.96 2878.07 2878.47 2880.86 2883.71 2886.1 2887.89 2888.51 2889.75 2894.25 2896.67 2893.98 2888.26 2883.15 2874.93 2866.98 2858.57 2849.03 2839.86 2831.79 2825.29 2822.78 2822.28 2823.52 2824.88 2825.19 2826.86 2827.82 2827.88 2828.02 2828.08 2827.73 2827.99 2827.97 2826.7 2823.87 2820.09 2816.84 2813.14 2809.54 2806.4 2803.28 2800.52 2796.91 2791.98 2786.39 2780.3 2769.9 2754.84 2736
2758.09 2767.56 2777.87 2789.72 2802.08 2814.83 2827.87 2838.79 2848.88 2856.71 2862.49 2865.88 2867.63 2868.37 2868.48 2868.32 2866.51 2864.27 2862.57 2863.82 2867.76 2871.95 2874.8 2877.68 2880.47 2882.87 2884.74 2889.51 2890.38 2886.08 2882.7 2878.1 2873.03 2866.16 2858.01 2849 2840.04 2833.3 2831.89 2833.61 2837.84 2842.34 2842.9 2844.2 2846.01 2845.82 2845.23 2845.09 2845.01 2844.82 2844.42 2841.75 2837.2 2831.25 2825.82 2820.66 2814.31 2808.35 2801.7 2795.72 2788.3 2779.35 2770.5 2760.35 2748.76 2733.82 2717.18
2749.91 2760.1 2770.92 2782.73 2796.07 2809.69 2822.76 2834.34 2844.72 2851.74 2856.45 2859.21 2860.32 2859.34 2856.78 2854.37 2850.6 2847.78 2847.31 2850.04 2854.8 2859.83 2864.09 2868.94 2874.08 2877.81 2880.54 2885.08 2887.67 2886.06 2885.24 2883.25 2880.06 2875.05 2869.05 2861 2851.47 2845.62 2846.32 2849.77 2856.02 2856.41 2858.83 2862.51 2863.51 2863.59 2861.65 2860.35 2859.6 2858.74 2857.26 2853.4 2847.28 2839.73 2831.81 2823.03 2815.11 2806.16 2796.56 2786.1 2774.34 2762.08 2750.21 2738.24 2727.05 2713.68 2700.19
2741.73 2752.27 2763.79 2776.59 2790.18 2803.93 2817.67 2829.98 2840.41 2846.68 2849.79 2851.26 2850.48 2847.53 2842.93 2838.92 2834.83 2832.33 2832.51 2836.57 2841.98 2848.67 2854.73 2861.94 2869.17 2874.78 2879.13 2883.21 2889.13 2890.07 2890.74 2889.73 2887.57 2885.52 2882.6 2876.34 2868.45 2865.07 2866.8 2868.09 2874.79 2864.66 2869.39 2878.33 2878.58 2878.6 2875.83 2872.87 2871.19 2869.41 2866.3 2861.39 2854.34 2844.99 2834.43 2823.11 2812.17 2799.93 2787.61 2773.12 2757.56 2743.24 2730.07 2718.1 2707.31 2696.57 2686.02
2733.02 2745.16 2757.87 2771.31 2784.84 2798.48 2812.11 2824.8 2834.32 2839.6 2842.4 2842.28 2839.17 2834.27 2828.11 2823.03 2819.34 2817.25 2818.03 2822.84 2829.48 2838.21 2847.18 2856.42 2865.88 2873.45 2879.83 2885.38 2891.25 2895.21 2895.81 2897.6 2896.67 2897.95 2898.3 2895.33 2890.9 2891.93 2883.39 2876.37 2885.17 2886.26 2884.76 2887.69 2889.12 2888.83 2886.17 2882.79 2879.73 2876.31 2872.11 2865.79 2858.02 2846.74 2833.68 2819.4 2805.69 2790.64 2774.84 2757.72 2740.6 2725.62 2713.07 2701.69 2691.33 2682.82 2674.89
2724.02 2738.01 2752.07 2766.1 2780.02 2793.09 2805.98 2818.14 2826.69 2830.99 2832.75 2831.71 2827.31 2820.41 2813.62 2807.61 2804.3 2802.95 2804.42 2809.73 2817.97 2828.83 2841.14 2853.13 2864.12 2873.97 2882.36 2889.59 2896.04 2901.52 2904.88 2908 2909.85 2915.17 2910.83 2902.91 2897.08 2897.48 2892.32 2896.91 2904.61 2901.8 2898.24 2896.23 2895.02 2893.36 2891.26 2889.58 2885.84 2880.03 2874.03 2865.89 2856.55 2844.04 2829.46 2813.96 2797.21 2778.86 2759.28 2741.14 2725.82 2711.43 2698.9 2688.38 2679.95 2672.29 2665.6
2715.3 2730.27 2745.56 2760.59 2775.13 2787.15 2799.11 2809.7 2817.35 2820.72 2821.04 2819.23 2814.71 2807.14 2800.06 2794.01 2790.87 2790.43 2792.67 2798.44 2807.92 2821.14 2836.79 2851.16 2864.13 2875.82 2885.66 2894.01 2901.68 2909.26 2915.85 2922.73 2927.28 2933.93 2926.84 2915.39 2907.16 2904.87 2905.79 2916.2 2917.29 2911.57 2905.99 2900.6 2896.16 2892.97 2890.31 2888.51 2885.3 2878.91 2871.85 2862.71 2850.73 2836.66 2821.85 2805.26 2786.82 2767.25 2746.19 2727.85 2713.53 2700.81 2689.49 2679.78 2672.53 2665.85 2659.98
2707.43 2722.72 2738.56 2754.52 2768.48 2780.42 2791.08 2799.93 2806.4 2808.8 2808.37 2805.22 2801.31 2794.87 2788.22 2783.14 2780.39 2780.44 2783.5 2789.37 2799.19 2814.77 2832.79 2849.84 2865.09 2877.92 2888.55 2897.68 2906.97 2917.44 2927.03 2939 2945.96 2951.77 2943.52 2929.85 2920.14 2915.36 2922.65 2930.33 2923.97 2916.1 2907.27 2900.65 2894.27 2888.57 2883.78 2880.71 2877.54 2871.22 2863.24 2852.85 2840.25 2825.81 2810.87 2793.57 2774.91 2755.6 2736.2 2719.25 2705.53 2693.88 2684.12 2675.92 2669.19 2663.64 2658.62
