wasim_mod/input/grids/ASCII/fundus_25.twi
ncols               193
nrows               326
xllcorner     39436.980
yllcorner    214976.578
cellsize        25.0198
nodata_value -9999.0000
[rows 30 to 59 of 326, columns 0 to 66 of 193]
7.28806 7.73259 8.52616 8.36355 8.64304 7.92714 8.09905 8.63489 8.72936 8.79962 8.8201 9.53563 10.0402 10.2415 10.3704 10.4228 10.5009 10.6878 11.1002 11.6824 15.7293 12.1557 11.0942 10.3564 10.0791 9.85338 9.61714 9.45072 9.35695 9.29229 9.2231 9.1556 9.11496 9.03213 8.92803 8.7424 8.63644 8.33058 7.74001 8.16611 8.69245 9.15198 9.45443 9.3286 9.17083 9.03574 8.59207 7.60171 9.82898 8.76873 7.82572 8.25537 8.6167 9.41251 9.37981 9.38321 9.3251 9.27431 9.58045 9.43436 11.4838 14.8962 12.1108 13.1324 11.0504 10.7863 9.34703
7.32494 7.74048 8.00951 8.70467 8.56473 8.79563 8.18656 8.36752 8.8637 8.94761 9.07872 7.35337 7.83607 8.21005 8.49549 8.74809 8.97096 9.31798 9.8968 15.3927 12.3958 11.8324 10.2046 9.98683 9.97454 9.76956 9.56634 9.4373 9.36653 9.32171 9.25518 9.19026 9.14526 9.07257 8.98469 8.92992 8.70623 8.61135 8.18104 7.78331 8.46785 9.02674 9.35938 9.2211 9.07864 8.90386 8.34363 7.55893 9.69791 8.55205 7.88184 8.27079 9.32992 9.39109 9.38258 9.23988 9.1312 9.50632 9.23681 9.62127 11.3213 14.9382 12.1473 13.2377 11.1016 10.4624 9.47883
7.34994 7.75521 8.04584 8.28803 8.87686 8.76 8.98331 8.47748 8.60999 9.05661 9.17241 9.94375 10.0754 10.1767 10.2764 10.3631 10.4617 10.7273 11.4748 15.3749 12.2166 10.8612 10.7264 9.82133 9.67317 9.7349 9.56026 9.45594 9.4048 9.37261 9.29804 9.20956 9.16966 9.1035 9.02926 8.98918 8.90173 8.61602 8.45229 7.76923 8.17753 8.84816 9.22874 9.06372 8.90672 8.72199 8.02567 7.48333 9.52546 8.26835 7.91964 9.12742 9.15137 9.28053 9.1947 9.02694 9.39404 9.13955 9.51282 10.7974 10.5403 14.9989 12.2389 13.3746 11.1824 9.8951 9.67299
7.3807 7.79578 8.11029 8.34689 8.53518 9.06626 8.95294 9.14903 8.68276 8.8219 9.28628 7.55717 8.02327 8.38833 8.67738 8.92716 9.20513 9.55685 9.79185 15.2949 11.7044 10.5674 10.3946 10.3846 9.58019 9.49362 9.58122 9.49833 9.47343 9.42601 9.32069 9.22658 9.19744 9.13441 9.07989 8.99493 8.88714 8.77685 8.41868 8.15672 7.77961 8.66994 9.10345 8.9033 8.72139 8.54908 7.66191 7.71405 9.30792 7.88615 9.03602 8.9675 8.96073 8.8739 8.76499 9.25027 8.9089 9.35622 10.7733 10.4294 9.82986 15.0628 12.3244 13.4941 10.9119 9.97516 9.77608
7.4161 7.83886 8.14175 8.37065 8.57778 8.75212 9.19593 9.09905 9.26575 8.88936 9.07971 9.49922 7.68582 7.75461 8.24749 8.64293 9.04548 9.50323 9.80874 15.1959 10.854 10.4117 10.1001 10.1133 10.2762 9.40706 9.33497 9.56729 9.54376 9.46599 9.35664 9.26514 9.22218 9.16219 9.09218 8.9994 8.90235 8.77922 8.64352 8.15694 7.74923 8.43028 8.93453 8.75151 8.595 8.44406 7.56587 8.36954 9.07094 8.72326 8.74503 8.77205 8.5581 8.32509 8.91498 8.53091 9.17386 10.6874 10.3402 9.61763 12.2898 15.0195 12.3484 13.6016 10.3688 10.0574 9.85967
7.43931 7.86603 8.14487 8.39633 8.60509 8.75356 8.88454 9.28205 9.20805 9.41881 9.11357 9.26079 9.64511 8.20115 7.95435 8.51004 9.05867 9.66807 15.2536 12.5117 9.9711 9.66136 10.0445 9.91911 10.0057 10.1281 9.29916 9.34186 9.57866 9.4915 9.37294 9.28566 9.25508 9.20209 9.12309 9.03807 8.93104 8.80843 8.62153 8.38839 7.67356 8.06794 8.75088 8.62777 8.54607 8.40739 7.75797 8.75042 8.33931 8.38227 8.38846 8.18132 7.8641 8.6128 8.02376 8.82811 10.6275 10.2984 9.45522 12.1853 10.6696 15.0672 12.4053 13.5283 11.5356 10.125 9.85662
7.44793 7.85282 8.15537 8.39432 8.59671 8.73263 8.86559 9.00105 9.40105 9.3585 9.56858 9.26838 9.43423 9.93501 8.84437 9.27541 9.81758 15.2099 14.0432 12.1962 9.74515 9.49265 9.32949 9.89481 9.77717 9.88251 10.1142 9.2766 9.26812 9.48756 9.36785 9.32404 9.3026 9.24273 9.16749 9.07861 8.96722 8.79887 8.54095 8.28237 8.01433 7.6341 8.62618 8.5568 8.52156 8.3208 9.12449 8.13624 8.19138 8.09803 7.64619 7.66704 8.23405 7.9392 8.44753 10.495 10.2279 9.34073 12.282 10.6056 10.6171 15.159 12.5598 13.5527 10.9899 10.5041 9.78583
7.4343 7.84998 8.13054 8.36059 8.55563 8.70774 8.85691 9.0148 9.15801 9.55512 9.56201 9.77155 9.62297 9.95727 11.0412 11.4556 15.2651 14.0243 12.4362 11.1108 11.1088 9.32444 9.19366 9.11401 9.75898 9.69761 9.87544 10.1002 9.1673 9.13377 9.3965 9.38312 9.34198 9.28482 9.21687 9.1194 8.9746 8.72085 8.4214 8.17955 7.97578 7.68361 8.54372 8.46079 8.34042 9.40901 8.23308 7.98411 7.97148 7.78367 8.07147 8.36165 8.72941 9.04867 10.3199 10.0113 9.08326 12.2743 10.6105 10.5713 10.6591 15.2631 12.6264 13.5525 10.3405 9.96003 10.1381
7.40953 7.80311 8.08143 8.3179 8.51467 8.70322 8.87789 9.06316 9.23166 9.43192 9.84797 9.90443 10.2604 10.3051 10.8903 15.34 13.6623 12.4248 11.6212 10.5164 10.6928 10.8041 9.02907 8.98584 8.96714 9.70812 9.64641 9.84095 10.0543 9.04531 9.06458 9.41614 9.38004 9.31325 9.23059 9.08987 8.87778 8.60226 8.33505 8.15534 8.02982 7.82162 8.40054 8.14654 9.00949 9.30159 9.31292 9.32276 9.3736 9.31132 9.32693 9.45638 9.66988 9.87809 9.82058 8.65293 12.1739 10.5388 10.4715 10.5087 10.9547 15.2891 12.5477 13.463 10.2937 9.88904 9.57846
7.3869 7.76771 8.07111 8.2961 8.51125 8.73173 8.95494 9.16652 9.35355 9.59456 9.82683 10.3428 11.3186 12.3399 15.8159 13.506 11.3495 11.8808 10.7353 10.3364 10.1443 10.4449 10.6817 8.86352 8.83995 8.83406 9.67832 9.61389 9.77325 10.0046 8.95997 9.00999 9.33945 9.25111 9.1482 8.97351 8.76085 8.52479 8.31145 8.20143 8.16811 8.0109 8.13516 8.59415 8.90434 8.21982 8.44707 8.67091 8.8545 8.88915 9.0275 9.22458 9.48166 9.72962 8.19149 12.0456 10.3102 10.3775 10.4051 10.7691 10.9214 15.1859 12.4684 12.6455 12.547 9.82228 9.5023
7.38218 7.7838 8.08405 8.30185 8.5338 8.79261 9.05723 9.2968 9.5489 9.84875 10.1832 10.6912 11.3817 15.6115 12.6518 11.9228 10.8384 11.1854 10.3141 10.3764 10.0729 10.0012 10.3741 10.6431 8.71683 8.72178 8.71451 9.61335 9.52167 9.68637 9.94107 8.8045 8.78001 9.14534 9.02506 8.8709 8.69112 8.51609 8.36453 8.30096 8.33648 8.21618 8.29239 8.58819 8.79725 8.91259 9.02878 9.15949 9.25255 9.34691 9.45868 9.61634 9.8384 11.7809 11.9908 10.1393 10.1449 10.2207 10.6713 10.7297 8.95288 15.0653 12.3213 12.5111 12.3417 9.75927 9.41238
7.38803 7.80682 8.08975 8.32669 8.57569 8.87078 9.18132 9.49909 10.5186 10.3603 10.9027 15.5348 16.0073 9.40803 11.9274 11.5036 10.5575 10.3536 10.1943 10.0603 10.2405 9.98055 9.94257 10.3687 10.6664 8.57714 8.54556 8.52778 9.49683 9.36762 9.56606 9.81526 8.53753 8.54906 8.97216 8.85638 8.71583 8.59258 8.45615 8.42262 8.48864 8.38757 8.36401 8.52347 8.69447 8.74263 8.89816 9.15252 9.2697 9.3612 9.47727 11.1779 11.4801 10.0093 9.97511 9.84796 9.88454 10.4217 10.5224 8.34357 14.7724 8.49786 12.0727 12.354 12.1158 9.66982 9.28557
7.38244 7.79577 8.08188 8.3431 8.6503 8.99851 9.37146 9.80803 11.3478 12.2792 16.3365 13.3819 12.9626 8.55414 11.6311 10.5752 10.4761 10.2451 10.1214 10.045 9.99233 10.2173 9.99991 9.97145 10.3988 10.653 8.35512 8.30695 8.2169 9.32722 9.23703 9.43711 9.71954 8.37369 8.43403 8.91509 8.81279 8.68305 8.55991 8.54745 8.58629 8.48993 8.36802 8.45756 8.58723 8.6176 8.80785 9.1572 9.30262 10.6137 10.8874 9.64734 9.79015 9.72044 9.66732 9.66863 10.1081 10.2031 12.9042 10.371 14.489 10.6111 11.8143 12.1396 11.7164 10.0446 9.17757
7.37619 7.75572 8.08411 8.42369 8.81084 9.19805 10.2182 11.4614 12.4275 15.8044 13.246 11.6856 12.1537 12.3073 10.7844 10.5106 10.2731 10.2987 10.1356 10.0672 10.0162 10.0068 10.2971 10.0232 9.95348 10.3723 10.6387 8.01882 7.93365 7.85593 9.21669 9.13566 9.41245 9.79423 8.31414 8.35293 8.92452 8.77738 8.69141 8.66354 8.65835 8.53168 8.36605 8.43568 8.49292 8.97911 9.16723 9.96306 10.3564 9.41017 9.52069 9.62667 9.53402 9.41373 9.43012 9.95697 10.0145 12.6958 10.0971 14.2167 9.6638 10.2841 11.5605 11.8898 11.3802 9.39195 9.68404
7.40589 7.78735 8.17816 8.60361 9.06555 10.0526 10.6372 12.7743 14.8548 11.8273 10.8059 11.5802 11.068 11.7367 11.9876 10.5289 10.3721 10.2155 10.2474 10.0955 10.0593 10.0774 10.0678 10.2843 9.9937 9.91146 10.3245 10.5725 7.54084 7.46682 7.44798 9.16605 9.12311 9.472 9.8983 8.15591 8.16661 8.91218 8.81438 8.74577 8.77234 8.57662 8.36635 8.44493 8.49259 7.58396 8.84344 9.11981 9.29394 9.43009 9.52404 9.4121 9.23414 9.22867 9.7771 9.8494 12.5877 9.48455 8.97618 13.7742 9.39904 10.0693 11.3437 11.6842 10.5777 10.481 9.0284
7.5144 7.92312 8.38402 9.36885 10.1972 10.6366 12.2007 14.052 11.8324 10.1027 10.7481 10.2508 11.2225 10.8049 11.5501 11.8823 10.4696 10.3164 10.1529 10.2326 10.1152 10.1205 10.0725 10.0148 10.268 9.93932 9.8671 10.2498 10.4527 9.35562 9.21627 9.16245 9.15667 9.13174 9.52902 9.96312 7.85999 7.88787 8.87113 8.80732 8.76118 8.55868 8.38454 8.44844 8.30009 8.47997 8.84083 9.1244 9.32843 9.46787 9.30631 9.14775 9.08959 9.65481 9.72042 12.5021 8.81344 9.30398 8.74376 13.6906 9.22841 9.94676 11.2084 11.5771 10.4709 10.0861 8.99755
7.72181 8.17627 9.12804 9.63902 10.1563 11.4684 13.4196 11.5017 11.1429 9.45891 9.56218 10.3812 9.94699 11.0362 10.6782 11.4979 11.8471 10.4014 10.2667 10.0944 10.2187 10.1147 10.0712 10.027 9.96703 10.2203 9.87383 9.71431 10.1053 9.91212 9.80279 9.17403 9.18048 9.14421 9.16181 9.60951 9.98132 8.98003 8.84255 8.76228 8.65189 8.50964 8.37072 8.43297 8.29706 8.43113 8.81343 9.11685 9.3757 9.28777 9.13318 9.07501 9.73602 9.71085 12.4799 8.97737 8.60218 9.17669 8.58777 13.7194 9.16298 9.93072 11.221 11.6223 10.4727 9.66565 9.08702
8.02241 8.85368 9.37302 9.91495 11.2625 12.8478 12.0705 11.1536 10.6671 9.29897 8.99951 9.21349 10.1856 9.79055 10.9781 10.6094 11.436 11.7917 10.3004 10.1575 10.0534 10.1845 10.0442 9.99859 9.94895 9.89361 10.1343 9.74308 9.5296 9.94134 9.19779 9.18415 9.19224 9.16939 9.19586 9.18231 9.51962 9.45232 8.7864 8.69989 8.60428 8.48509 8.35139 8.41568 8.26809 8.42401 8.83196 9.11321 9.12613 9.02911 9.09344 9.88336 9.89934 10.7463 12.4444 8.90116 8.46231 9.13594 8.46752 13.8436 9.18937 10.021 11.388 11.8023 10.3166 9.29364 9.66893
8.39894 9.02253 9.5949 10.8344 12.1354 12.2298 11.9417 11.0365 9.95758 9.61629 8.89997 8.66288 8.96255 10.0746 9.68751 10.9076 10.5213 11.3732 11.6929 10.226 10.1174 10.0128 10.106 9.98775 9.94624 9.88097 9.82005 10.0411 9.52385 9.33053 9.20444 9.17722 9.21895 9.23043 9.19832 9.14907 8.98654 9.31699 8.74642 8.6555 8.56786 8.46452 8.39893 8.41891 8.2705 8.40244 8.82546 8.79001 8.76029 8.88497 9.90283 10.0555 11.0187 12.0081 11.9946 8.91048 8.34825 9.20905 8.34564 14.0424 9.2496 10.1736 11.6242 12.0603 9.59416 9.9057 9.26292
8.84479 9.47766 10.4369 12.0962 9.83941 12.0139 11.8245 10.3349 9.9296 9.61918 9.32051 8.56137 8.31317 8.74428 9.98733 9.5659 10.8596 10.4362 11.2764 11.6754 10.2026 10.0973 9.98993 10.1512 9.96022 9.88369 9.86216 9.7101 9.84076 9.33528 9.22692 9.19275 9.27005 9.27946 9.18273 9.09892 8.93412 8.70136 9.18168 8.5794 8.51591 8.39093 8.35153 8.40914 8.27885 8.42379 8.39072 8.25348 8.48643 9.74863 9.96954 11.1215 11.4083 11.7633 12.2221 8.923 8.16076 9.26853 8.16793 14.2351 9.27911 10.3303 11.8576 12.1905 10.3287 9.50551 9.83498
9.41579 10.1424 12.3718 9.30285 9.35574 11.7694 11.3951 10.007 9.98326 9.61358 9.32454 9.07674 8.25138 7.997 8.55713 9.91549 9.47913 10.7589 10.3736 11.2833 11.697 10.2217 10.1821 10.0483 10.1228 9.97293 9.95042 9.72485 9.44845 9.68232 9.25748 9.23447 9.32846 9.31056 9.15808 9.03216 8.86273 8.63209 8.43351 9.09233 8.45923 8.28398 8.2858 8.3867 7.61115 7.93342 7.73549 7.83075 9.43531 9.76878 11.0197 10.2579 11.0559 11.97 12.4809 8.82991 8.37969 9.03338 14.4563 9.30064 8.37335 10.3741 12.0271 12.1581 10.2981 10.0793 9.22092
9.76569 11.1806 11.8966 8.64042 8.78328 11.5605 10.8384 9.88766 9.67379 9.6523 9.34403 9.14363 8.94864 8.01587 7.63646 8.36216 9.86311 9.35741 10.7477 10.3501 11.3171 11.8122 10.3407 10.2111 10.0449 10.2115 9.96586 9.6925 9.4602 9.32431 9.66349 9.29726 9.36825 9.30028 9.11324 8.96599 8.78239 8.58084 8.38926 8.2116 9.14912 8.29852 8.29546 8.18344 8.2709 8.60241 8.86434 9.14061 9.47904 10.8698 10.081 10.1988 10.5028 11.9807 12.658 8.65297 8.95908 14.5649 9.20904 8.52973 10.3703 9.42381 11.9581 10.6863 11.6306 9.86623 9.82757
16.9444 12.2022 11.3349 11.0335 8.13634 11.3415 10.0591 9.84514 9.56035 9.34816 9.45598 9.24332 9.10687 8.92786 7.69501 8.08942 9.27161 9.01415 9.23559 10.7476 10.4083 11.4495 11.9137 10.326 10.1955 10.0297 10.0373 9.6709 9.51211 9.39768 9.29644 9.73173 9.36591 9.25453 9.07147 8.89756 8.6994 8.52153 8.36442 8.24385 8.12052 9.24286 8.20925 8.12691 8.21104 8.54686 8.86988 9.23034 10.7509 9.92029 9.99373 10.3517 10.4278 11.6562 12.6695 8.88749 14.7243 8.95998 8.50919 10.3112 9.17355 11.5576 10.315 10.3995 11.0979 9.90548 9.55607
16.2742 12.0355 10.9537 10.7335 10.6013 10.4929 10.3976 9.8022 9.55012 9.29313 9.21317 9.45754 9.28522 9.10752 8.82689 7.697 8.88235 7.98331 8.85627 9.19474 10.825 10.4388 11.4177 11.7998 10.1788 10.0168 9.74817 9.81066 9.57776 9.46108 9.35033 9.28814 9.73228 9.19002 9.02547 8.83163 8.62496 8.49808 8.40199 8.32146 8.12781 8.96646 8.10429 8.00209 8.1771 9.10851 9.93261 10.5086 9.72606 9.86855 10.238 10.293 10.3923 11.19 12.6184 14.9621 8.70686 8.52862 10.1164 8.79384 11.3365 9.49501 10.0057 10.0273 10.6854 8.68884 9.55169
15.7826 10.0509 10.67 10.5299 10.4361 10.3587 10.2824 10.1957 9.54238 9.36938 9.2681 9.25539 9.4874 9.20985 8.95709 8.55884 8.25134 7.96952 7.62148 8.78352 9.11672 10.7597 10.2695 11.2404 11.6864 10.0146 9.84834 9.6502 9.76094 9.48102 9.36543 9.29367 9.18091 9.57624 8.97806 8.77257 8.60357 8.52568 8.47857 8.37152 8.08175 8.63769 8.05703 8.20525 8.33485 9.09266 8.91198 9.28071 9.54763 10.0566 10.1462 10.3456 10.4499 10.558 12.5605 14.8652 8.71468 10.1182 8.34698 10.8093 10.0609 9.15448 9.68806 9.69248 9.26223 9.99941 8.17799
15.4537 9.70705 9.54854 10.3742 10.3472 10.2555 10.2051 10.1002 10.0169 9.48429 9.40297 9.27162 9.17335 9.37868 9.01314 8.66411 8.23849 8.00092 7.64196 8.56662 8.90904 10.6418 7.63253 10.1568 11.2401 11.691 9.99647 9.82741 9.54471 9.66028 9.40172 9.30939 9.17629 8.99296 9.40762 8.74529 8.63271 8.58344 8.5355 8.37989 8.20579 8.35191 8.48967 7.57865 8.79806 8.68211 8.84913 9.03525 9.67408 9.8778 10.0873 10.3101 10.4911 11.0593 12.2891 14.8204 8.71911 10.0004 10.185 9.96748 9.77709 8.75787 9.38444 9.43144 8.96283 9.64026 8.03686
15.2135 10.7501 9.32 9.32438 10.2625 10.2279 10.1445 10.0533 10.0322 10.0771 9.51302 9.34484 9.12827 8.98677 9.17214 8.81249 8.50389 8.02902 7.62707 8.32638 8.71503 9.3952 10.297 10.1504 10.144 10.9242 11.7461 9.96646 9.72894 9.45897 9.62063 9.35896 9.17285 8.94695 8.75603 9.30247 8.65983 8.60753 8.55413 8.45226 8.40481 8.53149 8.29922 8.76142 8.53969 8.68383 8.70555 9.26404 9.51542 9.83033 10.0299 10.1866 10.8762 11.2399 11.7968 14.7879 8.67784 9.89991 10.1057 9.8182 9.52641 8.33222 9.12174 9.23084 8.71673 9.28618 7.94009
15.0545 9.41869 10.5619 9.17194 9.2118 10.2214 10.1527 10.0743 10.1159 10.1528 10.075 9.38431 9.15604 8.89545 8.7847 9.08761 8.7258 8.32881 7.65253 8.06359 8.55805 9.35399 10.3068 10.1754 10.15 10.9168 11.6246 9.53094 9.88545 9.6585 9.40384 9.55533 9.15798 8.90691 8.74069 8.62673 9.28019 8.61186 8.58009 8.5411 8.51352 8.62444 8.33191 8.32025 8.5626 8.50824 8.99432 9.14415 9.49001 9.7945 10.0074 10.622 10.3457 10.3993 11.6448 14.7343 8.6426 9.76972 9.94227 9.66003 9.31391 7.94494 8.9573 9.08297 8.53668 8.14574 8.82478
14.955 9.29043 9.27917 10.5327 9.11743 9.15627 10.1744 10.2044 10.2217 10.1732 10.0437 9.95081 9.18791 8.98188 8.8146 8.71932 9.04432 8.59534 8.10233 7.68182 8.37217 9.29924 10.3065 10.146 10.0883 10.869 9.91153 11.4566 9.43899 9.82338 9.58302 9.2385 9.34445 8.9024 8.74332 8.63844 8.50278 9.32694 8.64216 8.68355 8.70882 8.72296 8.41845 8.35321 8.32398 8.82805 8.86489 9.09309 9.42617 9.72573 10.4593 10.1243 10.1915 10.2231 11.1109 14.6246 8.62713 9.53049 9.71787 9.47872 9.15643 7.53991 8.82908 8.95339 8.37919 7.94311 8.49964
14.9009 9.17067 9.18879 9.24732 10.5965 9.04833 9.10214 10.2964 10.3031 10.1457 10.0439 9.93811 9.8344 9.1406 9.03172 8.7741 8.59927 8.94752 8.37565 7.66932 8.07662 9.22405 10.3007 10.0762 10.0284 10.9032 9.91439 11.3345 9.64766 9.31207 9.69751 9.39622 8.99276 9.14296 8.76965 8.63889 8.51872 8.45518 9.56513 8.8918 8.81966 8.80111 8.55643 8.15993 8.75266 8.65566 8.8411 9.06238 9.34594 10.2559 9.94705 10.0063 10.0568 10.0915 10.5558 14.5293 10.7776 8.77436 8.49653 9.35487 9.15815 8.899 8.64999 8.40632 7.96423 8.19182 7.69272
