wasim_mod/input/grids/ASCII/fundus_25.slp
ncols               193
nrows               326
xllcorner     39436.980
yllcorner    214976.578
cellsize        25.0198
nodata_value -9999.0000
[rows 0 to 29 of 326, columns 67 to 133 of 193]
16.1978 16.6286 16.5424 15.8364 14.4789 13.1718 12.2661 12.0554 12.153 12.5949 13.2391 14.2147 15.5343 17.2055 18.702 19.7806 20.3122 20.878 21.4083 22.0831 22.7583 23.6519 24.7346 25.985 27.4407 29.0021 30.6793 31.8523 32.3422 32.2171 32.0321 32.0668 32.3018 32.683 33.2574 33.9117 34.6638 35.4112 35.9274 35.7566 34.6646 33.1121 31.8193 31.4275 31.8916 33.168 34.6932 36.0583 36.959 37.4781 37.935 38.5058 39.2481 39.6401 39.0581 37.1553 34.6622 32.8675 32.6261 33.4789 34.7446 36.1889 37.8536 38.8487 38.3044 36.4038 34.1522
16.5577 16.9028 16.8561 15.7823 14.1649 12.1322 11.9114 11.849 12.1954 12.5121 13.5191 14.3302 15.7705 17.8216 19.6955 20.0856 20.6392 20.7435 21.8172 22.1945 22.9124 23.8431 25.0937 26.3496 27.7622 29.666 31.1394 32.9098 32.6805 31.9264 31.9192 32.0659 32.2499 32.8246 33.3556 34.1663 34.8674 35.7099 36.4038 36.1847 34.5104 32.2068 31.0664 30.892 31.9322 33.3145 35.5335 36.7569 37.2494 37.7716 37.9326 38.5578 39.5977 40.3312 39.3832 36.878 33.3019 31.3138 32.1923 34.131 34.966 36.4024 38.6425 40.1806 38.7182 35.4701 33.1224
9.77933 9.63532 9.20854 8.89645 7.91045 6.76059 6.84121 6.7139 7.07431 7.40889 7.63547 8.62011 10.5156 13.1319 14.8139 15.2969 14.9661 15.0698 15.3801 15.8742 17.4611 19.2982 20.9803 22.9574 24.5621 25.6762 27.703 29.5959 28.6051 27.8361 28.2035 29.3033 30.0842 28.9346 28.7313 29.2037 33.39 33.5628 33.5594 31.142 27.3837 25.3073 24.2326 25.2567 26.7961 28.6584 30.7996 32.0029 33.0431 33.6298 33.8666 35.0659 35.2906 35.0463 33.7487 31.6694 29.3068 28.891 31.1531 32.5959 32.9555 34.2351 36.47 37.0124 33.5854 29.8172 27.4475
4.3607 4.33856 4.65674 4.74098 3.64713 3.54752 5.28708 5.19667 4.15276 3.87842 4.03143 5.20919 6.94368 8.80704 10.0562 10.2833 9.5858 10.1982 11.1375 13.0032 14.859 16.5911 18.1849 19.6285 20.6078 22.2052 25.0421 26.0535 24.3712 23.2703 23.2097 24.2439 24.0713 22.0269 21.8468 25.9953 31.5349 28.9174 27.3204 22.9547 19.1492 17.2594 16.794 18.1367 19.8325 22.3241 24.0709 25.9696 28.0596 28.6139 29.3191 29.8746 29.1946 27.6329 26.6598 25.1386 23.8766 25.6484 28.6185 29.3496 29.5505 30.2292 32.312 31.4792 27.0411 23.8235 20.8895
2.65909 4.324 6.51927 8.95912 10.3679 10.6413 11.2811 12.2207 11.2446 9.87892 8.8175 7.72248 8.0946 9.08893 10.1632 11.1255 11.1456 11.1768 12.3596 13.989 15.7562 17.7299 19.091 19.0255 19.772 22.1602 25.0132 24.8234 21.4423 20.1129 21.5008 21.3965 19.1268 21.5349 20.6681 26.9168 29.0943 22.4647 18.2641 13.9881 12.4259 13.5482 13.4554 13.8809 16.7244 19.8256 23.164 25.6236 25.5648 24.9885 24.9679 24.0438 21.8814 20.0902 18.7415 16.9317 17.4087 22.1 24.8821 25.2289 24.4194 25.0604 27.5718 26.1541 21.7382 19.0749 17.9058
9.18404 11.7879 14.145 16.735 18.9986 20.3732 20.2071 20.9028 19.9304 18.9654 17.6358 16.3943 15.6518 16.6816 17.2999 17.9417 18.2387 18.6769 18.6216 19.6905 21.7084 22.6187 22.6699 22.4692 22.6189 24.0581 26.4028 28.0845 27.0711 25.4459 24.0243 24.3208 24.5292 18.4171 15.7667 23.0888 23.8285 17.4504 13.6176 13.5573 13.4872 14.0649 16.5881 18.972 20.5396 23.3365 24.9125 26.9335 27.7066 26.4604 24.4942 21.6987 18.4713 16.2285 14.1902 12.4299 15.1086 19.9981 23.5888 23.9127 21.7828 22.5409 24.3849 23.977 21.708 20.3467 19.6506
18.388 21.6233 23.4937 24.5668 26.2907 27.1947 27.6025 27.7546 27.5774 26.2926 24.9054 24.2631 23.2429 23.5044 24.518 25.4727 25.0007 24.8554 24.762 24.71 25.9196 27.692 28.2741 27.3185 26.7406 27.5403 28.7808 30.8148 32.1516 32.5459 32.1915 31.2761 30.4158 28.5392 23.0865 17.6637 14.0715 14.2007 16.0587 18.5991 19.8304 21.6387 22.5896 25.7401 27.219 29.5142 31.0287 31.532 32.1226 31.064 28.9854 25.3753 21.2174 18.1489 16.9357 17.1585 19.203 22.8672 24.1697 24.4361 24.8413 24.8059 24.3378 24.1966 24.1946 22.9743 22.4863
27.5141 29.5183 30.7161 31.6968 31.6399 31.6611 32.2655 32.2433 32.6298 31.4566 30.0761 29.6878 29.2505 28.7644 29.2717 30.8922 30.9495 29.5042 28.9562 28.6417 28.9952 30.3471 32.2591 32.7927 31.5061 31.0311 31.8927 33.013 34.7293 36.0561 37.0126 37.267 36.7796 34.502 31.4561 27.2991 23.2748 21.0432 21.6813 24.531 26.1208 27.5735 28.9114 30.6673 32.2689 33.7042 35.5679 35.9444 36.2086 35.2733 32.7243 30.167 26.9832 24.0187 22.4948 22.3447 23.559 26.6578 28.5103 27.9391 28.2032 28.7661 28.4987 26.6169 25.9614 26.2461 25.2585
33.4523 33.9935 34.9985 35.6516 35.4969 35.2529 34.9806 34.9236 35.7057 34.4491 33.0904 32.5742 31.8981 31.9175 32.2231 33.0282 33.1256 31.8054 30.5401 29.8178 29.7344 31.0475 34.0583 36.6592 36.0969 34.3929 33.8825 34.6321 36.0711 37.6821 39.3776 40.3715 41.0651 39.6105 36.4118 33.2966 30.7281 29.2232 29.114 30.284 31.7994 32.3275 33.4897 34.0142 35.1673 36.1506 37.9204 39.0672 39.1479 38.68 36.7005 34.3034 32.1179 29.2586 27.0267 26.2534 27.016 28.6496 31.0921 31.7961 31.654 31.7709 31.9025 31.2357 29.2952 29.1597 29.0775
36.1637 36.4143 36.5005 36.2318 36.1554 36.2702 35.9307 35.6617 36.1167 35.4382 33.6645 32.9191 32.032 31.545 31.8439 32.2209 32.9453 31.8089 29.8584 29.3918 28.9472 30.04 33.253 37.277 38.619 36.9785 35.3951 35.3731 36.1797 37.9495 39.7763 41.2592 42.6326 42.6286 39.8164 36.9197 35.7969 35.5939 35.2832 35.0005 35.4423 34.9776 34.4154 34.6358 35.5322 36.7085 38.2507 39.9672 40.8677 40.5986 39.3502 37.7121 35.8539 33.3232 30.4067 29.1475 30.0715 31.1289 32.6251 34.5387 34.7492 34.769 34.6269 34.5302 33.5293 32.5319 32.4086
36.8544 36.1675 35.5486 34.9064 34.4474 34.4602 34.8333 34.4999 33.6276 33.8634 32.2608 30.6655 29.1327 28.62 27.8887 28.3448 31.5089 32.1188 30.7623 30.0694 30.3827 30.752 31.5793 35.0371 38.6951 38.4454 36.0694 34.9996 35.1298 37.2971 39.6704 40.9716 42.5087 43.4932 41.8394 39.0727 37.8632 37.7564 37.4844 36.8708 36.2794 35.4605 33.7212 33.5443 34.3166 35.8655 37.6079 39.4703 40.9724 42.0018 41.5017 39.4136 37.3997 35.305 33.0511 31.7869 32.1723 33.6679 34.3753 35.9461 36.6796 36.559 36.3047 36.245 35.4301 34.9828 34.8077
35.3029 33.9795 33.4062 32.9124 32.4799 32.3399 32.5733 32.0569 29.6974 29.3744 29.4763 28.1735 26.4894 25.9035 25.5599 25.8714 29.4013 33.2175 35.2617 35.6148 35.6232 34.7444 33.3626 34.4467 37.6199 38.7975 36.843 34.2936 33.8475 35.2569 37.8333 39.4543 40.4553 41.8528 41.6455 39.7483 37.8113 36.9672 37.0401 36.4853 34.9926 34.2644 32.8721 32.0459 32.928 34.145 36.4299 38.4694 40.4575 42.507 44.1175 41.8385 38.6503 36.5353 35.0967 33.6281 33.6707 35.1375 36.677 37.1822 37.4366 37.0517 35.9696 35.5418 34.6904 34.649 35.6408
32.6802 32.2516 31.3952 30.6568 30.4457 30.606 30.7873 30.6259 28.8063 26.6524 27.288 27.5127 27.6158 27.0557 27.9661 28.7579 30.0394 34.4942 39.6261 42.4136 41.571 39.3878 37.9022 36.9829 38.3131 39.1166 38.532 35.6714 34.2836 34.8835 36.7585 38.2527 38.5206 39.2944 39.8518 39.3458 37.1625 35.5402 35.3679 35.5066 34.4137 33.8828 33.3973 32.6136 32.3444 33.0184 34.7837 36.7762 39.5685 42.0901 44.6646 44.6174 40.8357 37.8072 36.7397 35.8811 35.233 35.4096 36.8181 37.6742 37.7171 36.4887 34.8097 33.6689 32.8277 32.2922 33.9536
30.1542 30.6784 29.8994 29.4037 29.3984 29.3701 29.9353 31.4769 31.9132 29.978 29.6756 29.7696 30.4007 31.7636 33.1682 33.8289 34.2281 37.1998 41.9285 45.1102 44.875 43.1647 41.2862 39.1924 39.4413 40.3593 39.9664 38.1289 36.0668 36.2199 38.5595 40.0755 39.6042 39.4905 39.7668 39.2443 37.4978 35.1665 34.5065 34.7932 35.1434 34.9506 35.3092 35.5342 34.5916 33.8872 33.7121 34.5101 37.05 40.2053 42.8464 44.6048 42.6695 39.5381 37.6127 37.0404 36.0586 35.1691 34.5195 35.6712 36.8054 35.6628 33.7642 31.776 30.9586 30.4273 31.5198
28.135 29.2599 29.1235 29.6776 30.0351 29.1908 28.6877 32.8343 35.9634 36.1923 35.3613 33.662 33.7418 36.5159 38.1619 38.4217 39.3067 40.7851 42.3297 43.686 45.0197 44.3658 42.1823 40.1534 39.5409 41.1793 40.9916 39.6691 37.6829 37.4557 40.3003 43.0451 42.4698 41.7126 41.6272 40.4086 38.8708 37.0285 36.1486 35.6684 36.0392 36.1152 37.1424 38.2612 38.1672 36.8493 34.7365 33.2419 33.9514 36.8844 40.7533 43.1216 42.2884 40.3955 38.405 36.4886 35.1305 34.1181 32.9073 33.444 35.0644 35.1834 33.3896 31.1425 29.0517 28.3305 29.4411
27.6546 28.3722 29.8639 30.6423 30.2483 29.5941 28.6342 32.4256 37.0919 38.9077 39.3049 38.4733 38.4356 39.5139 40.4382 41.1381 41.771 42.5009 40.713 39.9829 42.1538 42.4405 41.9069 41.2263 39.6727 40.1897 41.1019 40.9427 39.4319 38.466 40.6699 43.9622 44.7824 43.637 43.5462 42.6808 40.7311 39.7085 38.3264 37.4003 37.2347 37.1614 38.2757 40.2651 41.0521 39.7992 37.2012 33.954 32.1683 33.7627 38.3422 41.9442 41.3648 38.9894 37.3875 35.2999 33.8373 32.8546 32.5813 33.1728 34.878 35.3764 33.4364 31.1084 28.7033 26.9024 27.1818
28.5176 28.9597 30.8563 31.494 30.2349 30.1263 31.1967 32.6881 35.5721 37.4156 39.4303 41.232 41.8716 41.1613 41.146 41.6493 41.6008 41.2494 38.3133 37.0665 38.779 39.9306 40.6923 41.3616 40.4062 39.3533 39.8407 40.465 40.3283 39.2227 39.0198 41.5793 43.8873 43.4949 42.6716 42.5341 41.5688 40.441 38.8734 37.9056 38.2431 38.6495 39.2863 40.4571 42.2699 42.2967 39.9199 35.3772 31.9619 31.7089 35.1171 39.6077 40.2064 37.2158 34.5991 33.0676 32.0715 31.9976 32.6346 33.8565 35.6144 35.8704 34.1545 31.5451 29.2303 27.148 26.2988
29.3639 29.9891 31.0438 31.749 31.0397 30.8947 32.4647 33.1181 34.1538 35.2634 37.1383 39.8165 40.2937 40.2092 39.8126 38.8069 38.1416 36.7804 34.9339 33.7573 34.7446 36.7352 38.2538 39.3049 39.49 38.6207 38.7914 38.7912 39.5036 39.3035 38.1637 39.0478 40.7173 41.3725 40.3615 39.8034 39.5578 38.3623 36.8749 36.0733 36.9688 38.4053 39.2924 40.3302 42.0672 44.1611 43.287 38.4085 32.9408 30.1862 30.8988 34.5733 36.8186 34.8982 31.8462 30.5213 30.1458 31.3972 32.5637 33.8588 35.6316 36.1525 34.8865 32.5322 30.048 28.0178 27.2505
29.1945 30.2436 31.0846 30.8091 30.7879 30.701 31.0643 31.3078 31.9123 32.6236 33.174 34.6091 34.7363 35.0936 34.6445 32.8963 31.1259 29.5994 29.4921 29.1925 29.4586 31.1206 33.2119 35.2406 36.6369 36.5801 36.9112 37.0653 37.3749 37.8014 38.3405 38.5735 39.1845 39.4515 38.9739 37.9352 36.5707 35.013 33.6162 32.5713 33.4823 35.2684 36.7041 38.9676 41.3442 44.4356 46.2974 43.8446 37.9216 32.2794 29.2704 30.778 33.5147 32.1237 28.938 27.9536 28.4013 30.1171 32.3203 33.3166 34.6373 35.6908 35.1271 33.4038 31.0873 28.8205 27.5957
28.6769 30.0305 29.8512 28.6159 28.8271 28.9712 28.7289 28.4344 28.0545 28.1008 28.0499 28.0469 28.5446 27.9871 27.0399 26.7303 24.9738 22.8761 23.9906 25.3958 25.8076 26.1975 27.8528 30.4983 32.5647 33.2947 33.6892 34.6161 34.3694 34.9623 36.2212 37.1861 38.1202 38.6725 38.4121 36.7966 34.553 32.3385 30.6217 29.1382 29.4724 31.4376 33.5987 35.9183 38.8141 42.2236 46.0919 47.1791 43.8517 38.2843 33.3705 32.2642 32.3204 30.346 27.3074 26.1365 27.5857 29.0179 30.6721 32.2649 33.37 34.0738 34.3669 33.7971 32.022 30.2633 28.6375
28.2725 28.84 27.638 25.2814 24.9666 25.0571 24.9268 24.8828 24.1326 23.5804 23.3633 23.1386 23.3 21.9291 20.1947 20.6752 20.8618 19.8602 20.8425 22.8839 24.184 24.355 24.8424 26.199 28.3621 29.2496 29.8299 30.7137 31.5158 31.7658 32.2261 33.9243 35.1607 36.7369 37.3873 35.9481 33.8915 31.1403 28.9021 27.0618 26.3726 28.2933 30.92 32.7967 34.5799 37.8772 42.8997 46.7388 46.5289 43.278 39.2782 36.8681 33.7155 29.7706 26.5693 25.2419 26.5868 28.38 29.7247 30.3493 31.1475 32.2463 32.6754 32.7388 31.7881 30.514 29.2571
27.1647 26.9378 24.4417 21.0342 21.4804 21.959 21.729 21.2287 21.5569 21.1243 19.9293 19.3635 18.2922 17.325 16.5616 16.9732 17.4773 18.4402 20.3998 21.9696 23.0699 23.8861 24.3298 24.0965 24.8688 25.7433 26.2698 26.5956 27.4365 28.1623 28.1903 29.5789 31.2521 33.3065 34.9934 34.6708 33.6783 31.6359 28.8476 26.0673 24.341 25.2326 27.9215 29.9547 30.8722 32.2766 38.0009 44.0928 46.5266 45.4726 43.5367 41.5995 37.3853 31.6068 27.4232 25.5942 26.303 27.9141 29.0615 28.5108 28.5134 29.8048 30.5394 30.5394 30.1671 29.2302 28.233
25.1736 23.9299 20.6547 17.7393 18.7396 20.4325 20.6292 20.0243 19.9787 19.6436 18.1783 16.7314 14.7118 13.5926 13.9123 15.4537 15.7849 16.8106 19.4106 21.7225 22.3957 23.083 23.9625 24.0921 23.0968 23.0475 23.4657 24.6394 24.7089 24.824 25.2669 26.4929 28.2802 30.3799 32.1347 32.8811 32.9265 32.408 29.8697 26.8357 24.4921 23.9588 24.5017 26.6461 27.8458 28.5789 33.0255 40.6947 45.7616 46.2741 45.4211 45.1378 42.6229 36.313 30.5158 27.9288 28.1513 28.9886 29.0099 27.46 26.897 27.6996 28.3855 28.445 28.0478 27.5232 26.3943
23.2109 21.3081 18.2155 15.8121 15.8725 17.9302 18.8182 19.6665 19.3446 18.6444 18 16.4625 14.2657 12.5434 12.4793 14.0503 14.8777 15.9243 18.1411 20.5864 21.9299 22.6211 23.2834 24.0491 23.8176 22.8246 22.0356 22.967 23.7515 23.583 23.3434 24.4693 26.8261 29.2644 31.1401 31.7717 32.5838 33.1756 31.6276 29.0056 26.9303 25.4916 24.0395 25.6771 26.3961 26.6045 30.0082 37.5661 43.9233 45.7577 45.1255 46.1199 46.4727 42.309 35.6579 31.4597 31.4028 31.9987 31.2851 29.0722 27.3469 27.0285 26.4963 26.8108 26.9824 26.4705 25.191
22.7525 20.1091 17.1254 15.2238 14.6587 16.1122 17.097 18.2216 19.0425 18.7937 17.9789 17.0745 16.0599 14.3928 13.6529 13.2415 14.3786 15.4259 17.5568 19.4331 20.9944 22.3615 23.6673 24.4581 24.7679 24.5017 23.2353 22.7756 22.9575 22.782 22.3122 22.9145 25.3184 28.2801 31.2748 32.4291 33.3241 34.248 33.8574 32.0751 30.1171 28.4095 26.6245 26.8186 27.521 26.5957 28.7795 35.5148 41.8019 44.487 44.0375 44.9282 46.8757 44.7568 39.5569 35.0127 33.9464 35.1364 34.1833 31.6769 29.7061 28.2261 26.3903 26.0616 26.5765 25.6315 24.8176
22.0194 19.617 18.3217 16.4005 15.3304 15.9381 17.3188 17.7505 18.5968 19.244 19.3531 18.9284 17.9866 17.0436 16.4225 14.6276 13.7951 14.3757 16.4099 18.3828 19.6975 21.2382 23.5263 25.302 25.585 25.902 25.2843 24.6043 23.7241 22.6957 22.0431 22.6877 24.8195 27.4532 30.5374 32.981 34.208 35.4759 35.4601 34.4639 32.875 31.5828 30.4498 29.4791 29.1521 27.5025 28.5987 34.3573 39.6257 42.875 44.113 44.1357 45.3254 44.9652 41.4878 37.6283 35.5964 36.3903 36.6249 34.6772 32.2399 30.1449 28.4326 26.5034 25.8962 25.8332 24.6006
21.0943 21.0954 19.6102 17.6006 16.8538 17.4549 18.1268 18.4272 18.6617 19.1818 20.225 20.8206 20.3239 19.5152 18.8408 17.996 15.8503 14.6838 15.5902 17.327 18.4584 20.723 22.6495 25.2886 26.1669 26.5719 26.4867 26.4148 26.2451 24.7513 23.657 23.6513 25.2256 27.6501 29.8747 32.5385 34.4003 35.7896 36.4128 35.1558 34.1416 33.6636 33.3231 32.7188 32.1908 29.6237 28.8787 33.2489 37.5597 40.6759 44.2206 44.637 43.5694 43.8723 42.331 38.9706 36.848 36.9562 37.8844 36.9759 34.8596 32.4026 30.7124 28.4565 26.4839 26.5352 25.6604
21.6959 21.8646 20.1227 19.3324 18.816 19.2045 19.7738 19.6323 19.8153 20.715 21.3715 21.5402 22.0526 21.9559 21.1758 20.5958 19.5362 17.426 17.0655 18.2777 18.5932 19.926 21.3086 23.5897 25.6946 26.889 27.2945 27.0176 27.7403 27.5295 26.79 26.2278 26.2661 28.2589 30.3007 31.5524 33.2497 34.3962 35.819 35.0558 33.9056 34.0749 33.9752 33.625 33.7761 31.9886 29.7681 32.1484 35.5197 37.7078 41.9877 44.5376 43.0282 42.4723 42.3153 39.6194 37.3377 37.3382 38.4478 38.3153 36.8661 34.8344 32.5081 30.7134 28.7179 27.7974 27.1445
23.2958 22.6913 22.0568 21.2569 20.5274 20.3538 22.2941 22.2546 22.6598 23.1727 23.4968 23.4277 23.7266 24.2921 24.1673 22.9237 22.5386 20.9808 19.5242 19.4503 19.432 18.982 19.5864 20.7794 23.0447 25.4394 27.5689 27.8021 27.9983 28.5708 28.2121 28.0029 27.8878 28.7945 29.8326 30.5732 31.7292 32.5517 33.9429 34.5431 33.2473 32.9703 33.185 32.6029 32.6346 31.945 29.9043 30.8675 34.1532 35.8466 37.8859 41.2548 41.7866 41.0014 41.2175 40.178 37.6264 37.3455 38.5333 38.8059 37.8845 36.4621 33.9509 32.148 31.0697 29.604 28.229
24.3997 24.2649 23.8663 22.7713 21.8763 22.2268 23.5087 24.6524 25.249 24.6172 24.5634 25.5249 25.9923 26.5218 27.3352 26.011 25.1155 24.3484 22.3002 20.7571 19.4022 18.6848 19.1707 19.7533 21.0236 22.8148 25.7857 27.4451 27.5569 27.9533 27.8215 27.7604 28.2708 28.6842 28.1391 28.727 29.8136 30.4379 31.204 32.6211 31.8701 31.2198 31.8094 31.6865 31.7675 30.9771 29.8199 30.3724 33.4767 35.8099 35.1744 36.6402 39.0311 39.02 38.7942 39.186 37.8869 37.1823 38.9755 39.4199 37.7844 36.6533 34.9787 32.6561 31.6009 30.8833 29.7832
