wasim_mod/input/grids/ASCII/fundus_25.slp
ncols               193
nrows               326
xllcorner     39436.980
yllcorner    214976.578
cellsize        25.0198
nodata_value -9999.0000
[rows 180 to 209 of 326, columns 0 to 66 of 193]
36.0124 35.2801 32.9895 30.5686 28.375 25.4377 21.8991 19.3593 19.0065 18.5115 17.5566 16.4614 16.3513 15.9815 15.0471 14.7855 17.5027 25.1054 31.1541 36.5062 34.8765 35.9219 45.565 52.4518 50.1834 41.5968 39.0227 36.0873 33.5536 32.5262 30.803 27.8695 25.9544 29.2915 31.7146 34.8797 41.1934 48.828 55.767 59.2393 60.4298 54.2386 49.5933 47.536 45.7743 44.8607 43.2695 41.2483 40.4325 39.9487 38.2619 35.2516 32.6784 31.1101 30.442 29.5106 28.1477 27.3277 30.6012 34.1806 36.2812 36.4581 35.9239 34.552 32.9789 32.3463 31.596
33.1411 32.132 28.854 26.4295 24.412 21.1211 18.2593 17.5921 17.1669 16.8564 16.5614 15.048 14.0797 14.5028 13.9151 15.0196 20.1226 27.5036 33.1359 36.4108 35.5201 38.8447 46.8156 52.3464 47.2345 37.6778 36.7699 36.215 34.6676 32.1016 29.0385 26.3042 27.8848 31.0395 32.5117 36.8396 48.1578 57.2034 59.3497 56.9564 51.2698 45.7208 43.8989 42.7784 41.2236 42.2339 42.8318 42.2394 41.6743 40.9376 39.3248 36.8687 34.2973 31.6595 28.8523 27.2332 25.7355 26.2113 28.9909 32.0401 33.9076 34.25 33.8502 33.1159 32.1465 31.697 31.3714
30.466 29.14 25.7601 23.2506 20.7626 17.5881 16.1655 16.0965 15.2687 15.8962 15.227 13.9633 13.0998 13.4472 14.183 17.104 22.7383 29.222 34.4609 36.7576 36.9976 42.2582 49.1363 48.4399 41.3183 36.1813 35.9058 36.2233 33.9746 31.0765 28.8237 26.954 27.1164 25.1577 35.8489 42.5796 52.1141 55.4465 51.6183 44.2389 40.9088 42.1174 41.8318 38.1578 36.4263 40.0168 43.2976 43.3439 42.5531 41.9149 40.6973 38.4034 34.958 31.4101 28.1207 25.3363 24.0721 25.1272 27.5377 30.6804 32.113 32.7982 32.8549 32.158 31.2942 30.6757 30.6434
28.379 27.4511 23.7711 19.8317 17.2045 15.2358 14.9016 14.0171 13.3722 13.6916 12.9809 12.7143 12.7299 13.0801 16.3876 20.0123 24.4793 30.5291 35.6947 37.1116 40.6628 46.4937 46.7349 40.8887 35.8435 35.0348 35.1423 34.5937 32.1893 29.3898 27.2462 27.7209 27.8894 26.6558 38.3001 43.6899 49.6971 48.2554 39.9763 32.8599 37.1245 42.7789 41.8792 36.5179 34.5975 38.546 43.1159 43.9151 43.3766 43.0088 41.7475 40.0067 36.7156 31.6679 26.874 24.4611 23.5639 24.2288 27.082 29.9977 31.2854 31.9326 31.5374 30.9725 30.1759 29.7186 30.2877
26.8161 26.4587 21.7982 17.691 14.0014 12.8363 12.2149 11.1305 11.0261 10.1364 10.1876 10.4908 11.6532 13.9232 18.5761 22.3477 25.9446 31.779 37.238 38.23 41.6816 45.8126 43.9315 37.6062 32.9347 33.5715 33.8893 31.5266 28.8293 26.6507 24.5404 24.4803 28.7727 35.1803 35.2423 40.5755 42.9841 39.1346 32.6728 30.1726 36.3459 41.6747 40.9835 36.6345 34.9627 39.2438 43.0674 43.2616 43.1773 44.2324 43.9006 41.2527 36.9043 31.5796 27.3303 24.2626 22.6192 23.7867 26.7531 28.8933 30.0306 30.7706 31.2059 31.2741 30.1771 29.268 28.7442
25.6654 24.9755 20.8996 17.6495 13.2265 10.7276 9.7236 8.96921 8.1108 6.56724 7.48704 8.7883 10.365 14.568 19.475 23.5124 27.7566 33.908 38.5004 39.6452 41.2138 43.6556 42.9673 37.7053 32.4728 31.9602 31.5999 28.0894 24.5825 22.6784 20.6532 20.2708 24.2807 31.0542 31.8156 35.93 34.9268 33.2619 31.5646 32.3388 36.4449 39.0836 38.7242 36.8428 37.0916 40.4626 42.2799 42.1212 43.2729 45.4952 45.1363 41.8668 36.9306 31.7691 27.1073 23.2628 22.1256 23.5866 26.3194 28.1248 29.5671 30.7507 31.8218 31.4159 29.5978 27.4817 26.0906
25.2679 24.4114 21.8752 18.9947 15.7926 12.0927 10.4436 8.93745 7.04901 5.9829 7.07099 9.0953 10.592 15.2881 19.9457 24.9081 29.822 35.7367 39.1027 40.4364 41.6021 42.5528 42.722 38.696 32.7016 29.8774 28.5515 25.4968 20.9482 18.5042 17.3884 16.5889 18.2939 21.7709 25.0544 26.4355 29.3427 31.8012 32.7109 33.948 35.4434 35.9618 35.9859 36.3259 38.9406 40.5616 40.6002 41.3711 43.7257 46.2207 45.4593 42.1255 36.9129 30.901 25.8302 22.386 21.8297 23.7324 26.0363 28.0632 29.5704 30.7477 31.6561 30.768 28.1629 25.6262 24.2032
26.2683 26.0195 24.575 22.5247 20.1296 17.157 14.3157 12.1888 10.2207 9.52129 11.1305 11.8823 12.5795 16.4472 21.2817 26.0975 31.3599 37.2567 40.4653 41.2629 42.3292 43.0979 42.5405 39.1424 34.0372 29.1699 25.6555 21.6632 16.197 13.7012 13.4224 12.6194 12.653 14.36 18.9747 24.027 27.8593 31.0287 32.9556 34.5358 34.7736 33.5011 33.341 35.4335 38.6705 39.3786 39.123 41.2415 44.5344 45.992 45.3879 42.6557 36.6647 29.2043 24.866 23.0967 22.7167 24.0568 26.1576 28.5464 29.8755 30.1039 30.4356 29.3296 26.4374 24.1216 22.9774
28.7476 29.3745 28.7973 27.4779 25.9977 23.3945 20.7184 18.569 17.1026 15.775 15.6429 14.7306 14.9439 17.4115 22.5787 27.1718 32.5298 38.8013 42.4432 42.7847 43.5104 44.0287 42.6904 39.6689 35.0448 29.174 23.6818 17.6072 11.6708 8.19815 8.79868 8.34108 8.10077 10.8994 16.9973 21.7191 25.6799 30.951 35.3189 36.4663 34.8003 32.8583 31.5237 33.3018 36.3396 37.9219 38.9398 41.3091 44.2084 45.4512 45.9423 43.8756 37.4477 29.7125 25.0841 24.3625 25.0584 25.6056 26.5785 28.3864 29.508 29.7811 28.6498 26.7304 25.2341 23.7364 22.6099
31.871 33.3281 33.0224 31.8369 31.2919 29.4157 26.883 24.8488 23.2921 20.9753 17.2757 14.7674 15.8714 18.4551 23.3667 28.052 33.5352 40.2955 44.4691 45.3607 45.537 45.16 43.3078 40.2937 35.6613 29.36 21.8011 13.9815 10.0316 5.27294 3.36353 3.6723 3.25554 7.66557 15.5833 20.6412 24.4554 30.9446 37.0634 38.1811 35.6243 32.8963 31.7367 32.8899 34.6579 36.3357 38.4349 40.7147 43.1685 44.9723 45.8289 44.9426 39.5844 32.6212 28.8296 27.0762 26.7407 27.0842 27.9695 28.3834 28.7124 28.8521 27.8518 25.8916 24.3803 24.144 23.4107
34.6333 36.0338 35.8666 34.9266 33.9793 32.6993 30.8569 28.7939 26.5694 23.1038 17.6868 14.6549 16.1087 19.6515 23.7922 28.9046 34.2735 42.2399 46.8485 47.4612 47.856 46.4463 44.0025 40.6654 35.4482 28.8303 20.1161 11.8134 8.78167 4.44957 2.91078 2.18219 3.23422 7.31543 14.7472 20.759 25.1764 31.8288 38.1451 40.4447 38.3529 35.7228 34.3848 33.3115 33.8598 35.8418 37.9983 39.9602 42.747 45.0757 45.3704 44.2106 40.8302 35.3724 31.8242 29.7642 28.5149 27.8349 28.1545 29.3245 29.3921 28.5608 26.7153 24.7999 24.2467 24.2483 23.5271
35.9914 37.3001 36.3999 35.9778 34.1867 32.3784 30.9657 29.2449 27.6392 24.4563 19.7731 16.6537 17.8201 22.367 25.6267 29.3873 36.7359 44.8634 46.8277 48.2206 49.3573 47.5563 45.087 40.6456 34.4705 26.7392 18.1978 11.2779 9.08345 3.90231 3.97287 4.52353 7.68144 10.3861 15.8123 22.0405 26.9919 33.4791 39.3932 42.3646 41.8567 39.3245 37.6395 35.7966 34.7308 36.3548 37.4695 39.2049 42.8716 45.9026 46.1681 44.3639 41.9782 37.0525 32.0923 30.8103 30.6478 28.8395 28.255 30.1884 30.044 28.4103 25.595 23.6919 24.0097 24.0373 23.5243
35.0953 35.9985 34.6616 33.6427 31.5921 29.7742 27.8912 26.331 25.4192 25.4299 22.8041 20.5443 21.7419 24.5821 27.7866 31.3924 38.8448 43.1433 44.7846 48.9242 51.4001 50.7927 46.0471 39.0585 31.2996 23.2649 15.8322 10.8509 11.5157 8.71756 9.09809 12.0527 13.8774 14.9519 18.4754 22.9856 27.5172 33.542 39.542 42.658 44.0287 43.2838 40.4589 36.7693 34.6359 35.6994 36.1995 37.0699 42.5749 47.7628 48.8921 47.1375 43.5896 37.0494 30.2711 30.2682 32.6224 31.0515 29.2768 30.3162 29.6948 27.586 25.3776 23.591 23.4783 23.2612 22.7138
31.7034 31.091 30.9867 29.2868 27.1821 25.5059 23.8088 22.2582 21.8928 24.8192 25.6489 24.0988 25.2795 27.9948 30.5765 33.9202 40.1265 41.6907 39.5892 45.7215 53.801 53.4941 47.0482 39.255 28.8982 20.4375 14.8571 12.761 14.7851 18.223 20.5864 22.0177 21.5801 21.8158 22.622 24.5754 27.4613 32.325 38.6959 42.0192 43.6102 45.2384 43.9942 38.8786 34.675 33.9154 33.5823 34.4197 39.7596 48.5679 53.2039 51.2814 46.1192 35.5371 26.8937 28.8118 33.1389 34.0599 31.8746 29.5428 28.0744 26.6845 26.0038 24.3071 22.5129 22.0683 21.0481
27.0941 24.6287 26.7803 26.8727 24.425 21.2632 19.9761 19.8578 21.6631 25.1394 26.9108 26.9867 28.417 31.3845 33.3335 35.6697 40.2569 38.3403 34.7661 44.515 55.0115 55.2129 47.6869 38.6099 28.231 20.3417 17.1487 17.609 20.5145 25.1166 27.5877 28.2052 28.0439 26.9105 25.9218 26.2608 27.6452 31.888 38.3005 42.5645 44.735 46.3559 44.8702 40.423 37.0793 34.9081 31.6505 30.8768 35.6987 46.2432 55.3656 49.475 48.8276 44.8045 30.5879 29.7012 33.684 35.1706 33.2941 29.7394 28.4729 27.5933 26.1764 23.7328 21.6248 20.943 19.6352
23.4583 20.9533 23.9149 26.183 24.7315 20.205 18.5713 19.8623 22.9274 27.0054 29.636 29.5733 30.1775 32.9419 34.8559 36.3052 39.5255 36.1684 34.905 47.0723 55.2331 54.4647 47.064 37.5049 28.8755 22.8658 21.8336 23.9256 26.7594 29.5091 31.2648 32.2556 31.366 29.1638 28.5256 27.8619 28.3282 31.4557 37.8958 43.6036 47.1031 48.0387 45.6051 41.867 39.3959 36.2866 30.6763 28.2559 31.8764 41.7605 55.2256 48.1209 47.2058 49.5046 33.9595 31.6966 36.3593 36.4077 33.4563 30.6862 29.7503 29.0256 26.5958 23.4609 21.0613 19.1753 18.407
22.0096 21.157 23.7772 25.2501 24.8903 21.6158 19.5031 20.7964 24.9287 29.921 30.7465 30.0165 31.3287 33.6884 35.5666 36.5873 38.1731 36.8702 40.9269 49.353 52.4302 50.5405 45.3609 38.0263 30.626 26.5603 27.529 29.0587 29.9397 31.3855 32.6097 32.9731 30.7525 29.1726 30.2009 29.8411 29.61 31.1002 36.6671 43.8815 48.7915 49.7275 47.3113 44.1541 41.4228 36.4931 30.0942 27.8941 30.5966 38.2594 53.6159 46.7863 47.4065 51.7165 31.473 31.9382 38.6445 37.1957 33.1612 31.5553 31.5111 30.4135 27.7269 24.2171 21.1404 18.3062 16.6603
22.2098 22.4696 24.7702 25.1482 24.011 22.0383 20.903 22.5681 27.2479 31.2852 31.3408 30.2954 32.5144 35.2188 36.2936 36.1109 34.5995 38.364 45.3483 49.0263 49.8958 47.63 43.7943 38.6414 33.2466 31.1945 32.453 32.5841 31.8384 31.2271 31.5456 29.3354 27.177 27.2962 28.7629 30.5233 30.914 31.4795 35.1937 42.5299 48.5784 50.6521 49.2939 46.9519 43.8252 37.1464 30.7694 29.7327 32.4345 38.4013 52.0469 46.3468 49.2779 52.2127 27.513 30.7225 39.1699 37.325 32.4585 31.3319 32.7391 32.0765 29.1445 25.5055 21.838 18.4307 15.9389
23.0094 23.2031 25.7799 25.488 23.1305 22.3114 23.3906 25.6805 29.5012 32.056 31.8432 31.5818 34.0611 36.6707 37.383 36.6272 34.4445 38.2397 47.0691 49.4327 48.5457 46.657 43.568 39.6245 35.8376 35.2879 36.5382 35.3027 32.5895 29.9635 27.221 23.7779 23.579 24.3468 26.2651 29.6775 32.1234 33.466 35.9172 40.951 45.8982 48.3801 49.0726 48.7474 46.1863 40.1075 33.6641 32.5043 35.3445 40.7119 51.0084 48.702 51.5741 50.6363 27.3695 31.05 37.54 36.0374 31.3176 30.277 32.8877 33.4053 30.7606 26.9816 23.0134 18.7006 16.0546
24.1637 24.1549 26.5822 25.9877 23.7035 24.5906 26.9303 28.5872 31.1462 32.5738 32.842 33.8387 36.2168 38.4183 38.4914 38.2305 35.8895 38.43 47.8979 49.5583 48.3192 46.2318 44.0269 41.3459 39.1716 38.7128 38.7355 36.566 32.1469 28.0351 22.6107 20.0984 20.3915 20.4802 23.2894 28.4188 33.0748 36.2709 37.992 40.3007 43.2014 45.363 46.9461 47.7617 46.1423 41.414 36.4011 34.2006 35.969 41.8371 51.3932 47.8907 50.2309 54.4354 37.4299 30.9843 34.1715 32.8064 29.2808 29.2612 32.6865 33.3681 32.0908 29.2025 24.8539 20.0884 16.0032
25.9748 26.2874 28.2582 27.7562 27.2603 29.6829 30.0935 29.7437 32.097 33.8915 35.2306 36.6032 38.3883 39.856 39.0533 40.1664 38.0149 39.9617 49.049 50.1472 48.7322 46.5773 44.9754 42.8855 41.5703 40.7355 40.1305 36.86 31.4556 26.7555 21.1733 18.4807 17.446 15.5774 18.3393 25.7018 31.5805 37.3401 39.836 40.8052 41.7794 42.5314 44.1842 45.6244 44.2469 40.0003 36.3598 34.6997 36.3429 42.9235 52.1289 49.8319 48.6551 52.6575 43.8083 33.4123 30.3775 29.1093 28.5931 29.1541 31.8274 33.0077 31.8615 29.9217 26.7753 22.2684 18.2752
28.5503 29.2931 30.9402 31.0746 32.9182 34.7266 32.3522 31.915 34.5683 37.0346 38.2339 38.4983 39.5591 40.1308 40.1962 43.8557 34.7121 42.1504 51.0962 51.2574 49.123 47.2508 45.5352 43.9328 42.8344 42.1296 41.3675 37.08 31.3582 25.9562 20.7963 17.5025 14.9611 10.931 14.6068 23.3605 28.748 35.8779 41.1474 43.1472 42.4769 41.3531 42.5586 43.8977 41.0201 36.6319 34.5104 33.6171 36.0232 43.8201 52.4136 53.4378 51.9357 48.6823 41.4134 35.2671 28.4752 27.2143 28.54 28.5985 30.2899 31.9716 31.4357 29.7627 27.6327 24.1586 19.9576
31.605 32.6459 33.8378 35.5232 38.4468 38.808 35.7038 35.5902 38.1635 40.6188 40.5105 39.7978 40.5113 41.2839 43.5792 40.2367 37.0109 51.1727 52.09 51.7905 49.8751 47.5628 45.8499 44.6919 43.9737 44.0933 42.9053 37.654 30.2268 22.4382 15.8535 12.0679 11.6261 11.1904 15.571 23.3206 28.1549 34.3182 41.6683 46.3546 46.2171 43.2917 42.9117 42.529 37.5967 33.9576 33.4412 32.8577 35.9546 44.3064 52.1307 56.1441 54.7613 44.0644 34.7475 33.4497 28.5473 27.548 28.668 28.1363 28.7146 29.9841 29.7618 28.6227 27.1735 24.8445 21.1318
34.8293 35.9309 37.7342 40.1327 42.8504 42.0434 39.3317 39.4744 41.6832 42.9804 42.1272 41.6833 42.5923 44.213 46.9394 43.8431 45.2442 52.555 52.8937 52.2302 49.7226 47.439 45.904 45.8461 46.5929 46.747 43.035 34.0905 22.3312 10.8195 3.52847 6.57126 13.2539 17.6227 23.3493 27.3967 30.6486 36.9354 45.1105 49.0626 47.8993 45.655 45.0038 42.0286 34.4021 31.3662 32.0903 31.3613 35.7169 45.3478 51.8153 54.5241 54.0366 47.0771 34.8678 29.3151 28.752 27.9904 28.1611 28.3756 28.3389 27.8209 26.6901 26.3989 25.588 23.7725 21.1005
38.2666 39.1354 42.2157 44.803 46.54 45.2568 43.2125 43.6 44.6724 44.6737 44.3054 44.5704 46.2855 48.091 50.322 47.3647 46.7936 53.752 53.2577 51.8066 49.265 47.2216 47.1516 48.7376 49.1908 46.2992 38.3796 25.1375 9.71129 3.7048 10.6896 17.2191 22.7265 27.1489 30.2458 32.1411 35.5452 41.4042 47.3378 48.7471 47.2674 46.6525 45.54 40.0407 32.2849 30.5425 31.9228 32.8134 38.885 47.7371 51.4301 50.982 50.0827 45.1295 36.7595 31.8746 29.7766 28.3132 27.8047 28.0864 28.0368 26.3763 24.5533 23.7221 22.8988 21.5586 19.7661
41.8908 43.1708 46.9796 49.7446 50.5755 48.7887 47.1006 47.2147 47.5167 47.5637 47.1201 47.9081 50.252 51.3849 53.2986 49.9641 47.8753 54.3971 53.1758 51.4655 49.421 48.5413 49.6694 51.1977 49.1833 42.6133 31.4736 17.9099 9.06947 14.0768 20.3982 24.6927 29.5288 32.9409 34.4625 37.3163 40.0001 43.2708 46.2129 46.8361 46.3317 46.0075 44.6423 38.7486 32.2696 32.0469 34.6672 36.9848 42.111 48.7813 50.7609 48.0823 45.236 42.0127 37.4734 33.381 30.7685 28.572 27.0667 27.2769 26.9529 25.2595 23.1026 21.5295 20.0456 18.5726 17.2018
44.8971 46.9906 49.0426 49.4016 48.3257 52.5411 50.983 51.2762 51.338 50.7321 49.6035 51.1794 52.5683 52.4614 54.2574 49.2721 48.7503 54.5227 53.0172 51.383 50.3009 50.4781 52.0883 51.767 46.0909 35.786 23.3577 16.8911 20.4257 25.0325 26.5657 29.5166 33.4168 35.1856 37.1921 39.9434 41.0379 42.0826 42.9286 44.0065 44.9558 45.1816 43.3359 38.4709 34.1944 35.2423 38.4341 40.5189 43.895 47.9914 48.535 45.3817 41.3275 39.0845 36.6237 33.085 30.6069 28.5705 27.323 27.3074 26.8353 24.8042 22.2234 20.0389 17.7586 16.6092 14.8007
46.6282 47.5364 46.9403 46.2277 52.0951 54.7689 48.8908 48.9194 53.1815 52.2386 51.6785 52.6019 51.9786 51.2517 52.4675 36.2186 48.2195 53.009 51.5206 51.3309 51.9028 52.3876 52.7444 48.9224 39.144 26.484 15.3034 17.7888 31.1248 33.0723 31.0253 33.1726 35.209 35.9626 38.4453 39.5267 38.9736 39.2895 39.6352 40.4543 42.7508 43.9601 41.8402 38.7854 36.7935 38.4565 40.6338 41.6593 43.2735 44.9385 44.9727 42.4744 38.5343 36.5604 34.8547 32.0486 29.6142 28.1285 27.561 27.563 26.9961 24.8092 21.6646 19.0212 16.8019 15.5458 13.3288
47.1301 47.0888 48.628 50.9143 55.7403 49.0409 42.3957 46.0546 53.2884 51.6754 51.0433 50.8092 49.3339 48.5511 42.2395 34.2801 51.2543 49.6261 50.8289 48.8391 47.406 48.1943 49.2736 39.9719 26.154 12.2055 9.3041 26.2122 37.4356 37.4389 35.032 34.856 34.4174 34.9769 36.8925 36.3154 35.9785 36.7361 36.2116 37.023 39.5173 40.7301 40.4425 40.4235 40.8399 41.4855 41.8086 40.9125 40.7488 40.7715 40.415 38.8525 36.2446 34.8679 33.1735 30.8143 28.9805 27.5512 27.1895 27.4655 27.3811 25.3299 21.1399 18.4919 17.1739 15.2918 12.0795
46.6645 47.2669 49.5021 51.9911 52.1275 44.8502 45.4117 51.0423 51.9916 48.0989 46.8071 45.9837 44.9115 44.2704 37.4935 40.5946 46.9799 48.4293 43.0926 35.796 45.493 51.0869 44.3077 22.4375 6.45534 6.83585 21.0916 34.3654 39.8347 39.0851 36.5439 33.8809 31.9031 32.2395 33.4965 33.1912 33.5369 33.4475 33.0041 34.3649 36.5207 37.8905 39.4281 41.484 42.8518 43.6475 41.9542 38.8873 37.8829 37.0374 36.6581 35.3861 33.9205 32.7853 31.2483 29.4633 27.5748 27.333 27.5772 27.8092 28.0559 25.7761 21.7031 19.0749 18.5704 15.9895 11.4289
