wasim_mod/input/grids/ASCII/fundus_25.twi
ncols               193
nrows               326
xllcorner     39436.980
yllcorner    214976.578
cellsize        25.0198
nodata_value -9999.0000
[rows 120 to 149 of 326, columns 67 to 133 of 193]
9.46291 9.5554 8.58882 8.67674 11.3785 9.03093 9.15975 9.49475 11.3646 9.72896 9.86545 10.0148 10.5845 10.9847 11.0572 11.0554 9.47777 9.45466 9.49724 8.82129 8.78057 8.79698 8.34481 7.43383 7.82766 8.08404 8.29003 8.49725 8.71508 8.94416 9.15901 9.21935 9.18893 9.21978 9.30076 9.40749 9.63732 9.8939 10.0569 10.2586 10.4857 12.7707 13.2399 11.6508 17.878 12.4992 11.9164 10.1293 9.7702 9.77929 9.58646 9.39865 9.27206 9.17775 9.19272 9.00484 10.485 9.65372 8.91379 8.68939 8.51486 8.43038 8.39813 8.45683 8.66718 9.23674 8.94243
9.36478 8.32515 8.37758 11.1531 8.65665 8.89533 9.25097 11.031 9.25234 9.4811 9.82145 9.74195 9.95586 9.7945 9.53714 9.51697 9.40047 9.45049 8.7911 8.73783 8.64652 8.06081 7.39511 7.79995 8.0701 8.30404 8.50508 8.67018 8.82961 8.99372 9.15831 9.20483 9.16518 9.23745 9.40667 9.55872 9.76391 9.99384 11.1032 11.2434 12.4845 11.676 11.2508 11.3953 17.6638 12.1907 11.2625 9.69625 9.48736 9.32111 9.45743 9.31379 9.22287 9.16102 9.09145 9.11887 8.87064 9.85839 8.91839 8.69356 8.54402 8.49674 8.50027 8.62486 8.91535 9.40277 8.65906
8.05265 8.11645 11.0908 8.45454 8.64585 9.07883 10.9761 9.00523 9.16913 9.5177 9.51065 9.83954 9.69645 9.4724 9.55934 9.3919 9.34674 8.61327 8.66788 8.63515 7.83839 8.28322 8.73951 9.43922 9.47509 9.53249 9.66666 9.7858 9.84255 9.86539 9.89216 9.86115 9.81834 9.90843 10.0678 10.2448 10.4653 10.6518 11.7436 11.8522 11.4465 11.1056 11.1569 10.1158 17.5445 11.9187 10.6204 9.37331 9.11302 9.083 9.02149 9.25557 9.18232 9.13852 9.10026 9.03267 9.00694 8.7304 9.7478 9.3342 9.14194 8.38808 8.39417 8.55597 8.84936 9.16022 8.33661
7.85389 11.0165 8.26092 8.55044 8.99812 10.9785 8.92473 9.00249 9.31403 9.31477 9.6712 9.53855 9.3866 9.49792 9.35159 9.30904 8.38408 8.39388 8.458 7.5747 8.1753 7.79725 8.72676 7.29592 7.68754 8.00846 8.32425 8.58548 8.75181 8.84897 8.90277 8.92679 8.97336 9.12307 9.35845 9.6165 9.87131 11.7475 9.09569 11.2721 10.8702 10.9413 9.84787 11.2165 17.3649 11.6254 9.9386 9.06502 8.84411 8.75757 8.85887 8.84552 9.18443 9.17502 9.16246 9.06334 8.90639 8.84401 8.48075 8.45874 7.83931 8.844 8.58066 8.83974 9.13548 8.671 8.4594
10.9673 7.90724 8.28509 8.89018 11.0172 8.88903 9.02537 9.25413 9.1258 9.54479 9.469 9.27821 9.43005 9.30568 9.23806 8.2096 8.16728 8.12053 7.47767 7.96734 7.54791 8.71921 7.77506 7.95009 8.13973 8.37486 8.61432 8.83317 8.96568 9.04973 9.11826 9.12142 9.14925 9.28971 9.53237 9.80768 11.4327 8.88558 11.2571 10.7265 10.7824 9.56615 11.0373 17.1892 11.9817 11.3587 9.16072 8.63213 8.62044 8.58601 8.59006 8.75935 8.83274 9.23292 9.19369 9.0815 8.92414 8.72782 8.66554 8.34829 8.45893 7.7705 8.58672 8.91508 9.00705 8.40292 8.30509
7.5176 7.76387 8.38648 10.64 8.40813 8.69326 9.18955 9.13263 9.48111 9.28265 9.18863 9.45022 9.27752 9.20897 7.96465 7.93382 7.90042 7.81256 8.09184 8.40732 8.67924 7.56891 7.4214 7.67015 7.88472 8.13434 8.3779 8.60714 8.80597 8.93977 9.03314 9.07844 9.12952 9.27899 9.504 11.0504 8.54232 11.1561 10.6945 10.6472 9.30927 10.8762 17.0152 10.4608 11.7543 11.0256 8.73807 8.70097 8.24428 8.43198 8.46141 8.5319 8.75424 8.83483 9.23989 9.1198 8.95711 8.75788 8.56721 8.63211 8.39077 8.68211 8.88849 9.35978 8.93117 8.65891 8.24685
7.51812 8.07924 10.3388 7.87136 8.0975 8.57986 8.56636 9.11068 9.18248 9.0311 9.25594 9.24902 9.23985 7.63952 7.61079 7.60167 7.53906 7.43237 7.76671 8.10684 8.45258 8.70701 8.73306 8.70384 8.72123 8.78456 8.89043 9.03238 9.20313 9.35028 9.47198 9.54259 9.59463 9.70567 10.6372 8.13966 11.0286 10.5613 10.5975 9.09086 10.6893 10.8508 16.9067 10.2237 11.5706 10.6533 9.37591 8.33369 8.45374 8.08139 8.3643 8.43972 8.50967 8.77004 8.79189 9.15436 8.99364 8.80146 8.6424 8.5653 8.78965 8.6269 8.85833 10.0085 8.85951 8.6234 8.97756
7.98446 10.372 7.66727 7.88623 8.35374 8.2202 8.69599 8.54941 8.50114 8.99095 8.9711 9.06735 7.69044 8.07339 8.36108 8.57102 8.66532 8.71132 8.77463 8.90003 9.09319 9.25619 9.29646 9.27224 9.23337 9.18018 9.18208 9.28433 9.45628 9.63882 9.80583 9.94872 10.0206 10.0541 7.66112 10.9284 10.4515 10.4988 8.88199 10.6146 10.7054 9.20272 16.8253 10.0891 11.5074 10.494 8.49368 9.1679 8.15665 8.42496 7.9766 8.34564 8.41002 8.44525 8.64255 8.61524 9.03939 8.85512 8.73974 8.70457 8.73763 9.10778 9.14544 10.3044 9.44599 9.27719 9.16424
10.3977 7.3905 7.6981 8.27817 8.0945 8.56012 8.32979 8.05515 8.45068 8.53916 8.72188 9.3681 9.44835 10.1572 10.2539 10.3003 10.2489 10.1703 10.146 10.1746 10.2445 10.3094 10.3562 10.3452 10.2389 10.093 10.0315 10.1053 10.2549 10.4515 10.6553 10.8024 10.8462 10.8193 10.8646 10.3616 10.4567 8.72638 10.6828 10.6993 9.04116 11.2851 16.8121 10.0923 11.543 9.89461 9.65745 8.29846 9.23443 8.05329 8.41852 7.78811 8.19078 8.1955 8.18907 8.46583 8.40013 8.92907 8.83387 8.84883 8.87806 8.83579 9.00351 9.24019 8.85749 8.71697 8.81576
7.04236 7.39267 8.12585 8.01184 8.60052 8.2597 7.86264 8.19563 8.07494 8.21502 9.029 8.71574 9.38918 8.19182 8.4206 8.65217 8.80881 8.85204 8.90931 9.02992 9.13139 9.21114 9.3267 9.38731 9.30062 9.18892 9.19173 9.30761 9.51056 9.77093 10.0066 10.1801 10.2472 10.2393 10.2961 10.3398 8.3852 10.746 10.9071 9.02671 11.3589 12.6873 16.8863 10.1159 11.1161 10.5755 9.85165 9.73928 8.19716 9.32026 7.85592 8.24443 7.81641 7.81166 7.8281 7.84031 8.18913 8.14054 8.92726 8.95013 8.87123 8.82255 8.91059 9.01053 8.60407 8.62833 8.77512
7.08588 7.92698 7.74767 8.57162 8.34716 7.8193 8.05577 7.86324 7.86407 8.6047 8.26492 8.44641 7.88827 7.50122 7.78876 8.12702 8.41893 8.5449 8.65013 8.82408 8.93154 9.0047 9.10615 9.15268 9.08241 9.00539 9.07069 9.24112 9.46864 9.75205 9.9756 10.1004 10.1717 10.2266 10.2783 7.91708 10.6225 10.9123 9.01688 11.5702 9.99543 12.7567 17.002 10.1141 11.0722 9.04933 10.6602 10.0006 9.8368 7.96179 9.32668 9.11115 8.91083 8.738 8.55157 8.26973 7.81777 7.80983 7.9164 8.95462 8.85096 8.86135 8.99644 8.8668 8.85437 8.77167 8.88633
7.7869 7.40044 8.28559 8.13827 7.75663 8.21103 7.77398 7.69227 8.47381 7.84657 7.95583 7.23413 7.34156 7.80413 8.08809 8.34577 8.54515 8.63595 8.75349 8.93172 9.03922 9.0789 9.14441 9.1527 9.06721 9.0286 9.15366 9.38929 9.64709 9.91688 10.0918 10.1401 10.1909 10.3139 10.3847 10.4856 10.7794 8.76588 11.7428 10.1197 11.4493 12.6853 17.1578 10.1812 10.6492 10.3194 9.07346 10.8509 10.0697 9.86494 9.69281 9.49013 9.32852 9.22229 9.10496 8.96093 8.77583 8.55354 8.31149 7.99712 8.86723 8.98342 9.19869 8.76188 8.59915 8.47626 8.60582
7.10825 8.03892 7.65051 7.17346 8.05329 7.77544 7.60496 8.47542 7.76351 7.65376 6.94759 7.54193 8.00152 8.29353 8.49112 8.62759 8.74506 8.81827 8.93843 9.09893 9.18405 9.234 9.28729 9.2439 9.10883 9.09965 9.30177 9.60731 9.9512 10.1963 10.2352 10.221 10.2407 10.3731 10.5288 10.6423 8.19726 11.6926 10.2482 11.6483 12.3001 11.9748 17.3866 10.3112 9.42033 10.5172 10.4935 9.03356 10.9066 10.0278 9.8046 9.63738 9.48901 9.36545 9.2555 9.12383 8.96513 8.76587 8.5504 8.3727 8.23063 9.15737 9.36283 8.81901 8.26054 8.17553 8.33201
8.04112 7.31446 6.90084 7.5206 7.33365 7.42214 8.54668 7.58984 7.55545 6.99413 7.2706 7.74041 8.22529 8.47798 8.64931 8.72574 8.80945 8.9299 9.01626 9.1241 9.21912 9.26992 9.32465 9.27417 9.13451 9.1473 9.39548 9.77452 10.187 10.4235 10.9969 10.8969 10.9136 10.9716 11.1235 11.3333 11.5286 10.0119 11.7121 11.8489 11.8459 12.1673 17.6907 10.0568 9.46864 9.41254 10.6584 10.5783 8.78548 10.8086 9.94981 9.78336 9.63484 9.50954 9.40045 9.25975 9.09559 8.91676 8.74471 8.62659 8.61114 8.83163 9.60774 8.85758 8.68284 8.50677 8.57637
7.12704 6.90783 7.29971 7.78786 8.21689 8.52825 7.42185 7.31417 7.19993 7.40833 7.55326 7.89489 8.3463 8.59996 8.74442 8.81308 8.90876 9.0279 9.10501 9.17929 9.25202 9.295 9.33965 9.29987 9.1865 9.2256 9.50441 9.90884 10.3683 10.6652 8.00373 8.17195 8.41251 8.67137 8.9728 9.37693 9.76733 11.6118 11.8051 11.9756 9.83237 12.3234 17.955 9.80166 9.11759 9.34526 9.37162 10.6543 10.4197 8.31073 10.1745 9.97972 9.79788 9.65655 9.54448 9.38954 9.1947 9.0174 8.85981 8.80566 8.86884 9.13485 10.5408 8.78401 8.6227 8.56693 8.63971
7.48724 7.6346 7.85162 8.20356 8.5258 8.76284 8.95801 8.9903 8.88853 8.81509 8.81809 8.91481 9.14516 9.37096 9.45952 9.48221 9.56016 9.63577 9.66976 9.69006 9.7021 9.71451 9.73391 9.6836 9.60142 9.66667 9.93452 10.348 10.815 11.0649 10.9315 10.714 10.5878 10.6151 10.7668 11.0527 11.3889 11.7197 11.9897 9.6593 9.73841 12.4391 18.1615 9.41591 9.55148 8.83605 9.18629 9.06429 10.5271 10.3625 10.2009 10.0415 9.80577 9.59085 9.45902 9.31353 9.07598 8.82199 8.64114 8.55174 8.54389 8.71312 10.9537 8.5559 8.72685 8.59589 8.54869
7.72198 7.9123 8.11757 8.3852 8.62936 8.81117 8.9611 9.01622 8.9702 8.94116 8.97741 9.02041 9.14507 9.35101 9.47825 9.52368 9.6068 9.69997 9.72971 9.70674 9.68361 9.70476 9.72373 9.67215 9.66459 9.76591 10.0181 10.4767 10.9319 11.048 10.9848 10.8787 10.7145 10.6717 10.7954 11.0501 11.3893 11.8022 9.35324 9.46708 12.3605 9.8063 18.408 11.5372 9.09151 9.3111 8.80764 8.72227 8.61902 10.4618 10.3139 10.1352 9.83953 9.60926 9.48899 9.3302 9.05118 8.77515 8.63696 8.59026 8.57067 8.76641 10.0405 9.29501 9.38785 9.03098 8.7823
8.29754 8.44901 8.59431 8.76035 8.92678 9.06013 9.15687 9.19912 9.18428 9.17909 9.23334 9.22809 9.28081 9.46459 9.58361 9.62171 9.72755 9.85163 9.83059 9.77512 9.75123 9.77226 9.78933 9.76604 9.76893 9.87799 10.1817 10.6571 11.0402 11.0353 11.0452 11.0972 10.9664 10.8602 10.926 11.0936 11.3925 8.66211 8.90445 12.2278 9.30287 10.3234 18.7302 9.64283 11.4414 11.0666 10.9143 10.8379 10.7391 10.5675 10.4093 10.1424 9.82723 9.63869 9.49287 9.29164 8.98944 8.73717 8.66102 8.66436 8.65465 8.85969 10.2027 9.22388 9.20191 8.85695 8.6039
8.47988 8.62354 8.74361 8.87345 9.0098 9.13517 9.21238 9.23456 9.23227 9.24418 9.30174 9.29664 9.33967 9.51166 9.60757 9.63574 9.71656 9.83163 9.82591 9.76593 9.7422 9.76398 9.81281 9.80736 9.78672 9.91078 10.2533 10.7255 11.0021 10.9861 11.0425 11.2012 11.2685 11.0875 11.038 11.1282 11.306 11.7079 12.0989 9.06581 9.67608 13.2342 19.0168 12.6776 11.4094 11.1342 10.9499 10.8625 10.809 10.5909 10.3615 10.1253 9.83896 9.62062 9.42306 9.20296 8.9508 8.76138 8.70375 8.69994 8.71296 8.86949 10.2702 9.32421 9.3518 9.07855 8.75512
9.48639 9.53057 9.5342 9.59869 9.72113 9.82149 9.85526 9.8262 9.76902 9.75042 9.78248 9.79567 9.84471 9.96619 10.0439 10.0606 10.0948 10.1588 10.1396 10.0912 10.0752 10.0928 10.1343 10.1251 10.1078 10.2191 10.5267 10.9484 11.2247 11.2666 11.3292 11.5739 11.7918 11.575 11.3944 11.41 11.4897 11.8367 12.2841 12.4305 12.7508 10.1787 19.352 10.087 11.4815 11.1488 11.025 10.8738 10.7606 10.5082 10.2823 10.1404 9.88039 9.60379 9.36455 9.11084 8.90492 8.77703 8.74371 8.76288 8.79487 8.91818 10.3016 8.70716 8.84678 8.8999 8.69111
9.3104 9.3288 9.26417 9.30047 9.49009 9.67606 9.71408 9.6592 9.5666 9.51512 9.56337 9.63989 9.70432 9.79764 9.89526 9.9228 9.92949 9.96666 9.94091 9.92722 9.95597 9.9725 9.9711 9.9659 9.9963 10.1161 10.3646 10.733 11.0503 11.1623 11.2835 13.7634 13.9004 13.7506 13.5832 13.5736 13.6071 13.7815 14.1283 14.3256 14.7578 19.7018 11.1806 10.9034 9.70966 8.88156 10.9871 10.8374 10.707 10.5736 10.4125 10.2083 9.94485 9.66869 9.38307 9.14817 9.02368 8.97806 9.005 9.06514 9.1982 9.4729 9.97729 9.11608 8.6084 8.674 8.56293
10.0233 10.0319 9.85654 9.79491 9.99479 10.2759 10.349 10.2388 10.0652 9.94449 10.0094 10.0992 10.1208 10.1997 10.2775 10.279 10.2649 10.3058 10.2791 10.268 10.3218 10.3214 10.2722 10.2544 10.3092 10.437 10.6227 10.8853 11.2245 13.3734 13.5097 9.74953 10.2174 10.2653 10.3245 10.4293 10.5059 10.5621 10.7981 11.0987 12.7548 18.8099 11.1588 11.4404 11.8681 11.0563 10.8679 10.7117 10.5896 10.5592 10.4465 10.1743 9.91069 9.65695 9.3896 9.16132 9.01936 8.99816 9.04019 9.08653 9.18349 9.32707 9.50667 9.3117 8.60523 8.5664 8.64402
9.56422 9.57231 9.42345 9.3653 9.51783 9.83472 10.1254 10.0873 9.8242 9.68407 9.74234 9.85338 9.88329 9.92066 9.96837 9.9448 9.88367 10.0639 10.1384 10.0342 10.1006 10.1143 10.0802 10.0654 10.1166 10.2202 10.3846 10.628 12.9466 8.91301 9.40247 9.1307 9.07038 9.68289 9.87191 10.0956 10.2179 10.2066 10.3194 10.6409 12.2414 18.5613 9.92431 10.172 12.9153 11.7231 10.8027 10.6572 10.5564 10.5156 10.4238 10.1374 9.89011 9.6765 9.42964 9.17561 8.99843 8.97173 9.02874 9.0625 9.10052 9.15112 9.20242 9.49652 8.66664 8.72537 9.11557
8.15837 8.3245 8.31812 8.32846 8.47645 8.82288 9.33334 11.6996 11.3877 11.198 11.2264 11.3229 11.3484 11.3425 11.3116 11.2778 11.2136 11.3763 11.4694 11.3206 11.3726 11.3872 11.3554 11.3265 11.3407 11.4103 12.2339 12.4463 8.42042 9.15855 8.85956 8.84967 8.76431 8.74485 9.43199 9.86534 10.2129 10.2888 10.3506 10.6034 11.3219 19.4194 18.3064 10.6233 14.8295 12.254 10.7999 10.7363 10.701 10.5887 10.4303 10.2056 9.97023 9.7842 9.58477 9.35918 9.13374 9.04597 9.10691 9.12492 9.15399 9.27346 9.39773 9.66722 8.56054 8.32433 8.36977
9.27106 9.33341 9.3027 9.21645 9.23458 10.8927 11.4145 9.11355 8.77506 8.6309 8.69502 8.87212 9.01025 9.0944 9.12876 9.11393 9.17074 9.31138 9.37859 9.37033 9.48852 9.59094 9.58689 9.60075 11.3731 11.4311 7.64215 7.83054 8.76197 8.5437 8.60913 8.61231 8.53661 8.45668 8.22777 8.38157 8.13354 8.10023 8.43537 8.87853 9.51857 13.7915 18.4998 19.9655 13.8444 11.2218 10.8736 10.7481 10.6394 10.5895 10.3889 10.1378 9.92214 9.7173 9.5202 9.29999 9.06032 8.92074 8.90713 8.86015 8.79837 8.75947 8.78179 9.31379 8.77043 8.48794 8.41786
8.28486 8.4404 8.54642 10.4251 10.527 9.17079 8.59989 8.7974 7.2678 7.44577 7.70639 9.28862 9.37248 9.48517 9.52159 9.45002 9.48261 9.58631 9.63025 9.68618 9.81954 9.93188 11.1197 11.2017 8.06022 7.16399 7.25158 8.34155 8.05671 8.23091 8.3004 8.31812 8.26926 7.79268 7.7929 7.90651 8.46558 8.78165 8.92529 9.21992 11.188 12.7523 10.0651 18.8789 13.7039 12.8875 12.4931 12.1974 10.7824 10.6813 10.4701 10.2913 10.0768 9.82911 9.60972 9.4256 9.23936 9.06649 9.01737 8.99523 8.91121 8.8912 8.91671 8.92062 8.77228 8.57237 8.14218
9.70129 9.79054 10.4544 8.82881 9.14315 8.31255 8.35777 8.4252 8.97365 8.9555 9.11776 7.11546 7.43712 7.78344 8.03411 8.10184 8.19272 8.37933 8.58306 8.72842 8.92662 10.9016 9.26146 7.84847 7.12852 7.55879 7.97032 7.46671 7.67883 7.82686 7.90862 7.93642 7.87389 8.23366 8.53344 8.81371 9.10481 9.33189 9.44717 10.6631 8.8067 11.9253 9.39213 18.1688 11.4958 11.1701 11.065 10.9848 11.9083 11.3979 10.6671 10.4674 10.186 9.93155 9.71829 9.53691 9.38952 9.21305 9.1167 9.07739 9.02178 8.9865 8.99233 9.13631 8.89766 8.31463 8.20026
8.86386 9.77614 8.85594 9.20895 8.22649 8.18472 8.17325 8.2027 9.18896 9.16306 9.24428 9.42026 9.55598 9.51004 9.54915 9.55536 9.4871 9.57745 10.2031 10.4941 10.62 9.29091 7.6913 7.16331 7.50042 7.80899 8.19965 8.59678 8.9464 9.22488 9.4287 9.53321 9.56845 9.6375 9.75247 9.90147 10.0382 10.1758 10.2737 8.20836 10.7197 11.2413 13.5023 17.7978 9.96702 11.0901 11.037 11.0589 10.9486 10.9952 10.7954 10.5043 10.1627 9.88851 9.65899 9.47035 9.32262 9.11825 8.9535 8.87223 8.77454 8.66103 8.59319 8.55618 8.9256 8.59661 8.37208
9.0724 8.75675 9.22787 8.14921 8.10268 8.04061 7.94058 9.16471 7.98957 8.52365 8.69052 8.77376 8.97411 9.16088 9.21867 9.20768 9.13861 9.23331 8.99558 8.82127 8.9986 7.32384 7.29038 7.56848 7.75989 7.99155 8.36533 8.7556 9.10461 9.29501 9.42733 9.55994 9.65357 9.73477 9.82983 10.0283 10.216 10.3423 10.3853 10.5216 11.0048 13.1747 11.7882 17.652 9.70769 9.54847 11.0596 11.1036 11.102 11.1382 11.0354 10.7279 10.4146 10.0933 9.83146 9.66252 9.54897 9.37015 9.20607 9.14165 9.06762 8.98849 9.0182 9.09069 9.15412 8.93099 8.2561
8.52421 9.12044 7.99808 7.98083 7.96959 7.91359 9.15735 7.92349 7.79503 7.61665 7.8647 8.0966 8.31831 8.61427 8.7916 8.79066 8.77494 8.93151 8.80555 7.41532 7.72923 8.17061 8.38649 8.39949 8.44582 8.56266 8.82492 9.14398 9.48796 9.66848 9.64353 9.74575 9.89941 10.0047 10.1544 10.3686 10.4943 10.5788 10.7096 10.8646 13.0784 11.719 9.62491 17.7207 9.47208 9.38061 9.52967 11.2034 11.2781 11.3761 11.1002 10.7535 10.4193 10.0661 9.76051 9.54902 9.44007 9.32548 9.15168 9.00687 8.88964 8.76912 8.69705 8.63693 8.56862 9.25367 8.68582
