wasim_mod/input/grids/ASCII/fundus_25.fzs2
ncols               193
nrows               326
xllcorner     39436.980
yllcorner    214976.578
cellsize        25.0198
nodata_value -9999.0000
[rows 128 to 159 of 326, columns 71 to 141 of 193]
1617.08 1571.92 1531.28 1492.11 1520.02 1512.18 1575.61 2302.73 2260.33 2217.93 2175.2 2131.19 2086.95 2044.59 2004.55 1965.63 1926.77 1887.15 1846.83 1806.14 1766.25 1728.93 1694.7 1661.93 1628.36 1592.63 1553.67 1511.05 1465.69 1419.85 1375.11 1451.06 1325.14 1248.9 1168.71 937.63 868.288 788.187 737.008 917.521 958.123 1210.81 1208.29 1204.31 1199.04 1191.84 1238.61 1234.37 1226.45 1215.28 1197.88 1169.94 1122 1195.54 1264.06 1332.81 1403.67 1477.64 1572.42 -9999 -9999 -9999 -9999 -9999 -9999 -9999 -9999 -9999 -9999 -9999 -9999
1619.09 1576.38 1535.87 1563.7 1556.59 1623.25 2355.58 2316.21 2276.15 2356.73 2315.95 2275.05 2233.14 2191.17 2151.06 2112.14 2072.92 2033.58 1994.39 1954.49 1914.86 1878.2 1844.63 1812.02 1778.43 1742.25 1702.08 1657.98 1610.99 1563.47 1517.12 1394.06 1322.25 1248.31 1019.49 946.596 863.966 915.338 743.505 970.883 1008.92 1006.36 1257.57 1255.54 1251.53 1246.84 1240.6 1286.96 1354.56 1274.13 1263.37 1246.26 1216.97 1167.9 1243.63 1317.35 1390.09 1468.21 1560.25 -9999 -9999 -9999 -9999 -9999 -9999 -9999 -9999 -9999 -9999 -9999 -9999
1627.28 1583.74 1607.69 1600.36 1667.04 2400.42 2365.05 2329.63 2413.95 2298.62 2257.79 2219.3 2179.82 2138.95 2099.23 2060.46 2020.9 1981.55 1942.82 1903.98 1865.91 1830.6 1797.86 1765.18 1730.73 1693.27 1651.33 1605.68 1558.32 1510.42 1462.32 1393.34 1324.58 1102.96 1033.72 948.966 997.384 809.571 752.181 1025.95 1062.05 1060.05 1057.52 1309.6 1307.03 1302.94 1297.7 1366.73 1434.19 1501.98 1571.01 1640.25 1707.9 1264.61 1218.15 1297.04 1374.05 1455.9 1554.45 -9999 -9999 -9999 -9999 -9999 -9999 -9999 -9999 -9999 -9999 -9999 -9999
1637.31 1659.77 1647.16 1711.96 2444.69 2408.45 2375.47 2464.47 2319.18 2281.48 2242.69 2203.97 2164.58 2124.85 2086.35 2048.17 2008.81 1969.41 1931.09 1893.18 1856.61 1822.84 1790.84 1757.86 1721.86 1682.06 1637.73 1590.58 1543.43 1496.18 1447.05 1397.21 1182.45 1122.45 1042.5 1088.57 899.235 872.34 760.857 1084.89 1118.93 1117.75 1116.73 1114.76 1365.34 1361.38 1435.05 1504.86 1572.73 1641 1709.82 1779 1848.07 1917.18 1987.88 2061.87 1354.21 1444.01 1551.32 -9999 -9999 -9999 -9999 -9999 -9999 -9999 -9999 -9999 -9999 -9999 -9999
1713.59 1701.24 1761.62 2491.69 2455.01 2419.54 2245.85 2214.89 2180.86 2143.78 2105.4 2066.73 2028.4 1990.37 1953.19 1915.72 1877.02 1838.35 1800.26 1762.56 1726.93 1694.68 1663.53 1630.04 1592.07 1548.12 1499.63 1451.32 1404.41 1358.04 1309.49 1258.03 1204.24 1134.58 1190.56 999.449 967.178 941.568 769.532 1150.16 1180.48 1180.42 1180.28 1178.85 1174.66 1421.99 1496.57 1568.22 1637.99 1707.13 1776.54 1846.01 1915.33 1984.06 2053.06 2125.96 2209.12 1430.52 1547.58 -9999 -9999 -9999 -9999 -9999 -9999 -9999 -9999 -9999 -9999 -9999 -9999
1754.34 1817.13 2543.75 2504.29 2467.99 2296.36 2264.68 2234.97 2202.43 2165.34 2126.92 2088.17 2050.51 2013.48 1976.18 1939.04 1901.52 1863.71 1826.34 1789.23 1754.2 1722.51 1691.51 1657.35 1617.12 1568.85 1515.78 1466.35 1419.84 1373.45 1326.19 1275.73 1220.24 1286.08 1104.17 1076.67 1041.12 1018.42 778.208 1223.43 1219.22 1247.63 1248.32 1247.52 1242.21 1232.74 1309.79 1383.58 1455.14 1525.63 1595.99 1665.55 1734.05 1801.71 1869.72 1941.4 2023.53 2135.84 1547.58 -9999 -9999 -9999 -9999 -9999 -9999 -9999 -9999 -9999 -9999 -9999 -9999
2636.4 2599.46 2559.79 2520.58 2360.01 2324.88 2293.06 2263.42 2231.98 2196.01 2158.2 2120.19 2083.1 2046.19 2008.83 1971.66 1934.6 1897.56 1861.01 1824.81 1790.38 1758.77 1727.4 1692.24 1650.25 1598.62 1671.71 1619.21 1572.59 1527.05 1480.69 1431.49 1375.73 1205 1185.06 1153.91 1135.58 1105.21 786.884 1305 1298.24 1291.82 1321.19 1318.17 1311.67 1303.42 1291.48 1369.69 1444.02 1516.36 1588.09 1658.07 1725.4 1791.28 1857.04 1927.16 2008.06 2114.77 2378.74 -9999 -9999 -9999 -9999 -9999 -9999 -9999 -9999 -9999 -9999 -9999 -9999
2572.26 2535.83 2497.46 2457.59 2419.14 2384.3 2352.14 2321.21 2289.92 2256 2219.23 2181.94 2145.29 2108.21 2070.66 2033.4 1996.62 1960.43 1924.78 1889.52 1855.79 1824.03 1791.81 1755.61 1711.84 1657.47 1596.82 1540.96 1491.59 1445.91 1400.25 1351.66 1296.35 1290.18 1268.75 1255.7 1230.18 1200.71 795.559 873.726 1385.49 1377.83 1369.24 1394.03 1385.86 1376.2 1463.56 1547.51 1625.46 1698.87 1771.32 1842.78 1910.61 1975.14 2039.72 2108.76 2188.17 2294.02 -9999 -9999 -9999 -9999 -9999 -9999 -9999 -9999 -9999 -9999 -9999 -9999 -9999
2658.41 2622.52 2585.46 2547.57 2510.44 2475.69 2442.79 2410.5 2378.63 2345.79 2310.47 2273.9 2237.48 2200.48 2162.65 2125.13 2088.86 2053.76 2019 1984.59 1951.69 1919.5 1886.23 1849.12 1803.2 1746.46 1687.24 1630.72 1577.88 1529.9 1483.56 1434.93 1380.4 1374.49 1374.73 1356.18 1334.55 1306.27 804.235 892.704 964.16 1467.9 1578.87 1444.43 1465.44 1453.68 1546.11 1634.1 1713.36 1787.46 1861 1933.06 2000.05 2063.09 2127.53 2197.92 2278.4 2387.11 -9999 -9999 -9999 -9999 -9999 -9999 -9999 -9999 -9999 -9999 -9999 -9999 -9999
2742.54 2707.02 2670.68 2634.03 2597.96 2563.37 2529.97 2496.67 2464.39 2432.14 2397.68 2361.98 2326.44 2289.79 2251.61 2214.59 2179.29 2145.06 2111.09 2077.43 2044.71 2012.48 1978.98 1940.58 1892.6 1835.32 1778.99 1723.14 1666.58 1614.29 1565.33 1515.35 1461.65 1477.91 1472.65 1461.12 1448.42 971.669 812.911 923.373 987.709 1102.16 1211.29 1319.57 1426 1527.12 1624.07 1712.37 1791.15 1866.35 1940.04 2010.71 2075.67 2137.52 2202.75 2275.79 2359.72 2473.62 -9999 -9999 -9999 -9999 -9999 -9999 -9999 -9999 -9999 -9999 -9999 -9999 -9999
2998.4 2962.96 2926.71 2890.4 2854.92 2820.62 2787.14 2753.66 2721.15 2688.77 2654.34 2619.04 2584.03 2548.35 2511.32 2475.11 2440.62 2407.16 2373.92 2340.43 2307.57 2275.57 2242.03 2202.82 2153.89 2098.48 2044.26 1989.23 1930.42 1870.37 1816.18 1763.95 1709.96 1651.61 1581.08 1200.82 1111.54 996.68 8.67563 937.556 1069.78 1188.16 1299.25 1408.87 1519.09 1621.39 1716.05 1803.61 1882.85 1957.37 2028.53 2096.14 2159.86 2222.46 2289.09 2363.45 2449.86 2564.32 -9999 -9999 -9999 -9999 -9999 -9999 -9999 -9999 -9999 -9999 -9999 -9999 -9999
2739.95 2704.18 2667.34 2630.59 2595.05 2561.14 2528.12 2495.13 2462.47 2429.52 2395.04 2359.73 2324.64 2289.44 2253.59 2218.55 2184.79 2151.72 2118.77 2085.52 2052.82 2020.78 1987.27 1948.62 1901.41 1847.78 1793.57 1738.2 1676.24 1607.82 1547.01 1491.96 1436.99 1380.3 1313.46 1230.59 1142.19 228.931 17.3513 157.443 1034.49 1153.74 1269.08 1379.32 1486.9 1585.06 1676.04 1764.25 1845.16 1919.05 1988.16 2052.73 2115 2178.1 2246.07 2322.8 2412.83 2530.11 -9999 -9999 -9999 -9999 -9999 -9999 -9999 -9999 -9999 -9999 -9999 -9999 -9999
1174.2 1138.39 1100.08 1061.98 1025.76 991.945 959.68 927.296 894.301 860.863 826.46 790.964 755.58 720.656 685.636 651.592 618.282 584.975 551.862 519.222 487.098 454.903 421.15 383.402 338.561 286.625 232.326 175.279 160.714 146.148 131.582 117.016 102.45 87.884 73.3181 58.7523 44.1864 29.6205 267.549 241.106 936.611 1051.76 1056.84 1161.86 1263.27 1361.25 1454.82 1542.5 1622.5 1695.28 1761.45 1823.47 1885.29 1949.88 2020.59 2100.42 2195.81 2322.17 2521.33 -9999 -9999 -9999 -9999 -9999 -9999 -9999 -9999 -9999 -9999 -9999 -9999
1095.08 1060.1 1020.45 979.91 942.08 907.867 876.085 843.679 810.21 776.794 742.449 707.159 672.247 637.967 603.362 569.58 536.337 502.538 469.085 436.767 405.044 372.75 338.644 301.563 259.658 210.445 195.879 692.744 633.504 575.523 518.024 460.565 401.72 342.209 282.549 217.037 142.652 42.039 1314.89 1064.69 836.029 946.852 858.673 957.293 1052.93 1150.21 1245.38 1331.59 1410.23 1482.58 1548.97 1611.4 1673.08 1738.33 1810.3 1890.98 1985.67 2103.15 2260.55 -9999 -9999 -9999 -9999 -9999 -9999 -9999 -9999 -9999 -9999 -9999 -9999
1069.12 1036.12 998.265 955.373 914.106 878.603 846.098 813.215 779.038 744.911 710.688 676.174 642.569 610.445 575.783 540.295 507.055 473.136 439.414 406.669 374.554 341.993 308.092 271.698 231.044 269.859 767.448 708.805 699.854 648.19 596.362 541.821 483.218 423.187 365.518 306.442 239.135 54.4576 221.581 881.967 726.74 755.047 855.349 951.316 1045.37 1140.56 1234.66 1319.28 1397.12 1470.18 1537.92 1600.79 1661.83 1726.22 1797.78 1877.5 1968.34 2075.93 2211.11 -9999 -9999 -9999 -9999 -9999 -9999 -9999 -9999 -9999 -9999 -9999 -9999
1026.79 995.447 960.087 916.569 873.194 837.421 805.011 772.266 738.035 703.497 669.191 635.539 602.575 570.77 536.397 500.517 467.333 433.395 399.332 365.926 333.115 300.185 266.209 251.643 334.515 838.14 780.835 771.528 716.87 705.114 657.021 606.478 552.116 494.265 437.822 381.247 318.762 66.8761 84.4386 751.552 557.035 675.589 773.081 870.109 968.202 1063.79 1155 1239.38 1317.22 1391.04 1460.83 1526.22 1587.79 1650.3 1719.19 1794.27 1877.73 1976.78 2098.48 -9999 -9999 -9999 -9999 -9999 -9999 -9999 -9999 -9999 -9999 -9999 -9999
1036.33 1005.61 972.43 934.151 885.453 849.061 816.937 785.31 752.226 718.167 683.937 650.294 617.96 585.688 552.041 518.171 485.295 451.258 416.256 382.094 348.417 314.594 302.235 390.104 900.763 849.601 842.582 788.037 773.637 722.859 674.28 625.338 573.483 555.338 500.247 447.059 389.572 217.753 96.8571 114.42 308.184 428.571 532.493 632.924 730.968 829.735 922.208 1006.85 1085.94 1160.51 1231.38 1298.29 1361.25 1424.02 1491.35 1563.41 1641.51 1729.96 1839.51 2199.54 -9999 -9999 -9999 -9999 -9999 -9999 -9999 -9999 -9999 -9999 -9999
1049.92 1018.07 984.162 940.655 898.882 862.547 830.119 798.127 765.747 732.836 698.856 665.048 633.144 601.4 568.641 535.806 502.67 467.887 431.735 396.651 362.893 351.02 441.074 956.357 911.845 910.491 858.346 844.573 792.083 741.085 692.151 640.669 590.664 536.667 481.898 429.264 373.589 308.062 273.981 126.838 275.053 392.27 499.745 604.95 707.115 807.238 900.278 988.347 1070.45 1145.95 1216.61 1284.2 1349.12 1412.27 1478.15 1548.51 1622.43 1704.24 1799.93 1917.35 -9999 -9999 -9999 -9999 -9999 -9999 -9999 -9999 -9999 -9999 -9999
1064.47 1030.47 988.023 945.462 910.82 877.378 845.444 813.989 780.319 748.031 714.782 681.073 649.24 618.399 586.729 553.667 519.938 484.429 447.493 411.468 1076.19 1042.3 1007.98 968.604 973.6 926.303 915.365 863.866 809.488 760.292 712.207 663.831 614.052 561.492 506.979 452.962 449.039 385 244.359 139.257 363.781 352.144 467.135 575.357 679.666 782.586 882 974.917 1058.47 1134.82 1206.25 1274.39 1340.77 1404.84 1469.6 1537.48 1608.79 1685.54 1771.6 1878.39 -9999 -9999 -9999 -9999 -9999 -9999 -9999 -9999 -9999 -9999 -9999
1078.38 1034.95 992.117 958.166 920.44 888.791 858.381 827.513 794.618 760.223 727.348 694.53 662.274 631.706 600.324 567.451 534.158 500.9 463.318 1211.31 1176.83 1143.5 1109.83 1073.21 1032.44 987.482 939.146 888.687 838.248 789.302 740.793 691.43 640.183 587.17 532.186 531.278 476.287 459.937 240.682 151.675 220.145 437.847 425.966 543.616 651.646 757.756 859.998 957.967 1043.67 1121.44 1193.87 1262.99 1330.67 1395.48 1459.28 1525.45 1594.48 1667.41 1748.8 1846.66 1961.62 -9999 -9999 -9999 -9999 -9999 -9999 -9999 -9999 -9999 -9999
1084.28 1039.94 1003.66 965.943 928.693 898.599 869.569 839.356 809.096 776.863 742.676 708.604 675.73 644.867 613.526 581.041 548.787 516.163 1336.33 1299.58 1265.1 1232.24 1199.24 1162.93 1122.06 1076.55 1029.35 981.512 932.774 883.874 834.946 785.502 732.752 676.651 618.677 561.112 556.04 347.854 247.345 164.094 229.509 292.022 512.509 504.174 623.79 737.955 839.74 942.221 1032.72 1112.49 1185.11 1254.57 1323.12 1388.87 1452.71 1518.28 1585.83 1655.97 1733.94 1824.34 1932.08 -9999 -9999 -9999 -9999 -9999 -9999 -9999 -9999 -9999 -9999
1091.55 1053.84 1012.67 973.8 940.9 908.662 881.303 853.029 823.635 792.917 759.335 724.524 691.348 659.833 628.309 1523.81 1491.87 1459.51 1423.42 1386.72 1352.52 1319.78 1287.06 1251.66 1212.07 1167.06 1119.73 1074.68 1028.88 980.993 932.022 880.734 825.172 767.503 708.795 647.559 450.288 362.738 260.004 176.512 241.444 303.4 371.631 594.719 591.731 718.264 825.246 932.449 1026.34 1108 1180.96 1249.51 1317.59 1385.36 1451.26 1516.79 1583.54 1652.39 1726.64 1809.83 1908.3 2030.16 -9999 -9999 -9999 -9999 -9999 -9999 -9999 -9999 -9999
1108.63 1066.7 1024.18 988.46 952.612 922.484 895.398 868.42 839.024 808.334 775.899 741.39 708.514 676.774 1573.65 1423.13 1390.43 1358.85 1325.27 1290.34 1256.89 1224.29 1191.43 1156.74 1118.73 1075.66 1029.86 986.568 942.58 896.076 847.206 794.032 737.703 680.267 618.892 551.792 473.902 387.242 341.941 188.931 260.51 324.023 390.034 461.378 693.201 702.051 815.083 928.412 1026.27 1107.27 1177.53 1245.24 1315.46 1385.94 1453.4 1519.37 1585.47 1652.48 1724.33 1803.74 1898.8 2058.81 -9999 -9999 -9999 -9999 -9999 -9999 -9999 -9999 -9999
1123.69 1081.65 1041.86 1003.13 1787.55 1755.72 1728.62 1702.04 1672.99 1641.8 1609 1575.31 1543.02 1511.24 1475.92 1439.84 1403.61 1368.61 1351.42 1319.89 1288.61 1257.33 1223.91 1187.68 1149.89 1109.2 1066.61 1025.28 982.663 937.17 888.986 836.283 780.277 721.431 655.639 582.51 508.612 489.393 307.698 205.245 286.17 351.64 420.797 495.613 580.06 822.459 814.033 932.23 1029.03 1109.56 1179.28 1246.8 1317.43 1389.3 1459.45 1527.64 1594.14 1660.52 1729.65 1805.66 1899.9 2054.87 -9999 -9999 -9999 -9999 -9999 -9999 -9999 -9999 -9999
1139.74 1101.57 1059.3 1840.29 1802.22 1769.79 1743.02 1717.48 1689.61 1658.13 1623.77 1589.91 1557.91 1525.98 1494.11 1456.39 1415.64 1392.55 1366.33 1338.38 1310.37 1281.16 1247.54 1207.94 1260.49 1220.56 1180.9 1141.37 1100.71 1057.46 1010 958.641 903.692 842.621 772.852 696.758 617.819 612.155 432.605 221.559 327.383 388.539 539.387 699.682 872.603 1076.34 947.63 1067.91 1162.77 1243.35 1313.38 1381.33 1452.67 1524.75 1595.51 1665.63 1733.74 1800.46 1868.55 1942.56 2033.82 2176.76 -9999 -9999 -9999 -9999 -9999 -9999 -9999 -9999 -9999
1985.24 1943.77 1901.06 1859.03 1819.6 1784.53 1757.16 1732.82 1706.63 1675.66 1640.4 1605.3 1571.95 1542.72 1509.2 1469.72 1444.72 1409.45 1483.94 1457.53 1432.35 1405.87 1373.48 1329.74 1379.49 1336.44 1297.26 1259.19 1220.55 1179.61 1134.08 1084.6 1031.81 971.356 900.921 825.828 745.465 740.446 576.33 377.537 237.874 449.863 608.1 758.448 920.987 1106.61 1250.44 1369.65 1464.65 1544.69 1614.67 1683.6 1755.72 1826.85 1897.23 1967.99 2036.73 2104.07 2172.04 2245.36 2333.35 2464.06 -9999 -9999 -9999 -9999 -9999 -9999 -9999 -9999 -9999
2008.22 1966.83 1923.98 1881.48 1839.07 1800.07 1771.13 1746.25 1719.9 1690.58 1658.29 1624.23 1593.95 1557.75 1521.19 1499.26 1466.3 1526.03 1493.38 1468.41 1446.24 1522.17 1493.48 1458.9 1410.66 1356.56 1402.17 1364.67 1327.19 1287.28 1243.96 1197.04 1145.63 1087.83 1022.02 948.81 870.589 865.956 735.857 551.676 254.188 434.281 612.402 776.454 934.341 1080.4 1226.27 1340.78 1434.36 1513.07 1583.25 1652.87 1723.8 1793.42 1863.24 1933.24 2001.89 2069.54 2137.13 2209.85 2296.4 2421.31 -9999 -9999 -9999 -9999 -9999 -9999 -9999 -9999 -9999
2024.23 1983.51 1940.19 1897.65 1855.7 1816.25 1786.06 1759.71 1738.97 1709.44 1678.71 1645.53 1614.06 1573.14 1551.22 1520.05 1580.97 1542.11 1509.63 1483.58 1564.17 1545.3 1517.4 1487.1 1442.91 1467.31 1420.92 1382.52 1345.45 1305.85 1263.39 1218.54 1168.96 1108.74 1045.98 977.152 988.523 980.576 893.319 433.751 270.502 403.513 581.497 756.38 916.046 1056.59 1177.96 1281.36 1372.49 1451.72 1522.89 1592.7 1662.85 1731.97 1801.51 1870.25 1936.89 2002.66 2070.57 2144.77 2230.92 2348.8 -9999 -9999 -9999 -9999 -9999 -9999 -9999 -9999 -9999
2052.63 2011.54 1968.14 1926.13 1884.79 1846.43 1815.55 1787.71 1757.28 1725.36 1694.06 1664.61 1626.89 1953.64 1915.29 1878.11 1841.06 1554.96 1525.38 1707.49 1678.1 1648.8 1621.3 1592.39 1550.47 1487.43 1439.22 1399.58 1361.86 1322.48 1280.44 1236.03 1187.37 1131.92 1068.74 1089.7 1093.66 1081.61 1029.05 479.966 286.817 472.739 653.346 815.037 960.053 1080.03 1185.72 1282.83 1343.05 1419.83 1491.68 1562.28 1633.31 1703.51 1772.2 1839.67 1905.25 1969.64 2036.49 2109.58 2193.57 2303.39 -9999 -9999 -9999 -9999 -9999 -9999 -9999 -9999 -9999
2082.16 2039.69 1996.14 1953.95 1913.36 1875.71 1843.46 1815.14 1784.16 1748.62 1715.46 1682.62 1967.27 1930.86 1895.14 1858.36 1822.79 1792.92 1764.36 1730.67 1697.55 1667.01 1639.78 1611.13 1559.45 1507.07 1461.45 1421.19 1382.19 1342.6 1301.04 1256.61 1208.99 1153.3 1179.47 1191.25 1189.99 1155.02 646.572 584.384 450.027 303.131 478.629 618.249 742.65 849.032 946.441 1250.28 1341.35 1396.64 1471.09 1542.86 1615.33 1685.96 1753.93 1819.87 1884.07 1947.09 2013.07 2084.18 2165.37 2254.79 -9999 -9999 -9999 -9999 -9999 -9999 -9999 -9999 -9999
2869.01 2771.02 2015.41 1973.98 1934.08 1895.81 1861.46 1830.72 1800.29 1766.99 2052.31 2013.79 1974.49 1937.58 1902.38 1867.32 1834.21 1805.36 1774.08 1740.15 1707.81 1674.8 1646.68 1618.62 1669.77 1616.72 1573.21 1532.93 1493.04 1452.89 1411.34 1367.27 1318.58 1264.32 1282.76 1286.16 1262.03 765.415 720.203 445.877 326.203 471.507 402.24 524.641 697.435 796.364 914.304 1007.08 1306.76 1395.02 1448.12 1521.26 1594.35 1665 1732.92 1798.47 1861.77 1924.5 1989.51 2057.9 2136.29 2219.59 -9999 -9999 -9999 -9999 -9999 -9999 -9999 -9999 -9999
2850.33 2808.84 2710.75 2408.11 2367.53 2328.59 2293.27 2260.65 2228.01 2193.57 2156.94 2118.33 2079.39 2042.88 2008.34 1974.4 1942.87 1911.72 1879.9 1848.2 1814.99 1781.79 1751.81 1723.39 1845.69 1791.98 1747.99 1708.11 1667.84 1626.31 1584.56 1540.46 1492.65 1439.73 1380.74 1362.56 868.404 835.926 556.471 467.871 342.517 584.233 559.11 484.585 598.576 765.577 858.216 972.219 1062.99 1359.66 1446.86 1500.35 1573.02 1643.75 1712.7 1779.46 1842.64 1905.46 1969.03 2035.02 2104.47 2187.14 -9999 -9999 -9999 -9999 -9999 -9999 -9999 -9999 -9999
