wasim_mod/input/grids/ASCII/fundus_25.twi
ncols               193
nrows               326
xllcorner     39436.980
yllcorner    214976.578
cellsize        25.0198
nodata_value -9999.0000
[rows 180 to 209 of 326, columns 0 to 66 of 193]
7.45149 7.88394 9.17402 8.91176 8.15389 11.7468 11.0884 10.4297 10.5497 10.578 10.5859 10.703 10.7101 10.7808 13.0662 12.3461 12.2281 9.9055 9.5817 9.30522 9.28521 9.15956 8.7222 8.37346 8.33685 8.50432 8.44127 8.36503 8.23626 7.98781 7.64968 8.68593 7.85249 8.11602 8.30695 7.49333 7.67122 7.69161 7.66376 7.01907 6.97124 8.67606 7.6646 7.96013 8.20406 8.39011 8.57922 8.76789 8.90203 9.01448 9.16165 9.35133 11.073 10.1224 10.4674 11.4858 9.0107 9.40211 12.478 10.8336 8.6944 8.12831 8.37103 8.60416 8.95128 10.3301 10.2211
7.96426 8.29072 9.43328 9.21785 8.61557 11.9652 11.3094 10.5837 10.7051 10.7244 10.6966 10.844 10.9135 13.2076 12.4196 12.5256 10.1514 9.73108 9.43079 9.22866 9.17435 8.95845 8.57314 8.25948 8.30717 8.48952 8.34009 8.13721 7.9067 7.59875 8.81954 8.24251 7.769 8.33346 8.4992 7.42127 7.42749 7.38615 7.52551 7.80107 8.41593 8.89908 9.11684 9.22501 9.34413 9.36925 9.40546 9.48028 9.55142 9.62614 9.72979 9.86256 10.4055 11.1275 10.2543 10.6299 11.6577 9.22743 9.42764 12.4254 10.8619 8.90315 8.44819 8.65836 8.84978 9.11857 10.3998
8.35624 8.63305 9.65289 9.48135 9.01868 12.1732 11.4618 10.7267 10.8732 10.8308 10.8316 10.9665 11.0328 13.6478 12.5939 10.326 9.94805 9.5852 9.30071 9.129 9.02496 8.73241 8.37389 8.26488 8.35997 8.36158 8.14855 7.84922 7.52721 8.89161 8.42293 7.80874 8.20721 8.80451 8.5561 7.21707 7.28703 7.45262 7.81567 8.76849 8.98053 9.02503 9.72821 9.89935 10.0013 9.91 9.831 9.86447 9.92605 9.98122 10.0558 10.1682 10.3236 10.5435 11.2854 10.4451 10.8005 11.6963 9.28779 9.44631 12.4266 10.9218 9.07381 8.69518 8.88304 9.04103 9.26546
8.66455 8.88602 9.82424 9.76178 9.40344 12.3351 11.5698 10.9181 11.054 11.0295 11.0423 11.1063 13.7734 12.6864 11.2468 10.4939 10.2219 9.91187 9.66039 9.55145 9.3639 9.09522 9.0178 9.14829 9.24945 9.19232 9.09302 9.00807 8.98165 8.62283 8.20163 7.77593 8.46195 7.82167 9.07326 7.17823 7.37325 7.71175 8.69504 9.07361 9.02036 8.91484 9.0334 9.30479 9.44976 9.3746 9.27774 9.31043 9.3864 9.45334 9.54885 9.65905 9.82368 10.9478 10.7566 11.4611 10.565 10.8213 11.6209 9.29132 9.50242 12.4376 10.988 9.2524 8.92747 9.07946 9.1743
8.91332 9.08304 9.99485 9.9799 9.77412 12.5235 11.7982 11.2007 11.2937 11.3798 11.3338 11.3447 14.1622 11.445 10.5255 10.2727 10.0502 9.75136 9.48624 9.38593 9.19449 8.97591 8.96155 9.09824 9.17611 9.04651 8.91672 8.87392 8.82817 8.51505 7.91648 8.32472 8.64819 7.48217 7.88534 9.0793 7.60838 8.43728 8.82947 7.67484 7.43927 7.65428 7.96629 8.34503 8.58886 8.58754 8.58629 8.69728 8.80559 8.86403 8.96263 9.13546 9.36482 9.63398 11.3621 10.8998 11.5633 10.5908 10.7352 11.5556 9.3853 9.59688 12.47 11.0155 9.37941 9.09781 9.23715
9.11812 9.2828 10.1101 10.0694 9.96679 12.7181 12.0535 11.4636 11.6458 11.8592 12.3605 14.4526 11.7757 10.8314 10.5234 10.2673 10.0257 9.72694 9.5014 9.39994 9.27994 9.12534 9.0753 9.18167 9.28916 9.21368 9.12236 9.14667 9.1673 8.41054 8.10816 8.82169 9.02713 8.0452 7.60987 8.14766 9.57102 9.69426 9.81689 8.97587 7.84112 8.03364 8.26961 8.51976 8.66487 8.67783 8.73165 8.84258 8.89755 8.90695 8.99953 9.18798 9.43286 9.69112 9.9422 11.7609 11.0282 11.5307 10.5105 10.7033 11.5388 9.44351 9.62453 12.4657 11.0993 9.57786 9.35054
9.89813 10.0019 9.91685 9.70302 8.39538 12.6049 12.0016 11.508 12.4809 12.607 9.21961 14.4959 11.207 10.8274 10.3433 10.0396 9.76842 9.47652 9.28572 9.16426 9.04313 8.92276 8.82152 8.85841 8.9619 8.9395 8.83968 8.78921 8.7858 8.63254 8.29352 9.25976 8.23933 9.30308 9.50235 9.62305 9.58027 9.55634 9.59015 10.3316 8.97651 9.06278 9.15721 9.23176 9.21739 9.23395 9.30158 9.33894 9.31705 9.28708 9.36774 9.53557 9.76998 10.0437 10.3004 10.5044 12.0727 12.285 12.5629 12.5978 12.6759 11.502 11.5864 11.7537 13.6544 13.8447 13.9248
10.5795 9.79552 9.52432 8.4181 12.0777 8.30777 12.0955 11.9421 8.84561 12.1566 9.1638 14.2652 11.0747 10.6038 10.2726 9.98622 9.70713 9.42103 9.23735 9.13511 9.0176 8.90368 8.82788 8.84247 8.91115 8.9683 8.96441 8.97208 9.06189 8.94937 8.56525 9.72773 8.62637 8.90048 8.89323 8.85667 8.86869 8.8935 8.95217 9.01023 10.5418 10.6132 10.6422 10.5863 10.4907 10.487 10.5171 10.4627 10.3676 10.3365 10.377 10.4915 10.7235 11.0283 11.2337 11.3346 11.3705 11.3234 11.2447 11.159 11.1208 12.8481 12.8376 12.8851 13.0102 7.93595 7.99048
10.8464 9.41191 8.42402 11.7375 7.85057 8.37583 12.2479 8.62878 8.31115 11.6547 9.09855 14.0852 10.7559 10.5434 11.5065 11.2806 11.0479 10.8006 10.6558 10.6276 10.5857 10.5508 10.5805 10.6696 10.8194 11.0296 11.0012 10.9544 11.3487 11.6726 8.9982 10.3052 9.08206 9.47298 9.23399 9.15156 9.11747 9.03011 8.98111 9.04431 9.20104 9.36136 9.49307 9.49858 9.4544 9.46155 9.48569 9.4589 9.41141 9.41932 9.45096 9.56964 9.84156 10.1783 10.4173 10.4897 10.4954 10.5071 10.4992 10.456 10.4426 10.4632 10.5403 10.6516 10.747 10.8445 10.9262
10.7432 9.34343 11.5523 7.60904 8.03583 8.39863 11.9629 8.59544 8.38074 11.3684 9.21674 14.1183 10.6927 11.9676 10.1689 9.90202 9.62325 9.31235 9.09692 8.99169 8.9055 8.83165 8.80102 8.80158 8.85069 8.4009 9.92059 10.3946 9.27014 9.51529 12.4515 11.2648 9.99928 11.2174 10.6066 10.3601 10.7536 10.5063 10.3035 10.2906 10.4102 10.5386 10.6087 10.5888 10.5461 10.5077 10.4547 10.3961 10.332 10.2905 10.2816 10.3332 10.5415 10.8174 10.9876 11.0806 11.1138 11.1173 11.0976 11.098 11.1017 11.113 11.1716 11.273 11.3579 11.3849 11.4353
10.6595 9.3225 11.4642 7.49159 8.22018 8.49198 11.8064 8.64731 8.51859 11.3517 13.9296 10.8252 12.3257 10.4648 10.2027 9.92367 9.65604 9.30842 9.08282 8.99237 8.90443 8.87373 8.87206 8.89381 8.38855 8.42266 8.54234 10.4889 10.6096 9.68589 12.1909 12.3458 11.9518 9.18527 8.87269 10.1175 8.58052 9.40111 9.45352 9.64354 9.96931 10.2953 10.5799 10.6433 10.6451 10.5932 10.5364 10.4874 10.4099 10.3487 10.3582 10.4181 10.5557 10.7709 10.9237 11.0235 11.0925 11.1384 11.142 11.1104 11.1242 11.1747 11.2691 11.3703 11.4113 11.4265 11.4756
10.6303 9.35047 11.4626 7.45275 9.02331 11.7547 8.74185 7.71246 11.2134 13.5764 10.5534 12.3002 10.6188 10.323 10.1184 9.90387 9.56511 9.21669 9.08354 8.96574 8.8516 8.83489 8.83419 8.78915 8.42489 8.5112 8.65043 8.74483 10.6706 11.2039 9.79962 11.5411 11.0077 8.8292 10.1858 8.44219 9.1934 8.23909 8.24575 8.32322 8.49519 8.83598 7.39229 7.86488 8.19203 8.35523 8.49704 9.63875 9.60474 9.54332 9.5766 9.68042 9.80311 10.0162 10.2382 10.3235 10.3639 10.47 10.526 10.4776 10.5132 10.6091 10.7589 10.874 10.8856 10.9103 10.9599
10.684 11.5951 7.90692 9.14918 11.793 8.94367 8.17419 11.2859 13.5341 10.3183 11.9692 10.9173 9.84355 9.6193 9.38259 9.13049 8.7353 8.4501 8.23861 7.91136 7.60034 7.33435 7.09592 7.34138 9.01636 8.66973 8.79822 8.78441 9.63969 10.1062 10.217 10.4683 10.3224 10.1576 8.22875 9.24285 8.19005 8.2367 8.24046 8.31294 8.55269 8.6965 8.9011 9.12857 9.29418 9.33479 9.39054 7.4129 8.72131 8.74064 8.78796 8.9296 9.12765 9.42855 9.75033 9.81108 9.77587 9.89113 10.0137 10.0205 10.092 10.224 10.3632 10.4867 10.5313 10.5795 10.6424
12.0859 8.33143 9.34715 11.8928 9.18521 8.56565 11.4164 13.6853 10.5291 12.2475 11.0442 9.95192 9.82862 9.63616 9.45044 9.23401 8.91286 8.75233 8.70878 8.36006 7.91893 7.74783 7.75407 7.73984 7.72671 9.37238 8.86493 8.61759 9.15769 9.15978 9.21031 9.74262 9.76477 9.65748 9.10646 7.91486 8.19243 8.28325 8.27063 8.48948 8.56731 7.12416 7.57306 8.04095 8.41725 8.62805 8.79479 8.89679 7.31644 8.71236 8.63388 8.78325 9.89676 10.3022 10.6735 10.6206 10.4766 10.4684 10.578 10.696 10.7814 10.8649 10.9184 11.0183 11.1267 11.1708 11.2444
12.2969 9.70417 12.0059 9.31634 8.83811 14.1094 14.0977 12.7359 12.5101 10.0863 9.95068 9.88677 9.76157 9.57264 9.42327 9.25585 9.00356 8.97651 9.00164 8.53571 8.02844 7.8668 7.95484 8.05056 8.1599 8.12474 9.4069 8.2801 8.52098 8.58323 8.69788 9.36496 9.37173 9.3147 8.77023 7.83896 8.18461 8.3002 8.46711 8.47036 7.14173 7.4906 7.83016 8.20922 8.51117 8.74504 9.0026 9.15083 9.07246 9.22914 9.01378 9.27822 7.69162 8.0556 8.75684 10.971 10.834 10.7967 10.8852 11.0422 11.1116 11.1657 11.2439 11.372 11.4917 11.5429 11.6289
12.5264 14.314 14.0267 13.9131 13.9726 10.7348 10.7881 10.6764 10.4778 10.2489 10.0944 10.0504 9.97723 9.81769 9.69144 9.58082 9.40419 9.46067 9.4383 8.93189 8.55919 8.50067 8.66981 8.90123 9.11394 9.24868 9.14576 8.86144 7.81717 8.10714 8.32458 9.09687 9.13153 9.10208 8.43529 7.76996 8.15584 8.54023 8.48166 8.43401 8.4453 8.53029 8.7208 8.94681 9.12112 9.31324 9.60062 9.7683 9.68694 7.2458 6.76771 7.42879 10.1689 10.1101 10.6848 9.9171 9.79015 9.8349 9.98915 10.1392 10.2176 10.2864 10.427 10.6062 10.7609 10.8968 10.9736
14.4583 10.8226 10.6602 10.5582 10.5395 10.6609 10.7354 10.6263 10.3836 10.1273 10.0498 10.0325 9.9315 9.7893 9.66511 9.57052 9.45252 9.43506 9.22105 8.85175 8.66192 8.64262 8.72932 8.88243 9.04301 9.0786 8.8827 8.63639 8.37737 7.62669 7.9846 8.9515 9.03798 8.96819 8.07917 7.6882 8.39072 8.55421 8.52616 7.577 7.69289 7.883 8.15033 8.41478 8.64397 8.93797 9.28743 10.7643 10.6783 10.4145 9.89515 10.1611 9.18845 9.09308 9.87455 8.52139 8.45478 8.6611 8.94432 9.12411 9.2312 9.36994 9.56744 9.80329 10.0286 10.2535 10.4184
14.5628 12.3262 10.614 10.5628 10.5802 10.6395 10.66 10.5362 10.281 10.073 10.0263 10.0213 9.88539 9.73203 9.63841 9.58794 9.58322 9.38113 9.06623 8.86327 8.75251 8.7453 8.78402 8.86036 8.94107 8.88696 8.68378 8.49641 8.30212 8.03838 7.62041 8.96152 9.0519 8.89264 7.7323 8.06627 8.33843 8.53929 7.48167 7.21881 7.41271 7.62704 8.85383 9.41567 9.5714 10.0128 10.3591 9.48435 9.45768 9.31079 8.89888 9.16489 6.9826 7.28347 8.47791 7.65287 7.74287 8.0968 8.50125 8.7274 8.82693 8.98602 9.22065 9.48196 9.75167 10.0231 10.2575
14.7424 12.0655 11.9378 11.9423 12.0435 12.075 12.0136 11.8989 11.7273 11.6169 11.6161 11.6172 11.5129 11.4071 11.3718 10.3994 10.454 9.67327 9.31148 9.17435 9.14846 9.15405 9.19739 9.26714 9.32971 9.26994 8.53086 8.39393 8.27306 8.08873 7.79725 9.05073 9.06017 8.84174 7.83877 8.1003 8.29105 8.46272 8.55359 8.52706 8.48742 8.5183 8.37613 7.40676 8.00735 7.70957 9.24368 8.27634 8.72886 8.89217 8.62594 8.79466 8.9804 9.07452 9.98811 9.89119 9.69846 9.80194 10.0273 10.3787 10.3093 10.3213 10.4547 10.6408 10.8509 11.1061 11.2958
13.0609 12.1391 12.0221 12.0407 12.1377 12.0885 11.9764 11.5682 11.1173 11.0463 11.0202 10.9663 10.2474 9.80662 8.0548 10.8826 10.8059 9.56108 9.17122 9.05213 9.03126 9.03538 9.03826 9.05214 9.0421 8.45234 8.45153 8.34752 8.29014 8.16813 8.0084 9.05413 9.03837 8.81049 7.97541 8.15206 8.25447 7.84748 8.07273 8.21355 8.29392 8.37257 7.0645 7.03593 7.0926 8.86742 7.84272 7.92418 7.85854 7.24311 7.31291 7.72455 6.94887 7.20247 8.09301 8.55879 8.61842 8.82435 9.09729 7.7118 7.98165 8.2433 8.51546 8.81281 9.15483 11.7493 12.2526
12.4716 10.671 10.5567 10.547 10.5364 9.99719 9.28746 10.6099 10.2016 9.78163 9.27207 8.52849 10.0395 8.92245 9.59286 7.70748 8.9882 10.6415 10.1477 9.92225 9.74267 9.5623 9.27341 8.91111 8.3511 8.19819 8.21958 8.33682 8.31709 8.22281 8.08094 8.92158 8.98316 8.81528 8.23667 8.2692 7.61905 7.40311 7.71919 7.97258 8.16143 8.31737 8.41372 8.49698 8.66285 7.3079 7.43876 7.50004 7.43938 7.61049 7.57417 7.8793 8.10316 8.11471 8.56039 9.05255 9.27607 9.42277 9.5311 9.58799 9.55532 9.57879 9.68752 10.7985 11.328 10.4232 9.15672
12.1779 11.0949 10.9214 10.7744 10.4295 9.20378 9.19849 9.11008 10.3953 8.80047 8.62365 8.46002 8.23985 9.94233 8.80504 9.36966 7.49957 8.73619 8.42214 8.29859 8.37436 8.3066 8.36656 8.26835 8.12444 8.14914 7.95277 8.10568 8.32091 8.25788 8.10062 8.69203 8.85762 8.77687 8.47723 7.972 8.13838 8.14957 8.18366 8.29582 8.47343 8.64642 8.72189 8.78041 8.9766 9.22059 9.37891 9.48662 9.46599 9.25312 9.01083 9.03082 9.13927 9.30618 9.60938 9.87685 10.1866 10.2824 10.2673 10.3041 10.2728 10.2429 10.2989 10.0893 10.131 8.62737 10.3968
11.4997 9.52365 8.63098 8.72225 9.068 10.1835 9.07227 8.9711 8.75971 10.1482 8.5426 8.41369 8.2061 7.95571 9.78479 8.68582 9.55511 8.4194 8.26872 8.27949 8.21425 8.29567 8.20142 8.24185 8.08461 7.85728 7.89881 7.79723 8.07813 8.42237 8.39134 8.67522 8.7136 8.75282 8.41024 7.97391 8.16309 8.20745 8.16533 8.18379 8.34275 8.57844 7.20544 7.21884 7.7993 8.221 8.46367 8.66823 8.70637 8.54299 8.38504 8.34272 8.48971 8.9569 9.37006 9.49296 9.75614 9.86272 9.8763 9.95564 9.98559 9.98501 10.0428 10.0407 8.20475 10.0997 8.77624
11.1195 9.85237 9.26067 8.2195 8.3062 8.84531 10.135 8.83065 8.63482 8.4558 10.0661 8.34713 8.13292 7.8531 7.4702 9.73783 8.37672 8.25194 8.23968 8.13014 8.21964 8.14585 8.19953 8.01924 7.99314 7.76461 7.60659 7.92831 8.02221 8.78738 9.91858 9.2936 8.57835 8.27927 8.378 8.19519 7.65581 7.41778 7.12862 7.39566 7.72425 8.02591 8.63643 7.64186 7.51116 7.62744 8.00465 8.32078 8.37864 8.21895 8.14507 8.18002 8.31576 8.66935 9.19853 9.50135 9.60455 9.71045 9.77227 9.82784 9.88999 9.96892 10.0715 7.83289 10.0089 8.35784 10.3873
10.8813 8.72493 9.5812 8.93112 7.77185 8.03981 8.699 9.95396 8.53021 8.39664 8.25534 9.95084 8.00389 7.71752 7.3511 7.04984 9.59556 7.92073 8.09292 8.14538 8.08167 8.15347 7.9736 7.91793 7.67882 7.78026 7.77113 7.88914 8.89778 9.86968 8.79974 8.30393 8.40818 8.20581 8.07737 8.29037 8.16182 7.66379 7.45625 7.69446 7.96954 8.17338 8.81838 9.60905 8.28481 8.0655 7.6057 7.57132 7.34758 7.03679 7.31159 7.61528 7.87041 8.22657 8.67694 8.99386 9.19489 9.36044 9.47713 9.55227 9.63439 9.77979 9.93079 10.0342 7.9943 10.3124 8.56139
9.80618 10.2168 8.31609 9.26869 8.64137 7.40531 7.75224 8.44139 9.78536 8.29564 8.15702 7.94709 9.72071 7.60088 7.24413 6.95833 9.33453 7.71471 7.75943 8.00347 8.07616 7.92484 7.88505 7.60758 7.67908 7.62136 8.0287 8.26202 8.96739 8.51578 8.52718 8.31492 8.10634 8.25958 8.20204 8.09712 8.22419 8.10917 7.78328 7.98464 8.18459 8.35007 8.53126 8.85653 9.94362 8.51716 8.1944 7.82145 7.63896 7.40557 7.62317 7.94097 8.22286 8.48971 8.78458 9.05374 9.26048 9.44496 9.59564 9.66666 9.7547 9.89852 10.0639 10.2027 10.3379 8.22311 8.305
9.6618 9.95331 7.90719 8.07684 9.26742 8.47559 6.9221 7.31709 8.16218 9.6391 8.06971 7.83138 7.55832 9.60988 7.20903 6.9828 9.08064 7.48693 7.54205 7.60096 7.86267 7.85637 7.57564 7.58719 7.49986 7.86527 7.97213 8.32435 8.12025 8.29938 8.23107 8.39452 8.24145 8.17512 8.32476 8.22621 8.18752 8.33311 8.30346 7.16717 7.53949 7.81929 8.10689 8.461 9.12838 9.87777 8.46232 8.20584 7.86421 7.72102 7.92507 8.21777 8.51379 8.72675 8.93321 9.17037 9.36222 9.53204 9.66468 9.73946 9.82878 9.98378 10.1676 10.3383 10.5224 10.6448 10.8148
9.56052 9.68289 8.451 7.78276 7.79853 8.9819 8.50032 6.99524 7.2484 7.57022 9.57137 7.78025 7.57958 7.31797 9.57687 7.44393 8.40616 8.2355 7.30834 7.31514 7.29463 7.56485 7.55194 7.4006 7.7438 7.82917 8.42845 8.26927 8.04241 8.47771 8.33402 8.25074 8.3974 8.36961 8.2796 8.42332 8.44302 8.43176 8.57362 8.54459 8.59737 8.67287 8.85244 9.05588 9.56301 9.06765 9.72783 8.50212 8.2914 8.05092 8.23205 8.47352 8.74641 8.93551 9.1037 9.30556 9.48916 9.63054 9.72863 9.79754 9.88637 10.0442 10.2529 10.4487 10.6325 10.7633 10.9704
9.50041 9.41088 8.25826 8.17731 7.15394 7.68411 9.36358 8.48196 6.83904 7.30279 9.27133 8.31459 7.67377 7.41367 7.22899 10.1899 7.60556 8.22306 8.18036 6.99807 7.0484 7.02075 7.38821 7.71437 7.84366 8.66354 8.94141 7.8411 7.39965 7.805 8.58628 8.41051 8.42687 8.58833 8.51796 8.539 8.70549 8.6778 8.69695 8.8009 8.82912 8.89152 8.99699 9.08467 9.15001 9.96352 9.03587 9.76056 8.66772 8.53339 8.67951 8.85281 9.05241 9.19852 9.34932 9.52103 9.66923 9.79804 9.87804 9.92686 9.98762 10.1317 10.3853 10.5792 10.7046 10.8716 11.1591
9.47224 8.84503 8.47876 7.9846 7.97969 7.13771 7.52357 8.99942 8.13873 7.0241 9.1488 8.01443 8.38833 7.56342 7.39756 9.4841 8.44961 7.41795 8.29772 8.55805 8.03156 7.61154 7.56212 8.01694 9.31156 9.25377 8.08518 7.918 7.71923 7.34043 8.12518 8.7835 8.70507 8.69202 8.79804 8.80965 8.79651 8.93343 8.95032 8.89885 7.43288 7.7887 8.02136 8.17181 8.30615 8.43247 10.1568 10.5462 10.9808 11.1154 11.1414 11.2002 11.2669 11.3219 11.3933 11.4763 11.5663 11.5879 11.5887 11.5899 11.5904 11.6999 11.9039 12.0551 12.0944 12.2639 14.5586
