wasim_mod/input/grids/ASCII/fundus_25.dhk
ncols               193
nrows               326
xllcorner     39436.980
yllcorner    214976.578
cellsize        25.0198
nodata_value -9999.0000
[rows 60 to 89 of 326, columns 0 to 66 of 193]
2114.77 2129.14 2142.24 2153.5 2161.97 2169.86 2177.17 2183.05 2188.24 2194.8 2202.91 2212.65 2224.16 2235.19 2242.81 2250.49 2258.68 2266.18 2273.6 2280.4 2286.02 2290.39 2293.45 2296.38 2299.8 2302.83 2305.25 2308.31 2313.61 2321.03 2329.72 2339.76 2350.75 2362.55 2376.61 2391.74 2405.28 2417.7 2427.69 2433.09 2435.59 2434.52 2431.34 2420.52 2410.8 2397.67 2383.78 2370.34 2359.66 2351.72 2346.35 2341.08 2336.68 2333.48 2329.63 2326.61 2325.75 2328.22 2333.79 2342.92 2355.12 2367.26 2378.67 2389.48 2399.59 2409.07 2418.06
2128.75 2143.38 2156.26 2166.81 2174.78 2182.18 2189 2194.39 2199.2 2206.19 2214.82 2224.89 2235.67 2245.91 2254.27 2262.26 2271.32 2279.39 2286.78 2293.86 2299.54 2303.81 2306.22 2308.37 2311.44 2313.74 2316.16 2319 2324.76 2332.53 2341.76 2351.98 2362.37 2372.86 2385.92 2400.49 2412.92 2424.34 2432.89 2438.5 2440.62 2439.58 2431.34 2425.64 2416.91 2405.08 2392.28 2379.71 2368.46 2359.69 2353.04 2346.65 2342.8 2339.34 2335.37 2331.87 2331.42 2332.95 2338.05 2348.5 2364.45 2381.82 2396.22 2408.84 2419.51 2428.72 2437.74
2141.57 2156.18 2168.87 2178.28 2185.23 2191.76 2198.38 2203.79 2208.7 2215.38 2224.76 2235.21 2245.26 2255.34 2265.12 2274.34 2283.99 2292.97 2300.71 2307.67 2313.1 2317.12 2318.97 2320.56 2323 2325.37 2327.93 2331.49 2337.78 2345.94 2355.32 2365.46 2375.53 2385.6 2397.49 2410.87 2422.18 2431.83 2439.55 2445.19 2446.6 2445.18 2435.66 2429.91 2421.54 2410.69 2399.04 2386.84 2375.64 2366.69 2358.78 2352.21 2347.89 2344.18 2341.02 2337.69 2337.17 2338.75 2344.4 2355.82 2374.45 2395.71 2413.17 2427.03 2438.55 2448.7 2458.63
2153.25 2167.54 2179.2 2187.18 2193.62 2200.19 2205.99 2211.27 2216.52 2223.7 2232.12 2242.76 2253.15 2264.24 2275.34 2286.55 2296.78 2306.45 2314.89 2321.94 2326.97 2330.02 2331.89 2333.28 2335.08 2337.83 2341.01 2346.21 2352.75 2361.2 2370.7 2380.39 2390.43 2400.42 2411.29 2423.07 2432.9 2441.12 2447.91 2453.14 2454.01 2452.05 2441.63 2435.42 2426.51 2415.93 2404.61 2393.06 2382.12 2372.03 2364.2 2357.87 2353.49 2349.68 2346.8 2344.16 2344 2346.31 2352.85 2365.39 2385.17 2408.08 2427.7 2443.13 2456.43 2467.66 2476.41
2162.84 2176.39 2186.71 2193.66 2199.54 2206.32 2212.99 2218.49 2224.19 2231.38 2239.83 2249.65 2260.59 2273.2 2285.28 2298.02 2309.51 2319.28 2327.52 2334.63 2340.26 2343.72 2345.42 2346.12 2347.6 2350.17 2355.58 2362.06 2368.92 2377.79 2387.29 2397.49 2406.63 2416.28 2426.48 2436.84 2445.28 2452.5 2457.82 2461.77 2462.64 2460.34 2448.63 2442.13 2432.63 2421.94 2410.42 2398.91 2388.02 2377.6 2369.75 2363.45 2359.17 2355.87 2353.14 2350.72 2350.92 2354.59 2362.19 2374.83 2395.5 2418.74 2438.86 2455.67 2471.09 2482.01 2487.7
2170.52 2183.83 2193.22 2198.97 2204.18 2211.82 2218.76 2224.44 2230.63 2237.66 2245.99 2255.66 2268.08 2281.05 2294.31 2307.79 2320.17 2330.87 2339.94 2346.8 2353.15 2356.94 2358.56 2359.11 2360.63 2364.23 2370.54 2377.99 2386.33 2394.76 2404.85 2414.98 2424.92 2433.89 2442.7 2451.26 2458.21 2464.49 2468.72 2470.49 2470.84 2468.13 2455.98 2449.29 2439.91 2428.92 2417.02 2404.87 2393.78 2384.05 2375.77 2369.33 2365.08 2362.14 2359.55 2357.59 2357.89 2362.58 2370.7 2383.48 2403.97 2427.04 2447.04 2465.02 2481.5 2491.14 2494.16
2176.62 2189.98 2198.97 2204.78 2209.8 2216.89 2223.72 2229.32 2235.85 2243.04 2251.19 2261.16 2273.78 2287.44 2301.96 2316.72 2329.39 2341 2350.56 2357.96 2363.82 2367.88 2370.29 2371.42 2374.01 2378.41 2385.53 2393.99 2402.87 2412.34 2422.27 2432.86 2443.38 2451.65 2459.32 2466.72 2472.51 2476.4 2478.61 2479.12 2477.88 2474.77 2463.91 2456.53 2447.01 2436.2 2423.81 2411.46 2400.35 2390.63 2382.4 2375.98 2371.7 2368.05 2365.41 2364.81 2365.15 2369.64 2377.58 2390.15 2409.44 2431.04 2450.64 2468.93 2485.05 2494.46 2497.86
2181.2 2194.69 2203.78 2210.68 2216.12 2221.91 2228.04 2233.71 2240.39 2248.21 2256.61 2267.04 2279.12 2293.3 2308.96 2324.21 2337.28 2349.25 2359.35 2367.14 2372.7 2377.15 2380.46 2383.44 2387.3 2392.74 2399.89 2408.95 2418.47 2428.82 2439.72 2450.45 2460.71 2468.84 2475.75 2482.03 2486.07 2487.36 2487.46 2486.2 2483.5 2474.77 2469.96 2463 2453.71 2442.78 2430.83 2418.75 2407.83 2397.29 2389.07 2383.02 2378.28 2374.6 2372.64 2371.5 2371.84 2375.81 2382.69 2394.24 2411.32 2430.89 2449.88 2468.19 2484.39 2494.67 2499.38
2183.1 2197.66 2207.48 2214.7 2221.15 2226.78 2232.08 2238.21 2245.3 2253.73 2263.13 2273.68 2285.66 2299.99 2315.41 2330.3 2343.83 2356.14 2366.76 2374.69 2380.32 2385.39 2389.92 2394.93 2399.95 2406.38 2413.55 2422.93 2433.08 2443.77 2456.07 2466.86 2476.63 2484.53 2490.6 2495.48 2497.34 2496.34 2494.24 2491.45 2487.62 2479.36 2474.37 2467.85 2458.59 2448.37 2436.88 2425.32 2414.43 2404.51 2396.37 2390.35 2385.64 2382.03 2379.5 2378.16 2378.98 2382.27 2387.71 2396.69 2410.7 2427.93 2445.04 2463.22 2480.44 2491.84 2497.61
2184.4 2199.24 2210.15 2217.84 2224.75 2231.27 2237.47 2243.78 2251.38 2259.8 2269.52 2280.22 2292.11 2306.36 2321.28 2335.6 2349.9 2363.05 2373.78 2382.12 2387.66 2393.05 2399.21 2405.48 2411.73 2418.54 2426.88 2436.53 2446.66 2458.01 2470.28 2481.72 2490.86 2498.38 2503.48 2505.87 2505.44 2502.63 2498.85 2494.85 2490.03 2482.71 2477.22 2470.71 2462.24 2452.68 2442.17 2431.64 2421.44 2411.93 2404.29 2397.94 2392.84 2389.11 2386.35 2384.93 2385.49 2387.91 2391.98 2398.85 2410.59 2425.09 2440.78 2458.8 2476.58 2488.37 2494.32
2186.56 2200.58 2211.78 2220.52 2227.76 2234.91 2242.01 2249.06 2256.79 2265.19 2274.32 2285.16 2297.65 2311.91 2327.11 2341.72 2355.95 2369.92 2380.98 2389.62 2395.25 2400.93 2407.09 2414.42 2422.44 2430.15 2439.38 2449.34 2459.58 2470.82 2483.17 2494.91 2503.81 2510.49 2514.4 2514.09 2511 2506.9 2502.28 2496.63 2490.72 2484.76 2478.95 2472.25 2465.24 2456.25 2446.93 2437.59 2428.57 2419.49 2412.22 2405.51 2399.67 2395.2 2392.05 2390.53 2390.58 2392.09 2395.11 2401.18 2411.18 2423.48 2438.39 2456.05 2472.56 2484.1 2490.48
2189.94 2202.97 2214.1 2223.5 2231.26 2238.9 2246.53 2253.81 2261.17 2269.05 2278.26 2289.46 2303.04 2317.48 2333.06 2348.65 2363.82 2378.17 2389.19 2397.56 2403.67 2409.41 2416.19 2423.74 2432.59 2441.95 2451.64 2461.64 2471.74 2483.73 2495.89 2506.9 2515.47 2521.36 2523.63 2521.33 2516.26 2510.13 2504.25 2498.54 2491.75 2485.29 2479.93 2474.03 2467.86 2459.99 2451.62 2442.68 2434.72 2426.86 2419.63 2412.47 2405.75 2400.17 2395.99 2394.09 2393.95 2394.63 2397.23 2403.34 2412.23 2423.29 2437.58 2453.65 2468.48 2479.36 2486.45
2193.95 2206.17 2217.13 2226.66 2234.77 2243.03 2250.36 2257.69 2264.95 2272.56 2282.03 2293.61 2308.24 2323.35 2339.39 2355.89 2372.41 2386.99 2398.27 2406.61 2412.99 2418.98 2426.11 2433.71 2442.63 2452.63 2463.16 2473.22 2483.76 2495.86 2507.61 2518.12 2525.55 2530.3 2531.36 2528.13 2521.6 2514.43 2507.2 2499.89 2491.75 2485.62 2480.77 2475.81 2470.68 2464.37 2456.84 2448.43 2440.08 2433.34 2426.35 2418.18 2410.36 2403.72 2399.17 2396.47 2395.93 2396.39 2398.98 2404.64 2413.62 2424.52 2437.02 2451.09 2464.57 2475.41 2482.54
2197.91 2209.01 2219.86 2229.39 2237.96 2246.41 2253.15 2260.82 2268.44 2276.59 2286.07 2298.27 2313.22 2329.7 2345.95 2363.31 2380.39 2395.31 2407.35 2415.99 2423.22 2429.76 2437.05 2444.68 2453.55 2463.28 2473.86 2484.54 2495.81 2507.85 2518.84 2528.63 2535.11 2538.89 2539.2 2534.29 2526.52 2518.9 2510.53 2502.07 2492.88 2486.58 2481.71 2477.99 2474.07 2469.53 2462.7 2454.35 2446.47 2440.15 2432.55 2423.88 2414.86 2407.58 2402.93 2400.06 2398.95 2399.6 2401.73 2406.83 2415.54 2426.42 2437.81 2449.86 2461.86 2472.4 2480.42
2200.86 2211.16 2221.81 2232.27 2241.49 2249.24 2256.39 2264.28 2271.65 2280.12 2290.51 2303.63 2319.45 2335.84 2352.62 2370.71 2387.43 2402.79 2415.04 2424.69 2433.43 2441.59 2449.11 2456.78 2465.51 2474.7 2484.6 2495.46 2507.52 2519.71 2530 2538.77 2544.97 2548.32 2547.74 2540.44 2531.24 2522.58 2513.38 2505.04 2494.58 2488.69 2484.07 2481.46 2478.7 2475.28 2469.26 2461.44 2453.49 2446.53 2438.43 2429.67 2420.14 2412.88 2408.38 2405.45 2404.02 2404.49 2406.48 2410.72 2418.19 2428.01 2438.46 2449.5 2460.84 2471.34 2479.78
2204.33 2214.5 2225.37 2236.46 2245.3 2252.6 2259.71 2267.61 2274.95 2283.56 2294.8 2308.87 2324.87 2339.99 2357.78 2377.18 2393.69 2409.02 2421.51 2432.67 2442.4 2452.28 2461.26 2468.94 2476.9 2485.74 2495.22 2506.04 2518.21 2530.32 2541.19 2549.13 2554.98 2558.47 2556.13 2547.97 2536.63 2525.42 2515.57 2507.99 2497.42 2491.78 2487.93 2486.23 2484.09 2481.44 2476.02 2469.1 2460.84 2452.97 2444.56 2435.45 2426.18 2419.67 2415.37 2412.35 2410.83 2411.29 2413.11 2416.21 2422.06 2430.88 2440.46 2450.58 2461.49 2472.43 2480.82
2207.75 2217.97 2229.32 2240.44 2248.93 2256.02 2263.04 2270.43 2278.06 2287.1 2299.08 2314.13 2329.27 2343.79 2361.83 2381.42 2399.09 2414.78 2427.97 2439.92 2451.12 2461.53 2471.43 2480.01 2487.87 2496.57 2505.97 2516.88 2529.03 2541.92 2552.05 2559.99 2565.58 2567.62 2564.18 2554.88 2541.27 2529.04 2519.88 2511.87 2501.28 2495.63 2492.61 2491.44 2489.32 2487.47 2482.77 2476.35 2468.48 2459.99 2451.35 2441.81 2433.23 2427.46 2423.4 2420.39 2419.19 2419.61 2421.03 2423.06 2428.02 2436.15 2445.14 2455 2465.14 2475.93 2484.27
2211.74 2222 2233.4 2243.74 2252.03 2258.98 2265.92 2272.83 2280.75 2290.45 2303.27 2318.72 2332.76 2347.07 2364.95 2384.09 2403.34 2419.26 2432.52 2445.48 2457.78 2468.96 2479.18 2489.12 2497.89 2506.38 2516.09 2527.08 2539.85 2552.61 2563.15 2570.89 2575.17 2575.37 2571.37 2561.09 2547.46 2536.52 2526.97 2517.8 2505.84 2500.99 2497.42 2495.73 2494.31 2492.67 2488.88 2483.51 2476.07 2467.48 2458.85 2449.99 2441.7 2436.17 2431.89 2429.64 2428.96 2428.92 2429.71 2431.42 2436.57 2444.74 2452.92 2462.17 2472.34 2481.75 2488.72
2216.97 2227.06 2237.39 2246.65 2254.39 2261.38 2268.18 2275.11 2283.24 2293.62 2306.79 2322.04 2335.54 2349.73 2367.03 2385.76 2405.23 2421.41 2434.79 2447.62 2461.23 2473.57 2484.31 2495.57 2505.34 2514.86 2525.16 2536.65 2549.84 2562.4 2573.66 2580.94 2583.86 2582.94 2578.89 2568.49 2555.46 2545.58 2534.98 2517.8 2511.06 2506.22 2502 2500.52 2499.38 2497.86 2494.95 2490.25 2482.67 2474.56 2467.32 2459.47 2451.79 2445.67 2440.9 2439.29 2438.83 2439.77 2441.09 2442.69 2448.43 2457.03 2464.85 2472.57 2481.81 2489.59 2494.83
2222.91 2232 2240.57 2248.97 2256.7 2263.65 2270.5 2277.38 2286.15 2296.49 2309.61 2323.46 2337.31 2351.37 2367.76 2386.43 2405.22 2421.33 2434.81 2447.63 2461.53 2474.84 2486.73 2498.99 2510.01 2521.48 2533.07 2545.25 2558.67 2571.53 2582.93 2589.64 2591.91 2590.97 2586.9 2576.97 2564.64 2554.47 2543.26 2524.78 2517.38 2511.99 2507.49 2505.55 2504.33 2502.83 2500.31 2496.33 2489.82 2482.79 2476.71 2470.22 2463.44 2457.15 2451.92 2449.2 2449.11 2450.44 2453.15 2455.95 2462.1 2470.05 2477.35 2485.23 2493.19 2499.23 2501.72
2228.35 2236.71 2244.44 2251.53 2258.12 2264.99 2271.81 2278.73 2287.79 2299.04 2311.43 2324.18 2337.02 2351.03 2366.71 2384.97 2402.74 2418.65 2431.48 2444.79 2459.43 2473.48 2487.07 2500.62 2513.33 2526.18 2539.28 2552.61 2566.25 2579.74 2590.64 2597.34 2599.78 2599 2594.37 2585.25 2573.55 2562.93 2551.62 2532.38 2524.63 2518.76 2514.19 2511.79 2510.04 2508.16 2505.98 2502.71 2497.47 2491.81 2486.85 2481.72 2476.14 2470.28 2464.97 2461.53 2460.74 2461.85 2465.35 2469.65 2475.77 2482.39 2489.33 2497.15 2503.88 2508.03 2508.54
2233.31 2240.9 2247.6 2254.26 2260.19 2266.75 2273.58 2280.47 2289.65 2300.31 2311.55 2323.45 2336.01 2349.33 2363.99 2380.98 2398.68 2414.58 2428.1 2442.25 2456.92 2471.68 2486.04 2501.38 2516.17 2530.72 2545.39 2559.52 2573.25 2586.65 2597.85 2605.19 2607.7 2606.93 2601.61 2592.66 2581.52 2571.38 2561.65 2541.5 2533.18 2527.12 2522.59 2520.02 2517.44 2514.72 2512.68 2509.84 2505.58 2501.32 2497.12 2492.89 2488.84 2484.23 2479.6 2476.07 2474.5 2474.97 2478.71 2483.43 2488.57 2493.64 2500.11 2507.33 2512.55 2514.88 2512.97
2238.32 2245.04 2251.53 2257.91 2263.71 2269.76 2276.48 2283.4 2291.93 2301.34 2311.48 2322.38 2334.29 2346.67 2360.42 2376.73 2393.71 2410.17 2424.55 2439.05 2454.33 2469.92 2485.95 2501.97 2517.98 2534 2550.36 2565.5 2580.04 2593.73 2604.79 2612.29 2615.39 2614.29 2609.25 2600.52 2590.52 2580.92 2571.88 2552.81 2545.2 2538.43 2533.82 2530.04 2526.24 2523.12 2519.79 2517.55 2514.91 2511.19 2506.91 2503.37 2500.32 2497.65 2494.34 2491.16 2489.97 2490.22 2493.75 2497.75 2500.48 2504.12 2509.45 2515.08 2518.12 2518.02 2512.64
2243.84 2249.97 2256.96 2263.01 2268.65 2274.21 2280.48 2287.13 2294.65 2302.59 2311.88 2321.49 2332.31 2343.97 2357.2 2372.46 2388.77 2405.32 2421.09 2436.73 2453.18 2469.71 2487.33 2504.35 2520.74 2537.49 2554.59 2570.62 2585.97 2599.8 2611.36 2618.96 2622.28 2621.61 2617.15 2608.61 2599.12 2590.23 2571.88 2564.56 2558.14 2551.71 2546.13 2541.32 2536.36 2532.44 2529.56 2527.46 2524.68 2520.9 2517.32 2514.74 2512.24 2509.75 2507.37 2505.78 2505.11 2506.51 2508.73 2510.86 2511.63 2514.03 2517.15 2519.62 2519.75 2515.43 2504.99
2249.93 2256.08 2262.97 2269.1 2274.52 2279.63 2285.25 2290.86 2297.37 2304.38 2312.7 2320.92 2330.42 2342.03 2354.91 2368.84 2384.16 2400.69 2418.71 2436.34 2453.74 2472.28 2491.27 2509.23 2525.73 2542 2559.01 2575.36 2590.57 2604.68 2616.8 2624.86 2628.01 2628.37 2624.67 2616.8 2608.07 2599.75 2582.01 2575.99 2571 2565.07 2559.27 2553.77 2547.96 2543.45 2540.61 2538.15 2535.19 2531.73 2528.89 2526.69 2525.16 2524.05 2521.95 2521.18 2520.75 2521.53 2522.58 2522.69 2521.6 2521.52 2521.99 2520.37 2515.96 2506.97 2493.77
2256.79 2262.93 2269.15 2275.11 2280.92 2286.05 2290.75 2295.38 2300.25 2305.82 2312.57 2320.47 2329.44 2340.66 2353.24 2366.97 2381.4 2398.65 2418.65 2438.68 2458.09 2478.52 2498.59 2516.81 2531.73 2547.32 2564.15 2579.92 2594.1 2608.62 2620.85 2628.89 2632.61 2633.96 2631.33 2625.49 2618.04 2610.68 2592.45 2587.13 2583.15 2577.84 2572.5 2567.09 2561.12 2556.62 2553.09 2549.76 2546.76 2543.89 2541.95 2540.21 2539.59 2539.26 2537.67 2536.79 2536.5 2535.93 2534.5 2532.25 2529.23 2525.89 2521.69 2515.78 2506.93 2494.98 2480.58
2264.52 2270.07 2275.39 2281.23 2287.11 2292.82 2296.59 2300.07 2303.09 2307.79 2313.63 2320.24 2328.89 2339.71 2352.41 2366.09 2380.99 2399.33 2420.65 2442.37 2463.7 2485.77 2506.86 2524.61 2538.53 2552.89 2568.4 2582.98 2596.87 2610.71 2623.02 2631.55 2636.36 2638.19 2637.78 2634.76 2629.23 2622.06 2603.69 2598.24 2594.32 2589.99 2585.65 2580.68 2575.53 2571.27 2567.21 2563.23 2559.84 2557.44 2556.13 2555.26 2554.93 2554.28 2552.96 2551.6 2550.92 2548.31 2544.13 2539.99 2534.3 2527.17 2518.58 2507.51 2495.05 2481.79 2467.65
2271.8 2276.88 2281.55 2286.91 2292.79 2298.56 2301.84 2303.86 2306.35 2310.19 2314.67 2320.48 2328.62 2339.07 2352.29 2366.17 2381.78 2400.8 2422.92 2445.9 2469.35 2492.41 2513.61 2529.85 2543.96 2557.54 2571.97 2585.67 2599.32 2611.56 2623.58 2632.78 2638.39 2641.95 2643.64 2642.73 2638.89 2633.86 2615.33 2609.42 2605.47 2602.63 2598.78 2594.75 2590.6 2586.47 2583.3 2579.12 2575.15 2572.44 2570.93 2570.51 2569.32 2568.43 2566.26 2564.48 2561.99 2557.34 2551.28 2544.41 2536.15 2525.5 2512.39 2497.77 2483.12 2469.58 2456.63
2277.79 2282.52 2287.25 2291.95 2297.57 2302.64 2305.52 2306.81 2309.4 2312.23 2315.68 2321.07 2328.57 2339.05 2352.43 2367.04 2383.46 2402.76 2424.95 2448.95 2473.64 2497.73 2518.29 2534.12 2547.67 2560.61 2574.05 2587 2599.7 2611.78 2622.93 2632.52 2639.03 2643.99 2647.44 2648.9 2647.96 2646.02 2628.41 2623.17 2619.34 2615.98 2613.04 2610.26 2607.14 2603.97 2600.72 2596.5 2592.57 2589.83 2587.61 2585.18 2581.93 2579.75 2577.06 2573.5 2569.06 2562.48 2554.49 2544.85 2533.71 2521.06 2505.25 2487.87 2473.22 2460.32 2448.87
2282.4 2286.8 2291.5 2296.11 2301.07 2305.14 2307.26 2309.32 2311.35 2313.59 2317.07 2321.95 2329.3 2339.76 2353.17 2368.21 2385.23 2404.69 2426.4 2450.16 2475.28 2500.21 2521.18 2537.6 2550.32 2562.53 2574.92 2587.39 2599.52 2611.73 2621.88 2631.83 2639.17 2645.44 2650.66 2654.74 2656.84 2646.02 2642.29 2638.22 2634.77 2631.77 2628.91 2625.82 2623.15 2620.24 2617.02 2612.95 2609.42 2606.36 2602.41 2597.95 2593.42 2589.6 2585.37 2579.64 2572.31 2563.44 2552.61 2540.42 2527.36 2514.5 2498.53 2480.43 2465.86 2454.07 2445.11
