wasim_mod/input/grids/ASCII/fundus_25.fzs2
ncols               193
nrows               326
xllcorner     39436.980
yllcorner    214976.578
cellsize        25.0198
nodata_value -9999.0000
[rows 160 to 191 of 326, columns 0 to 70 of 193]
-9999 -9999 -9999 -9999 -9999 -9999 -9999 -9999 -9999 -9999 -9999 -9999 -9999 -9999 -9999 -9999 -9999 -9999 -9999 -9999 -9999 -9999 -9999 -9999 -9999 -9999 -9999 -9999 -9999 -9999 -9999 -9999 -9999 -9999 -9999 -9999 -9999 -9999 -9999 2197.73 2103.85 2028.51 2000.97 1978.02 1954.99 1932.6 1910.53 1890.36 1869.68 1849.7 1831.13 1811.71 1795.26 1779.92 1759.54 1795.74 2148.77 2125.14 2270.23 2258.61 2253.38 2954.8 2899.48 3142.1 3095.12 3056.81 3020.14 2984.47 2948.78 2911.72 2872.61
-9999 -9999 -9999 -9999 -9999 -9999 -9999 -9999 -9999 -9999 -9999 -9999 -9999 -9999 -9999 -9999 -9999 -9999 -9999 -9999 -9999 -9999 -9999 -9999 -9999 -9999 -9999 -9999 -9999 -9999 -9999 -9999 -9999 -9999 -9999 -9999 -9999 -9999 2190.47 2104.34 2023.71 1958.13 1942.18 1923.33 1905.55 1886.8 1867.72 1848.79 1828.94 1810.02 1792.55 1773.35 1756.53 1739.78 1717.61 1752.73 2104.26 2079.9 2224.21 2211.55 2204.62 2807.06 2885.23 2834.27 3083.18 3042.78 3004.98 2969.13 2933.31 2895.84 2856.33
-9999 -9999 -9999 -9999 -9999 -9999 -9999 -9999 -9999 -9999 -9999 -9999 -9999 -9999 -9999 -9999 -9999 -9999 -9999 -9999 -9999 -9999 -9999 -9999 -9999 -9999 -9999 -9999 -9999 -9999 -9999 -9999 -9999 -9999 -9999 -9999 -9999 2345.17 2141.49 2061.53 1991.09 1931.27 1881.93 1872.1 1856.35 1841.1 1824.4 1806.88 1788.13 1769.85 1752.24 1733.07 1715.54 1697.65 1674.64 1709.22 2059.87 2034.66 2176.79 2162.41 2153.24 2137.32 2734.94 2817.93 2772.91 2730.33 2691.27 2654.53 2618.32 2580.65 2541.43
-9999 -9999 -9999 -9999 -9999 -9999 -9999 -9999 -9999 -9999 -9999 -9999 -9999 -9999 -9999 -9999 -9999 -9999 -9999 -9999 -9999 -9999 -9999 -9999 -9999 -9999 -9999 -9999 -9999 -9999 -9999 -9999 -9999 -9999 -9999 -9999 -9999 2288.11 2628.86 2552.82 2489.8 2436.35 2391.71 1818.51 1810.26 1796 1781.72 1764.9 1747.24 1729.07 1711.21 1691.51 1673.61 1655.44 1632.6 1666.35 2016.81 1990.99 2131.82 2116.24 2104.68 2086.88 2689.64 2666.05 3357.85 3314.48 3275.12 3237.68 3201.17 3163.72 3125.05
-9999 -9999 -9999 -9999 -9999 -9999 -9999 -9999 -9999 -9999 -9999 -9999 -9999 -9999 -9999 -9999 -9999 -9999 -9999 -9999 -9999 -9999 -9999 -9999 -9999 -9999 -9999 -9999 -9999 -9999 -9999 -9999 -9999 -9999 -9999 -9999 -9999 2748.76 2654.11 2480.73 2423.26 2375.58 2334.37 2333.44 1761.76 1754.5 1739.03 1723.41 1706.54 1688.81 1670.99 1650.63 1632.77 1614.33 1591.43 1624.75 1975.27 1949.54 2090.46 2074.46 2060.8 2038.91 2026.72 2620.25 2598.79 2889.5 3759.11 3718.08 3525.73 3479.12 3426.17
-9999 -9999 -9999 -9999 -9999 -9999 -9999 -9999 -9999 -9999 -9999 -9999 -9999 -9999 -9999 -9999 -9999 -9999 -9999 -9999 -9999 -9999 -9999 -9999 -9999 -9999 -9999 -9999 -9999 -9999 -9999 -9999 -9999 -9999 -9999 -9999 -9999 2749.77 2513.04 2450.08 2398.3 2354.54 2315.24 2280.96 2282.03 1708.73 1698.75 1682.15 1666.35 1649.24 1631.77 1611.32 1593.6 1574.79 1551.45 1584.81 1935.54 1910.6 2052.14 2035.75 2020.25 1994.61 1979.09 2616.1 2551.63 2536.44 2835 3708.41 3667.66 3474.03 3425.59
-9999 -9999 -9999 -9999 -9999 -9999 -9999 -9999 -9999 -9999 -9999 -9999 -9999 -9999 -9999 -9999 -9999 -9999 -9999 -9999 -9999 -9999 -9999 -9999 -9999 -9999 -9999 -9999 -9999 -9999 -9999 -9999 -9999 -9999 -9999 -9999 -9999 2808.47 2438.83 2384.3 2339.39 2298.5 2260.78 2229.1 2233.8 2230.57 1654.45 1643.66 1626.55 1610.3 1593.43 1573.06 1555.02 1535.97 1512.16 1545.85 1896.97 1873.02 2015.16 1998.61 1981.77 1954.46 1936.45 2565.83 2555.02 2496.05 2486.93 2787.88 3660.36 3618.28 3422.22
-9999 -9999 -9999 -9999 -9999 -9999 -9999 -9999 -9999 -9999 -9999 -9999 -9999 -9999 -9999 -9999 -9999 -9999 -9999 -9999 -9999 -9999 -9999 -9999 -9999 -9999 -9999 -9999 -9999 -9999 -9999 -9999 -9999 -9999 -9999 -9999 -9999 2518.34 2370.29 2320.07 2278.56 2241.67 2207.96 2178.21 2185.46 2184.66 2177.98 1601.48 1589.41 1571.55 1554.87 1534.75 1516.43 1497.3 1473.19 1507.24 1858.61 1835.1 1977.59 1961.11 1943.91 1919.64 1903.27 2533.06 2523.25 2459.14 2452.27 2442.63 2741.74 3612.65 3566.56
-9999 -9999 -9999 -9999 -9999 -9999 -9999 -9999 -9999 -9999 -9999 -9999 -9999 -9999 -9999 -9999 -9999 -9999 -9999 -9999 -9999 -9999 -9999 -9999 -9999 -9999 -9999 -9999 -9999 -9999 -9999 -9999 -9999 -9999 -9999 -9999 -9999 2451.89 2346.55 2298.89 2259.03 2224.79 2193.69 2164.7 2135.94 2137.56 2133.06 2124.94 1546.53 1533.38 1514.77 1495.33 1477.53 1458.44 1434.21 1468.27 1819.66 1795.47 1938.31 1922.46 1910.2 1888.77 1875.18 2506.13 2493.52 2480.13 2416.66 2408.13 2396.84 2694.09 3560.03
-9999 -9999 -9999 -9999 -9999 -9999 -9999 -9999 -9999 -9999 -9999 -9999 -9999 -9999 -9999 -9999 -9999 -9999 -9999 -9999 -9999 -9999 -9999 -9999 -9999 -9999 -9999 -9999 -9999 -9999 -9999 -9999 -9999 -9999 -9999 -9999 -9999 2431.61 2323.43 2278.94 2241.07 2208.52 2178.68 2150.96 2123.41 2089.22 2084.65 2078.53 2067.91 1487.3 1473.71 1455.61 1437.03 1418.63 1394.53 1428.46 1779.35 1754.06 1897.39 1883.35 1873.04 1856.65 1846.63 2485.26 2462.93 2449.71 2434.35 2371.79 2363.07 2657.02 2587.89
-9999 -9999 -9999 -9999 -9999 -9999 -9999 -9999 -9999 -9999 -9999 -9999 -9999 -9999 -9999 -9999 -9999 -9999 -9999 -9999 -9999 -9999 -9999 -9999 -9999 -9999 -9999 -9999 -9999 -9999 -9999 -9999 -9999 -9999 -9999 -9999 -9999 2212.93 2153.42 2112.59 2076.69 2045.03 2015.96 1989.95 1962.44 2040.1 2035.18 2030.68 2021.41 2007.74 1426.31 1412.72 1394.39 1376.33 1352.97 1386.91 1737.35 1711.73 1855.54 1844 1834.49 1823.81 1812.44 1790.89 2433.95 2419.72 2403.34 2340.47 2329.33 2620.46 2550.32
-9999 -9999 -9999 -9999 -9999 -9999 -9999 -9999 -9999 -9999 -9999 -9999 -9999 -9999 -9999 -9999 -9999 -9999 -9999 -9999 -9999 -9999 -9999 -9999 -9999 -9999 -9999 -9999 -9999 -9999 -9999 -9999 -9999 -9999 -9999 -9999 2309.2 2188.1 2132.4 2094.07 2059.39 2027.94 2000.55 1975.33 1946.38 1909.61 1986.69 1983.86 1976.09 1962.78 1946.7 1363.85 1348.8 1329.72 1307.62 1342.18 1694.09 1669.19 1814.18 1804.94 1798.32 1787.07 1774.71 1761.5 2405.38 2389.84 2373.08 2309.22 2296.03 2584.87 2513.92
-9999 -9999 -9999 -9999 -9999 -9999 -9999 -9999 -9999 -9999 -9999 -9999 -9999 -9999 -9999 -9999 -9999 -9999 -9999 -9999 -9999 -9999 -9999 -9999 -9999 -9999 -9999 -9999 -9999 -9999 -9999 -9999 -9999 -9999 -9999 -9999 2297.7 2134.23 2080.28 2043.98 2012.36 2011.59 1985.55 1958.93 1927.79 1892.07 1858.82 1938.39 1931.51 1917.74 1901.5 1807.32 1296.89 1279.01 1258.23 1295 1649.87 1627.59 1774.65 1767.79 1764.45 1751.17 1741.18 1732.69 2373.2 2357.98 2342.07 2277.69 2263.24 2550.78 2478.59
-9999 -9999 -9999 -9999 -9999 -9999 -9999 -9999 -9999 -9999 -9999 -9999 -9999 -9999 -9999 -9999 -9999 -9999 -9999 -9999 -9999 -9999 -9999 -9999 -9999 -9999 -9999 -9999 -9999 -9999 -9999 -9999 -9999 -9999 -9999 -9999 2248.81 2114.47 2061.47 2026.1 1997.88 1971.43 1943.19 1912.16 1879.16 1846.39 1815.42 1812.13 1886.48 1873.09 1856.43 1760.91 1248.08 1228.44 1212.46 1250.31 1607.06 1588.11 1738.11 1734.02 1732.21 1720.23 1710.09 1699.58 2393.07 2322.75 2309.75 2245.15 2230.11 2517.4 2444.2
-9999 -9999 -9999 -9999 -9999 -9999 -9999 -9999 -9999 -9999 -9999 -9999 -9999 -9999 -9999 -9999 -9999 -9999 -9999 -9999 -9999 -9999 -9999 -9999 -9999 -9999 -9999 -9999 -9999 -9999 -9999 -9999 -9999 -9999 -9999 -9999 2166.84 2056.63 2004.8 1969.57 1941.88 1915.36 1885.73 1853.29 1821.26 1791.23 1762.19 1770.35 1761.43 1829.86 1813.62 1718.28 1226.72 1188.53 1173.07 1211.2 1568.74 1551.7 1690.43 1690.09 1689.21 1689.47 1678.09 1665.94 2358.56 2289.37 2276.8 2211.42 2195.44 2483.24 2409.79
-9999 -9999 -9999 -9999 -9999 -9999 -9999 -9999 -9999 -9999 -9999 -9999 -9999 -9999 -9999 -9999 -9999 -9999 -9999 -9999 -9999 -9999 -9999 -9999 -9999 -9999 -9999 -9999 -9999 -9999 -9999 -9999 -9999 -9999 -9999 -9999 2137.27 2029.23 1979.36 1946.57 1918.22 1891.02 1861.85 1830.82 1801.09 1773.01 1744.92 1718.34 1720.83 1707.12 1772.83 1717.21 1661.49 1173.43 1137.6 1176.04 1533.94 1517.6 1503.36 1643.42 1644.77 1645.26 1645.68 1632.42 2325.39 2256.6 2243.32 2176.6 2159.55 2448.03 2375.13
-9999 -9999 -9999 -9999 -9999 -9999 -9999 -9999 -9999 -9999 -9999 -9999 -9999 -9999 -9999 -9999 -9999 -9999 -9999 -9999 -9999 -9999 -9999 -9999 -9999 -9999 -9999 -9999 -9999 -9999 -9999 -9999 -9999 -9999 -9999 2139.34 2069.43 2005.45 1961.04 1930.88 1901.71 1872.58 1844.67 1816.05 1788.05 1760.7 1732.47 1701.45 1669.59 1667.66 1650.9 1716.84 1663 1610.52 1124.31 1141.77 1500.11 1483.89 1469.15 1594.74 1595.27 1597.64 1598.6 1598 2291.38 2222.79 2208.87 2140.7 2123.74 2412.67 2340.68
-9999 -9999 -9999 -9999 -9999 -9999 -9999 -9999 -9999 -9999 -9999 -9999 -9999 -9999 -9999 -9999 -9999 -9999 -9999 -9999 -9999 -9999 -9999 -9999 -9999 -9999 -9999 -9999 -9999 -9999 -9999 -9999 -9999 -9999 -9999 2088.08 2027.54 1983.94 1950.14 1916.61 1889.21 1861.02 1830.49 1803.6 1776.36 1748.57 1719.37 1687.61 1652.43 1615.88 1610.5 1594.68 1663.63 1611.89 1560.12 1105.52 1464.62 1448.43 1432.49 1481.71 1542.24 1544.24 1548.02 1548.28 1546.52 2240.47 2172.52 2104.15 2087.82 2377.06 2305.92
-9999 -9999 -9999 -9999 -9999 -9999 -9999 -9999 -9999 -9999 -9999 -9999 -9999 -9999 -9999 -9999 -9999 -9999 -9999 -9999 -9999 -9999 -9999 -9999 -9999 -9999 -9999 -9999 -9999 -9999 -9999 -9999 -9999 -9999 2396.83 2069.33 2011.57 1969.98 1938.97 1909.48 1879.36 1845.97 1818.82 1792.05 1764.27 1735.11 1704.15 1671.09 1635.45 1597.78 1558.47 1553.76 1539.68 1609.17 1556.36 1502.08 1086.74 1409.29 1392.54 1434.26 1426.03 1489.56 1492.79 1494.53 1493.05 1492.18 2186.67 2118.21 2050.26 2339.77 2269.65
-9999 -9999 -9999 -9999 -9999 -9999 -9999 -9999 -9999 -9999 -9999 -9999 -9999 -9999 -9999 -9999 -9999 -9999 -9999 -9999 -9999 -9999 -9999 -9999 -9999 -9999 -9999 -9999 -9999 -9999 -9999 -9999 -9999 2385.3 2349.43 2052.42 2008.31 1961.39 1927.16 1897.06 1864.63 1831.77 1808.28 1779.97 1750.29 1719.12 1686.63 1652.5 1616.28 1579.06 1541.06 1501.9 1495.58 1479.8 1547.83 1493.58 1440.9 1067.95 1348.03 1332.88 1378.43 1373.07 1436.33 1437.52 1438.25 1436.91 1434.86 2129.03 2060.32 1992.72 2283.1
-9999 -9999 -9999 -9999 -9999 -9999 -9999 -9999 -9999 -9999 -9999 -9999 -9999 -9999 -9999 -9999 -9999 -9999 -9999 -9999 -9999 -9999 -9999 -9999 -9999 -9999 -9999 -9999 -9999 -9999 -9999 -9999 -9999 2338.71 2305.21 2047.03 1995.07 1956.84 1913.2 1883.24 1851.96 1825.91 1795.1 1763.77 1731.28 1697.78 1663.74 1628.74 1592.48 1555.69 1518.59 1480.35 1443.19 1434.04 1417.02 1485.18 1431.7 1377.69 1049.16 1286.99 1276.48 1324.57 1318.89 1381.15 1381.21 1380.27 1377.23 1374.49 2068.42 1999.75 1933.06
-9999 -9999 -9999 -9999 -9999 -9999 -9999 -9999 -9999 -9999 -9999 -9999 -9999 -9999 -9999 -9999 -9999 -9999 -9999 -9999 -9999 -9999 -9999 -9999 -9999 -9999 -9999 -9999 -9999 -9999 -9999 -9999 2470.24 2293.37 2262.01 2034.14 1989.51 1943.74 1911.93 1873.58 1846.2 1815.78 1785.15 1750.54 1715.23 1678.96 1643.32 1608.05 1572.41 1536.42 1499.96 1462.44 1423.23 1383.23 1372.22 1354.38 1421.35 1366.05 1310.89 1030.37 1228.71 1220.43 1268.7 1262.47 1323.28 1321.59 1319.92 1316 1313.25 2007.33 1938.34
-9999 -9999 -9999 -9999 -9999 -9999 -9999 -9999 -9999 -9999 -9999 -9999 -9999 -9999 -9999 -9999 -9999 -9999 -9999 -9999 -9999 -9999 -9999 -9999 -9999 -9999 -9999 -9999 -9999 -9999 -9999 -9999 2423.56 2249.6 2219.47 2024.32 1978.65 1944.07 1905.19 1874.97 1840.55 1804.07 1768.36 1732.47 1694.16 1654.63 1617.57 1582.59 1547.64 1512.2 1476.36 1439.74 1401.6 1365.08 1322.08 1307.52 1287.44 1352.18 1297.6 1246.37 1011.58 1170.14 1162.23 1210.07 1203.01 1262.7 1260.48 1258.42 1254.7 1251.89 1944.97
-9999 -9999 -9999 -9999 -9999 -9999 -9999 -9999 -9999 -9999 -9999 -9999 -9999 -9999 -9999 -9999 -9999 -9999 -9999 -9999 -9999 -9999 -9999 -9999 -9999 -9999 -9999 -9999 -9999 -9999 -9999 -9999 2376.11 2238.4 2179.53 2014.31 1974.22 1936.29 1904.21 1867.13 1824.88 1785.85 1750.54 1714.68 1675.22 1634.33 1596.29 1561.2 1526.59 1491.66 1456.5 1420.55 1383.49 1344.17 1303.63 1256.39 1237.73 1215.59 1282.06 1231.1 1184.03 992.791 1110.31 1102.47 1149.5 1141.41 1200.34 1198.09 1196.69 1191.92 1188.65
-9999 -9999 -9999 -9999 -9999 -9999 -9999 -9999 -9999 -9999 -9999 -9999 -9999 -9999 -9999 -9999 -9999 -9999 -9999 -9999 -9999 -9999 -9999 -9999 -9999 -9999 -9999 -9999 -9999 -9999 -9999 -9999 2329.43 2260.7 2170.61 2125.49 1965.17 1930 1892.35 1848.88 1805.56 1765.97 1729.98 1693.55 1654.17 1613.56 1575.99 1540.87 1505.86 1470.81 1436.39 1401.78 1365.52 1326.33 1283.02 1236.17 1185.18 1165.01 1144 1214.9 1167.89 1122.42 974.002 1049.01 1040.48 1086.52 1077.85 1137.51 1135.03 1131.72 1126.52
-9999 -9999 -9999 -9999 -9999 -9999 -9999 -9999 -9999 -9999 -9999 -9999 -9999 -9999 -9999 -9999 -9999 -9999 -9999 -9999 -9999 -9999 -9999 -9999 -9999 -9999 -9999 -9999 -9999 -9999 -9999 -9999 2283.6 2220.26 2169.67 2113.48 2073.59 2032.96 1991.03 1832.39 1785.9 1746.38 1708.7 1670.78 1631.55 1592.5 1555.73 1520.12 1484.41 1449.41 1415.75 1381.87 1346 1306.83 1263.68 1216.22 1164.64 1110.79 1092.67 1076.36 1150.25 1104.73 1060.18 955.213 987.39 977.505 1022.37 1013.01 1070.95 1067.12 1062.51
-9999 -9999 -9999 -9999 -9999 -9999 -9999 -9999 -9999 -9999 -9999 -9999 -9999 -9999 -9999 -9999 -9999 -9999 -9999 -9999 -9999 -9999 -9999 -9999 -9999 -9999 -9999 -9999 -9999 -9999 -9999 -9999 2304.23 2212.1 2158.37 2108.7 2060.54 2015.25 1972.13 1929.76 1772.03 1731.78 1691.92 1652.07 1612.47 1574.69 1537.99 1501.31 1465.12 1430.4 1397.16 1363.47 1327.77 1288.59 1244.69 1195.89 1142.97 1089.32 1038.11 1024.39 1010.68 1086.5 1042.47 999.222 936.424 923.671 910.919 953.746 942.761 999.25 993.593
-9999 -9999 -9999 -9999 -9999 -9999 -9999 -9999 -9999 -9999 -9999 -9999 -9999 -9999 -9999 -9999 -9999 -9999 -9999 -9999 -9999 -9999 -9999 -9999 -9999 -9999 -9999 -9999 -9999 -9999 -9999 -9999 2654.41 2220.71 2153.6 2095.69 2044.83 1998.12 1954.34 1912.16 1871.23 1830.48 1788.74 1746.87 1706.62 1668.66 1631.18 1593.52 1557.26 1523.02 1489.65 1455.92 1420.54 1381.18 1335.76 1285.88 1233.89 1181.4 1130.58 1082.13 1036.09 991.282 977.568 963.853 950.138 974.418 945.033 892.884 880.131 867.378 921.286
-9999 -9999 -9999 -9999 -9999 -9999 -9999 -9999 -9999 -9999 -9999 -9999 -9999 -9999 -9999 -9999 -9999 -9999 -9999 -9999 -9999 -9999 -9999 -9999 -9999 -9999 -9999 -9999 -9999 -9999 -9999 -9999 2643.06 2553.05 2475.67 2414.25 2360.45 2311.48 2267.63 2227.28 2187.78 2147.05 2104.8 2061.44 2019.54 1979.95 1941.48 1903.7 1867.48 1833.05 1799.36 1765.96 1731.33 1692.52 1647.57 1597.94 1547.48 1497.82 1448.76 1400.76 1354.56 1309.42 1264.53 1218.59 1170.74 1121.28 1070.07 1017.45 963.849 907.855 849.343
-9999 -9999 -9999 -9999 -9999 -9999 -9999 -9999 -9999 -9999 -9999 -9999 -9999 -9999 -9999 -9999 -9999 -9999 -9999 -9999 -9999 -9999 -9999 -9999 -9999 -9999 -9999 -9999 -9999 -9999 -9999 -9999 3061.4 2919.02 2826.46 2762.16 2706.83 2656.47 2612.62 2573.55 2535.25 2495.14 2452.92 2409.74 2367.51 2326.67 2287.08 2248.96 2212.35 2177.29 2143.32 2109.85 2075.86 2038.51 1996.07 1950.29 1902.8 1854.96 1807.47 1760.88 1714.68 1668.8 1623.05 1576.33 1527.59 1477.15 1426.43 1374.83 1320.58 1263.91 1205.88
-9999 -9999 -9999 -9999 -9999 -9999 -9999 -9999 -9999 -9999 -9999 -9999 -9999 -9999 -9999 -9999 -9999 -9999 -9999 -9999 -9999 -9999 -9999 -9999 -9999 -9999 -9999 -9999 -9999 -9999 -9999 -9999 3121.04 2960.49 2851.02 2784.83 2749.71 2700.18 2657.08 2618.76 2581.98 2543.81 2503.77 2462.72 2420.83 2379.37 2339.42 2301 2263.9 2228.58 2194.67 2160.93 2126.5 2089.97 2049.67 2006.56 1961.66 1915.59 1868.86 1822.44 1777.13 1731.89 1685.86 1637.99 1588.04 1537.44 1486.84 1435.38 1381.84 1326.22 1266.9
-9999 -9999 -9999 -9999 -9999 -9999 -9999 -9999 -9999 -9999 -9999 -9999 -9999 -9999 -9999 -9999 -9999 -9999 -9999 -9999 -9999 -9999 -9999 -9999 -9999 -9999 -9999 -9999 -9999 -9999 -9999 -9999 3213.5 2963.19 2875.07 2825.19 2767.47 2716.13 2671.76 2632.27 2594.54 2556.82 2552.89 2514.22 2474.23 2433.45 2393.87 2355.08 2317.48 2282.24 2248.81 2215.54 2181.2 2145.4 2106.32 2063.44 2019.47 1975.35 1929.59 1883.27 1838.75 1794.1 1747.93 1698.87 1647.6 1596.72 1545.88 1494.41 1441.24 1385.38 1325.48
