wasim_mod/input/grids/ASCII/fundus_25.dhk
ncols               193
nrows               326
xllcorner     39436.980
yllcorner    214976.578
cellsize        25.0198
nodata_value -9999.0000
[rows 150 to 179 of 326, columns 67 to 133 of 193]
2757.06 2736.38 2718.66 2700.02 2682.32 2667.05 2650.43 2628.85 2607.96 2576.55 2534.77 2499.97 2470.14 2441.11 2417.61 2394.63 2365.42 2338.11 2317.56 2294.36 2267.34 2242.78 2222.69 2199.25 2173.03 2145.78 2120.14 2099 2081.32 2068.91 2054.29 2038.24 2024.47 2011.6 2000.48 1991.36 1982.39 1974.01 1967.11 1961.25 1956.5 1953.3 1952.26 1952.43 1954.45 1958.03 1960.88 1963.58 1966.03 1967.54 1969.51 1973.51 1978.49 1985.56 1996.07 2008.94 2021.19 2032.32 2044.42 2057.62 2070.75 2083.77 2096.27 2106.04 2114.57 2118.74 2118.78
2766.51 2745.87 2727.89 2708.61 2691.08 2676.83 2660.17 2640.21 2619.6 2587.28 2543.7 2507.43 2476.13 2448.65 2423.71 2399.25 2369.13 2342.82 2324.22 2304.19 2282.47 2258.33 2233.62 2206.75 2176.84 2148 2125.2 2104.6 2086.55 2072.17 2055.9 2038.76 2024.32 2010.89 1999.47 1990.13 1981.18 1973.56 1967.85 1962.91 1958.5 1955.8 1955.43 1955.52 1956.87 1960.18 1963.17 1965.6 1967.73 1969.01 1970.27 1973.39 1978.53 1985.7 1996.31 2009.44 2021.61 2032.57 2043.95 2056.01 2068.68 2081.87 2094.64 2105.82 2114.59 2118.81 2119.39
2774.24 2752.9 2733.29 2715.18 2698.21 2683.34 2667.64 2648.83 2628.97 2596.87 2551.83 2510.59 2477.89 2452.56 2429.63 2403.6 2374.44 2349.19 2332.48 2316.53 2302.18 2280.05 2249.35 2215.19 2178 2147.59 2127.13 2110.8 2094.05 2077.42 2059.26 2041.76 2025.24 2011.18 1999.74 1989.39 1980.63 1973.92 1968.84 1964.13 1959.79 1957.63 1957.75 1957.88 1958.39 1960.96 1963.81 1966.03 1968.3 1969.88 1970.92 1973.43 1978.88 1986.23 1996.63 2009.74 2021.61 2032.42 2043.82 2055.46 2067.29 2080.3 2093.14 2105.12 2114.19 2118.97 2119.76
2781.87 2758.89 2738.34 2720.51 2703.56 2687.5 2672.27 2655.25 2637.24 2610.25 2563.25 2515.03 2480.53 2456.49 2435.37 2410.6 2384.74 2361.78 2345.89 2332.46 2319.75 2301.45 2269.01 2224.66 2178.45 2143.59 2124.56 2113.46 2100.5 2083.85 2065.46 2046.58 2028.38 2013.26 2001.42 1990.26 1981.03 1974.79 1969.71 1964.87 1961.09 1959.04 1959.12 1959.4 1959.21 1961.15 1963.05 1965.71 1968 1969.94 1971.25 1973.91 1979.31 1986.66 1997.29 2010.17 2021.56 2032.35 2044.34 2055.57 2067.33 2079.93 2092.76 2104.9 2114.2 2119.75 2120.59
2786.09 2762.2 2741.49 2721.61 2704.22 2687.95 2672.81 2656 2640.73 2618.13 2572.37 2525.83 2491.85 2463.21 2439.05 2414.87 2398.94 2378.78 2361.67 2346.09 2331.1 2315.75 2280.16 2224.41 2191.98 2158.65 2128.34 2111.46 2103.66 2091.04 2073.25 2052.61 2033.95 2018.1 2004.89 1992.98 1983.78 1976.59 1971.35 1966.48 1962.65 1960.53 1960.52 1960.25 1959.59 1961.18 1963.14 1964.78 1967.21 1969.07 1971.33 1974.43 1979.83 1987.35 1998.28 2010.67 2022.05 2033.56 2045.73 2057.08 2069.09 2081.26 2093.94 2106.11 2115.48 2121.16 2122.1
2785.75 2761.65 2740.71 2720.96 2702.35 2686.84 2671.99 2655.31 2639.52 2618.66 2576.38 2535.62 2504.76 2473.01 2447.07 2423.79 2409.86 2393.53 2374.7 2356.36 2338.58 2319.71 2283.91 2234.73 2204.7 2173 2134.6 2111.12 2105.19 2096.2 2079.85 2058.56 2039.36 2023.31 2008.9 1995.84 1986.47 1979.59 1973.41 1968.51 1964.41 1962.02 1961.37 1961.06 1959.98 1960.91 1962.53 1964.36 1966.26 1968.81 1972.08 1976.19 1981.91 1989.23 1999.54 2011.58 2023.01 2034.83 2047.02 2058.56 2071.2 2084.22 2097.29 2108.4 2117.49 2123.05 2124.24
2781.16 2757.08 2735.7 2715.79 2697.45 2683.08 2667.99 2651.48 2635.18 2613.46 2575.56 2539.04 2513.23 2483.38 2457.05 2437.15 2419.17 2403.11 2382.77 2363.16 2341.9 2313.44 2278.47 2248.42 2213.66 2182.87 2139.23 2114.37 2107.77 2099.82 2083.94 2063.71 2044.5 2027.91 2013.15 1999.91 1990.36 1983.22 1976.51 1971.2 1966.76 1963.7 1962.64 1961.91 1960.56 1960.74 1961.97 1964.21 1966.38 1969.58 1973.96 1978.89 1984.63 1992.56 2002.69 2013.81 2025.14 2036.21 2048.27 2060.47 2073.23 2086.84 2100.38 2111.69 2120.69 2126 2128.07
2773.08 2749.96 2728.23 2708.91 2692.49 2678.39 2663.63 2647.37 2629.91 2608.2 2575.21 2536.25 2515.22 2490.58 2463.34 2448.37 2430.76 2408.19 2386.79 2366.18 2341.35 2301.64 2272.29 2250.82 2219.68 2189.79 2142.88 2120.54 2113.36 2103.15 2086.52 2068.04 2049.46 2032.47 2017.34 2004.49 1994.83 1986.82 1980.1 1974.17 1969.43 1965.89 1963.94 1962.67 1961.15 1960.86 1961.84 1964.55 1967.39 1971.42 1976.56 1982.18 1988.46 1996.79 2006.48 2017.23 2027.64 2038.48 2050.14 2063.02 2076.15 2090.35 2104.33 2115.76 2125.41 2131.19 2134.19
2763.42 2741.96 2721.27 2703.05 2687.87 2673.43 2658.59 2642.01 2624.15 2604.17 2576.03 2543.12 2514.44 2491.26 2471.53 2455.01 2435.91 2413.66 2390.16 2366.99 2337.51 2298.1 2278.9 2248.29 2223.73 2195.72 2151.3 2124.95 2119.59 2106.77 2089.82 2071.84 2054 2037.05 2021.63 2008.44 1998.44 1989.82 1983.22 1976.94 1972.05 1968.47 1965.27 1963.47 1961.75 1961.39 1962.62 1966.27 1969.28 1974.04 1979.63 1985.96 1993.03 2001.46 2010.71 2021.17 2030.75 2041.56 2052.97 2065.72 2079.32 2093.92 2107.96 2120.43 2130.96 2138.65 2143.01
2754.13 2733.15 2714.11 2696.74 2680.7 2666.06 2651.66 2636.08 2618.96 2599.46 2573.83 2545.61 2519.71 2497.48 2477.38 2459.64 2439.95 2416.85 2391.88 2366.89 2333.82 2308.18 2278 2250.81 2225.97 2198.7 2161.94 2129.54 2122.84 2109.7 2093.21 2073.67 2057.88 2040.79 2025.38 2011.86 2000.95 1991.85 1985 1979.73 1974.89 1970.45 1967.7 1964.63 1962.87 1962.7 1965.11 1968.42 1972.32 1977.07 1982.99 1990.35 1997.79 2006.2 2015.72 2025.21 2034.79 2044.86 2056.64 2068.18 2082.01 2096.69 2110.85 2124.69 2136.34 2146.68 2153.62
2746.16 2725.13 2706.67 2690.01 2673.41 2658.11 2643.34 2629.4 2613.8 2594.13 2569.54 2544.99 2521.54 2498.81 2479.7 2461.84 2442.47 2418.97 2393.78 2366.15 2328.18 2309.68 2276.92 2253.74 2228.7 2200.8 2169.08 2134.02 2122.14 2110.14 2094.07 2076.11 2060.16 2043.3 2028.25 2014.79 2003.34 1994.35 1987.64 1982.25 1977.73 1973.22 1969.76 1966.59 1964.56 1965.34 1967.5 1970.79 1975.33 1980.41 1986.78 1994.73 2002.48 2011.64 2020.7 2030.32 2039.57 2048.96 2059.71 2070.92 2084.11 2098.72 2113.59 2127.68 2140.39 2152.77 2164.08
2740.09 2718.78 2700.34 2683.36 2667.14 2651.35 2635.88 2622.74 2608.84 2588.65 2564.64 2541.7 2518.93 2497.84 2479.42 2462.23 2443.46 2420.57 2395.57 2365.91 2322.36 2308.89 2275.45 2254.37 2229.51 2200.46 2171.09 2136.4 2120.32 2109.14 2093.68 2077.1 2062.09 2045.21 2030.24 2016.71 2005.29 1996.27 1990.31 1985.2 1980.69 1976.11 1971.98 1968.33 1966.9 1968.01 1969.92 1973.18 1977.93 1983.8 1990.75 1998.75 2007.11 2016.61 2026.04 2035.17 2044.33 2053.08 2062.76 2074 2086.76 2100.43 2114.98 2129.11 2143.34 2157.36 2170.76
2736.03 2714.67 2696.14 2678.06 2661.47 2646.1 2631.17 2617.57 2603.38 2583.08 2560.23 2537.87 2515.57 2495.98 2478.61 2461.93 2443.64 2421.7 2396.83 2365.69 2319.43 2307.1 2272.82 2251.33 2227.17 2197.8 2168.39 2136.89 2119.49 2107.18 2092.61 2077.51 2063.2 2046.46 2031.43 2017.82 2006.44 1997.56 1991.99 1987.63 1983.25 1978.88 1974.89 1971.5 1970.49 1971.23 1972.61 1975.68 1980.39 1986.56 1994.04 2002.27 2010.83 2020.87 2030.86 2039.81 2048.61 2057.1 2066.45 2076.88 2089 2102.41 2116.4 2130.75 2145.69 2159.63 2172.01
2731.99 2710.96 2692.11 2673.81 2656.47 2641.19 2626.47 2612.18 2596.7 2576.7 2555.13 2534.3 2514.18 2496.25 2479.88 2463.23 2444.6 2422.19 2397.19 2365.11 2320.33 2303.84 2269.11 2245.07 2222.1 2193.08 2164.8 2136.09 2120.17 2106.72 2091.86 2077.71 2062.71 2047.03 2032.21 2018.63 2007.3 1998.83 1992.72 1989.05 1985.16 1981.37 1977.84 1975.38 1974.19 1974.36 1975.35 1978.01 1982.59 1988.71 1996.27 2004.79 2013.55 2023.86 2034.21 2043.77 2052.2 2060.33 2069.58 2079.72 2091.28 2104.27 2117.67 2132.25 2147.24 2160.47 2171.68
2725.18 2704.57 2685.71 2668.19 2650.81 2635.38 2620.62 2604.27 2586.83 2567.84 2548.82 2529.86 2512.44 2496.69 2481.27 2464.12 2445.04 2422.53 2396.68 2364.34 2324.07 2288.98 2266.72 2239.24 2216.98 2188.54 2163.97 2134.77 2121.18 2106.82 2091.6 2076.59 2062.36 2047.61 2033.32 2019.96 2009.43 2000.4 1994.09 1990.26 1986.81 1983.3 1979.7 1977.08 1975.82 1975.96 1977.57 1979.85 1984.19 1990.3 1997.89 2006.19 2015.47 2025.28 2035.98 2045.63 2053.92 2062.08 2071.28 2081.96 2093.1 2105.77 2118.76 2133.25 2147.96 2160.33 2170.32
2713.61 2693.46 2674.83 2658.86 2643.4 2628.63 2612.73 2594.48 2575.43 2557.01 2539.66 2523.59 2508.96 2494.9 2479.02 2462.24 2443.36 2420.22 2393.25 2362.05 2326.46 2288.95 2262.14 2239.56 2213.04 2187.66 2160.47 2135.75 2122.28 2107.8 2091.96 2076.78 2063.24 2049.57 2036.28 2023.94 2013.78 2004.68 1997.39 1991.92 1987.39 1984.2 1980.82 1978.17 1976.86 1976.92 1978.45 1981.39 1985.89 1991.93 1999.55 2007.9 2016.44 2025.98 2036.52 2045.57 2053.84 2062.32 2071.69 2082.33 2093.8 2106.33 2119.69 2133.46 2147.85 2159.26 2168.11
2697.2 2677.44 2660.19 2646.9 2634.38 2620.74 2603.4 2584.03 2564.26 2545.81 2529.3 2515.66 2502.14 2487.79 2471.88 2454.99 2436.57 2413.9 2386.86 2357.75 2325.79 2291.85 2259.79 2237.25 2209.58 2184.57 2159.82 2139.22 2123.96 2108.5 2092.81 2077.98 2064.87 2052.28 2040.06 2028.9 2018.84 2009.7 2001.46 1994.9 1989.29 1984.83 1981.69 1979.21 1978.11 1978.61 1980.09 1983.06 1988.27 1994.25 2000.88 2008.9 2017.33 2026.13 2035.87 2044.48 2052.66 2061.47 2070.79 2081.28 2092.85 2105.85 2118.74 2131.98 2145.65 2156.79 2165.71
2676.49 2658.8 2644.36 2634.07 2623.76 2611.36 2594.11 2573.82 2553.96 2535.6 2519.54 2505.99 2491.62 2476.33 2460.31 2443.51 2425.31 2403.97 2378.08 2351.38 2321.77 2289.91 2258.68 2234.02 2209.16 2184.61 2163.49 2144.5 2127.2 2110.79 2095.15 2081.15 2067.76 2055.8 2044.89 2034.62 2025.01 2015.86 2006.68 1998.77 1992.19 1986.31 1982.68 1980.17 1979.11 1980.14 1981.86 1985.22 1990.36 1996.37 2002.85 2010 2017.82 2026.08 2034.91 2043.13 2051.38 2059.6 2068.42 2078.87 2090.3 2103.25 2116.47 2128.86 2141.06 2152.79 2162.3
2653.38 2638.06 2626.64 2618.38 2610.13 2598.93 2582.74 2563.4 2543.7 2526.23 2510.29 2494.84 2478.48 2461.92 2445.35 2427.7 2409.83 2390.75 2368.38 2343.14 2315.32 2285.58 2259.4 2235.66 2214.49 2193.64 2171.44 2150.88 2132.78 2116.03 2099.53 2085.23 2071.87 2060.1 2050.31 2041.1 2031.68 2022.73 2012.76 2003.2 1995.5 1988.75 1984.09 1981.41 1980.47 1981.58 1983.81 1987.56 1992.13 1998.09 2004.74 2011.27 2018.25 2026.32 2034.44 2041.9 2049.67 2057.08 2065.73 2075.53 2086.77 2099.54 2112.49 2124.49 2136.31 2147.91 2158.26
2627.72 2615.86 2607.25 2600.2 2592.06 2582.55 2568.9 2551.59 2533.29 2516.06 2500.09 2483.76 2465.78 2446.37 2428.51 2410.67 2393.56 2377.08 2358.16 2335.22 2309.48 2283.65 2260.52 2239.54 2219.28 2199.26 2178.71 2158.4 2140.16 2122.54 2105.28 2089.26 2075.9 2064.98 2055.75 2047.06 2037.69 2028.69 2018.74 2008.07 1999.28 1991.87 1986.27 1983.51 1982.94 1983.43 1986.07 1989.46 1993.84 1999.49 2005.84 2012.49 2019.32 2027.38 2034.57 2041.12 2047.88 2054.78 2063.31 2072.39 2083.08 2095.47 2107.95 2120.18 2132 2143.18 2154.86
2600.48 2591.67 2586.43 2580.42 2572.71 2564.07 2552.51 2537.93 2520.87 2503.5 2487.01 2469.78 2450.98 2430.17 2411.27 2394.79 2379.56 2365.39 2349 2328.83 2306.82 2283.43 2262.57 2243.18 2223.69 2204.08 2183.97 2165.14 2147.03 2129.29 2111.74 2094.61 2081.19 2070.04 2061.09 2052.68 2043.8 2033.94 2023.97 2014.03 2004.38 1996.05 1990.45 1986.89 1985.55 1985.62 1987.78 1991.21 1995.61 2000.45 2006.63 2013.76 2021.04 2028.38 2034.79 2040.93 2047.22 2053.48 2061.56 2070.65 2080.19 2091.62 2104.39 2116.85 2127.99 2140 2152.9
2572.22 2565.77 2563.1 2558.89 2552.25 2544.1 2534.2 2520.91 2504.59 2487.77 2470.55 2451.52 2432.44 2413.21 2395.4 2380.76 2367.12 2354.86 2340.14 2321.86 2302.18 2281.06 2262.9 2244.67 2226.84 2207.84 2188.81 2170.75 2153.48 2135.84 2118.18 2101.08 2087.05 2075.98 2066.49 2057.75 2048.87 2039.57 2030.2 2020.57 2011.04 2003.03 1996.87 1992.34 1990.13 1989.45 1990.02 1992.24 1996.57 2001.5 2007.25 2014.34 2022.03 2029.32 2034.97 2040.74 2046.35 2052.52 2059.8 2068.56 2078.14 2089.26 2101.82 2113.94 2126.5 2138.66 2151.55
2544.58 2538.78 2537.24 2535.48 2530.49 2523.36 2514.07 2500.22 2484.13 2468.63 2450.59 2429.58 2411.57 2396.02 2381.19 2368 2355.85 2344.5 2330.74 2313.53 2294.97 2276.27 2260.14 2244.13 2227.61 2210.46 2193.04 2175.9 2159.45 2142.08 2124.83 2108.33 2094.14 2082.5 2072.47 2063.53 2055.11 2046.33 2037.93 2028.49 2019.5 2011.68 2004.88 1999.3 1995.67 1993.74 1992.93 1993.69 1997.49 2001.79 2007.46 2014.15 2021.96 2029.02 2034.87 2040.33 2046.18 2052.42 2059.53 2068.05 2077.43 2088.36 2100.71 2113.36 2125.4 2137.87 2150.76
2519.89 2513.7 2511.43 2510.57 2508.5 2502.54 2492.17 2477.08 2462.05 2447.15 2427.06 2406.7 2391.7 2379.5 2367.88 2356.41 2344.87 2333.38 2320.19 2304.25 2286.81 2269.87 2254.96 2240.38 2225.81 2211.6 2196.33 2180.47 2164.93 2148.57 2132.24 2116.38 2102.24 2089.88 2079.45 2070.54 2062.6 2054.27 2046.16 2037.35 2028.86 2021.02 2013.74 2007.34 2002.11 1998.53 1996.78 1996.53 1998.94 2002.45 2007.61 2013.68 2021.47 2028.59 2034.41 2040.03 2046.2 2052.52 2059.74 2068.31 2077.55 2088.05 2099.69 2112.05 2124.2 2136.81 2150.05
2496.27 2491.54 2487.9 2486.84 2485.99 2481.46 2470.33 2454.94 2441.07 2425.53 2404.74 2387.24 2374.34 2363.53 2353.59 2344.21 2333.82 2322.16 2308.9 2294.31 2278.56 2262.59 2248.6 2235.66 2223.15 2210.82 2198.29 2184.62 2170.59 2155.8 2140.99 2125.67 2111.05 2098.04 2087.57 2078.35 2070.04 2062.32 2053.91 2046.12 2037.67 2030.02 2022.74 2015.49 2009.04 2003.9 2001.47 2000.75 2001.33 2004.24 2008.07 2013.5 2020.65 2028.34 2034.12 2040.14 2046.33 2053.09 2060.54 2068.98 2077.67 2087.51 2098.55 2110.2 2122.63 2135.57 2149.17
2474.32 2469.68 2465.12 2462.56 2461.15 2455.77 2444.75 2431.43 2419.08 2404.56 2385.59 2370.46 2358.91 2348.99 2340.31 2331.78 2322.04 2310.94 2297.75 2283.86 2269.61 2255.21 2242.18 2231.27 2220.68 2210.07 2199.56 2188.8 2177.25 2163.6 2150.43 2135.67 2121.15 2107.53 2096.11 2086.39 2077.66 2068.94 2061.15 2053.49 2045.4 2038.2 2030.38 2022.11 2015.06 2009.89 2006.07 2004.95 2004.91 2006.83 2009.41 2013.7 2020.14 2027.39 2034.68 2041.04 2047.17 2053.92 2061.19 2069.44 2077.37 2086.47 2096.78 2108.2 2120.5 2133.81 2147.29
2453.06 2447.51 2442.29 2438.4 2434.99 2427.29 2416.67 2406.41 2396.33 2383.75 2368.55 2355.62 2345.1 2335.63 2327.41 2319.55 2309.72 2298.86 2286.48 2273.08 2260.32 2247.74 2236.73 2227.87 2219.32 2210.6 2202.18 2193.12 2183.26 2171.12 2158.59 2145.48 2130.92 2117.03 2105.33 2094.92 2085.19 2076.73 2069.16 2061.18 2053.36 2045.31 2036.49 2028.63 2021.54 2015.78 2011.37 2009.41 2008.42 2009.33 2010.9 2014.22 2019.08 2025.66 2033.79 2040.89 2047.49 2054.11 2061.66 2069.33 2076.14 2084.03 2093.58 2104.85 2117.53 2130.1 2143.29
2432.81 2426.28 2420.54 2415.36 2409.63 2400.52 2390.66 2382.75 2374.52 2364.01 2352.56 2342.01 2332.58 2323.65 2315.58 2307.46 2297.18 2286.27 2275.34 2263.03 2251.61 2241.28 2232.78 2225.72 2218.88 2211.84 2205.05 2197.07 2188.08 2177.67 2166.08 2153.66 2139.8 2126.05 2114.46 2103.33 2093.34 2085 2076.91 2068.89 2060.49 2051.71 2042.17 2034.55 2027.56 2021.67 2016.87 2013.87 2011.91 2011.85 2012.54 2015.05 2019.08 2024.39 2031.58 2039.75 2047.19 2053.86 2061.36 2068.08 2074.25 2081.1 2089.48 2099.7 2111.19 2124.08 2137.42
2415.93 2408.49 2402.26 2395.91 2388.87 2379.81 2371.59 2363.82 2356.36 2347.39 2337.71 2329.12 2321.33 2313.1 2305.05 2295.59 2285.52 2274.84 2264.8 2254.42 2244.75 2236.81 2230.14 2224.7 2219.16 2213.28 2207.29 2200.22 2191.77 2182.87 2172.57 2160.75 2147.8 2134.62 2122.94 2111.76 2101.91 2093.2 2084.65 2076.24 2066.91 2057.41 2047.88 2040 2032.86 2026.94 2021.76 2017.96 2015.32 2014.4 2014.2 2016.01 2019.03 2023.32 2029.56 2037.96 2046.12 2052.94 2059.54 2065.73 2071.74 2077.75 2084.99 2093.63 2104.63 2116.84 2130.67
2401.93 2394.21 2386.88 2380.01 2372.66 2364.86 2357.14 2349.49 2341.98 2334.05 2325.71 2318.08 2310.75 2302.97 2294.85 2286.08 2276.18 2266.13 2256.54 2247.86 2240.08 2233.82 2228.29 2224.4 2219.92 2214.43 2209.1 2202.23 2194.78 2186.85 2177.63 2167.02 2155.04 2142.89 2130.9 2120.18 2110.26 2101.19 2092.5 2082.89 2073.05 2062.58 2053.15 2044.75 2037.53 2031.17 2025.44 2021.05 2018.16 2016.48 2015.66 2016.71 2018.8 2022.76 2028.36 2036.16 2044.48 2051.35 2057.35 2063.06 2068.56 2073.94 2080.41 2087.73 2097.89 2109.54 2124.07
