wasim_mod/input/grids/ASCII/fundus_25.fzs2
ncols               193
nrows               326
xllcorner     39436.980
yllcorner    214976.578
cellsize        25.0198
nodata_value -9999.0000
[rows 64 to 95 of 326, columns 71 to 141 of 193]
2479.7 2435.63 2391.76 2347.72 2303.89 2260.03 2215.56 2170.74 2126.85 2082.53 2036.72 1990.82 1947.08 1906.73 1868.39 1829.42 1787.92 1742.34 1696.95 1784.62 1802.26 1765.88 1743.28 1695.82 1668.35 1724.79 1612.7 1567.49 1526.58 1487.55 1442.76 1364.49 1214.15 1168.99 1139.67 1110.4 1076.33 1040.52 1004.05 966.605 931.429 898.648 865.544 830.309 792.987 754.106 714.491 675.561 637.588 599.252 559.487 517.943 473.285 423.418 365.301 142.963 219.408 203.354 280.812 347.047 409.743 471.991 533.814 593.779 653.499 758.646 661.562 715.721 774.348 583.414 568.89
2513.36 2470.7 2427.86 2384.13 2340.13 2295.78 2251.21 2206.95 2163.18 2118.81 2073.85 2028.68 1985.09 1944.6 1905.44 1865.24 1822.18 1774.79 1872.29 1885.66 1843.73 1817.83 1793.42 1738.87 1794.07 1680.67 1626.6 1584 1545.79 1499.76 1313.83 1306.62 1249.41 1206.36 1177.32 1146.9 1110.76 1073.18 1034.49 996.343 961.685 928.568 894.831 859.616 822.703 784.309 745.192 706.737 668.703 629.578 588.214 544.98 499.232 448.464 154.926 217.915 291.32 263.582 252.609 325.287 390.381 452.426 511.202 569.077 634.986 694.125 797.408 698.444 751.705 810.195 618.75
2536.43 2493.9 2451.44 2408.04 2363.22 2317.25 2272.14 2228.9 2186.13 2142.59 2098.68 2054.79 2012.06 1971.04 1930.31 1888.35 1843.78 1951.07 1972.96 1927.67 1895.44 1869.97 1843.95 1864.98 1749.37 1694.23 1644.53 1598.32 1559.69 1328.92 1286.89 1251.65 1290.3 1245.5 1215.66 1184.18 1146.32 1107.19 1068.68 1032.47 998.579 964.632 930.281 895.257 858.769 820.497 781.032 741.95 703 662.805 620.651 576.153 527.232 243.614 163.386 286.339 354.911 316.173 309.274 295.268 367.321 431.75 492.569 550.886 608.544 673.539 731.117 832.914 733.085 786.634 844.64
2560.69 2517.24 2474.58 2431.25 2385.9 2338.32 2292.36 2250.12 2208.46 2165.27 2122.24 2080 2038.01 1996.08 1952.95 1908.61 2020.67 2048.88 2029.17 1983.45 1948.94 1920.65 1893.7 1819.35 1762.47 1711.06 1660.66 1420.72 1384.4 1277.99 1237.01 1203.79 1103.67 1056.32 1025.07 993.348 955.49 917.138 881.164 847.287 813.547 778.52 743.372 708.037 671.636 633.059 592.689 552.741 512.645 471.476 429.028 383.702 331.705 267.271 171.845 352.904 413.296 365.127 359.575 350.633 336.085 407.165 470.709 530.838 588.342 645.301 708.953 764.781 866.334 767.139 820.189
2586.55 2541.79 2498.81 2455.2 2409.32 2361.15 2315.35 2273.74 2232.71 2190.43 2148.59 2107.24 2064.81 2020.79 1975.29 2088.87 2118.84 2100.85 2080.12 2035.16 1999.45 1970.43 1889.55 1830.65 1779.53 1728.06 1485.44 1234.84 1198.49 1165.13 1128.31 1094.82 1141.56 1092.61 1058.96 1026.7 990.529 954.41 921.235 889.018 854.996 819.171 783.175 747.247 710.487 671.678 630.894 589.861 548.918 507.522 464.826 418.86 365.061 183.809 250.714 418.552 468.349 460.365 407.43 400.247 390.834 375.185 445.466 507.969 567.093 624.02 679.276 741.599 797.671 899.819 800.742
2611.6 2564.13 2519.56 2475.34 2429.92 2383.85 2340.05 2299.53 2259.12 2217.03 2175 2133.15 2090.2 2044.31 2159.69 2191.37 2173.63 2150.83 2129.49 2085.01 2048.83 2020.06 1901.93 1847.76 1796 1556.13 1306.16 1257.34 1166.2 1134.26 1104.23 1070.62 1035.3 1022.44 985.759 952.082 918.091 885.062 853.385 821.299 787.093 750.832 714.093 677.46 640.025 601.014 560.155 518.034 476.523 435.336 392.26 345.783 291.417 192.269 337.433 483.636 521.613 514.561 502.451 448.37 440.656 430.058 413.723 482.673 544.022 602.143 657.238 711.636 774.434 831.261 934.287
2805.16 2754.7 2707.89 2662.42 2617.13 2572.41 2530.7 2491.08 2450.98 2409.62 2367 2323.98 2279.88 2232.4 2267.63 2252.39 2226.4 2202.32 2179.9 2135.13 2100.06 2071.68 1920.22 1864.29 1623.87 1378.16 1332.08 1187.84 1143.3 1108.68 1077.74 1046.11 1010.4 972.098 1007.41 973.121 940.686 908.916 877.201 844.479 809.784 773.391 736.802 700.006 662.085 622.696 581.214 538.301 496.058 454.372 411.555 365.021 308.995 200.728 306.686 390.105 534.844 567.52 557.132 543.702 488.961 480.978 470.12 451.823 518.792 578.562 635.06 689.662 744.886 808.669 867.074
2924.29 2871.49 2822.55 2775.92 2730.68 2686.97 2646.15 2606.78 2566.8 2525.5 2482.57 2438.84 2393.63 2344.23 2333.67 2310.55 2282.57 2255.76 2232.18 2187.34 2154.46 1998.96 1937.05 1401.73 1354.17 1308.38 1267.23 1265.99 1122.97 1088.53 1056.43 1025.03 991.795 955.86 919.93 886.167 853.859 821.844 789.536 756.269 721.108 684.357 647.479 610.698 572.699 532.519 490.453 447.565 405.067 362.685 318.709 270.376 212.692 293.983 264.909 360.538 438.176 579.947 610.238 598.118 584.588 530.739 522.579 508.94 487.446 534.653 610.845 667.921 723.633 780.046 844.798
2952.07 2897.69 2847.7 2800.51 2755.36 2712.16 2671.37 2631.64 2591.39 2549.54 2506.46 2462.77 2416.64 2413.93 2395.81 2372.1 2341.25 2311.48 2287.46 2243.67 2213.52 2019.54 1420.81 1370.91 1325.49 1282.01 1240.95 1200.76 1210.08 1128.16 1095.54 1063.48 1030.03 994.643 959.163 925.47 893.057 860.618 827.629 793.82 758.349 721.654 684.551 647.398 609.382 569.14 526.715 483.44 440.377 396.883 351.123 299.98 221.151 368.364 351.519 313.863 405.815 481.801 621.251 650.699 639.974 628.102 573.105 627.264 675.906 721.46 767.031 644.57 702.619 758.735 814.807
3027.42 2972.74 2923.14 2875.59 2830.07 2787.21 2746.5 2705.81 2664.3 2622.3 2579.24 2534.9 2487.65 2477.76 2460.42 2434.28 2403.8 2374.05 2348.88 2306.79 2107.27 1444.94 1389.03 1341.12 1298.16 1259.03 1222.63 1185.98 1150.83 1162.54 1128.76 1094.77 1059.91 1024.09 988.775 955.37 923.271 890.915 857.579 823.358 788.072 751.517 713.985 675.892 637.394 597.359 555.094 511.667 467.675 422.716 374.83 320.01 229.611 432.62 420.529 396.836 356.402 447.213 522.169 662.202 693.528 684.079 670.57 611.359 659.619 704.689 750.24 798.19 679.242 736.491 791.786
3051.87 2997.98 2947.67 2900.04 2855.66 2813.18 2771.29 2728.99 2686.47 2644.36 2601.02 2555.37 2551.38 2542.7 2532.08 2517.87 2504.68 2486.32 2435.49 2203.82 1544.47 1483.26 1433.44 1389.74 1350.04 1313.73 1207.16 1172.83 1137.69 1102.77 1067.33 1031.29 994.847 958.266 923.142 889.988 858.307 826.529 793.246 758.971 723.702 686.5 647.564 608.076 568.806 528.895 487.463 444.283 399.288 352.314 301.422 241.575 306.184 489.994 480.291 463.1 437.22 396.065 487.212 563.794 705.706 737.927 726.63 709.518 758.774 803.897 848.921 896.397 944.362 989.828 768.245
3122.94 3070.32 3019.98 2972 2927.52 2885.09 2842.17 2797.98 2754.01 2711.12 2667.83 2621.6 2617.38 2612.26 1544.36 1479.71 1474.35 1440.24 1405.93 1592.16 1510.18 1457.63 1412.29 1371.11 1333.62 1298.6 1264.72 1227.93 1191.41 1157.31 1121.3 1083.84 1045.4 1007.55 972.298 939.497 908.198 876.927 844.196 809.493 772.88 733.996 693.467 653.021 613.838 575.061 534.282 490.993 445.291 396.157 340.743 250.034 373.781 357.555 534.622 521.437 501.981 475.617 435.973 529.082 607.473 750.536 780.678 766.367 745.342 791.11 835.902 882.478 928.276 971.586 1015.3
3147.98 3097.09 3047.74 2999.99 2955.15 2911.94 2867.66 2821.87 2776.09 2731.51 2687.2 2689.13 2689.06 1458.17 1402.84 1346.48 1360.12 1332.11 1288.05 1842.4 1558.78 1508.35 1465.63 1426.75 1390.84 1356.37 1319.78 1281.33 1247.72 1214.02 1176.59 1137.74 1097.35 1058.25 1023.22 990.99 959.922 928.451 895.46 860.221 822.527 782.377 741.478 701.649 663.389 625.101 584.511 541.218 494.98 444.555 383.126 258.494 433.216 421.614 400.632 574.16 559.035 540.404 515.962 477.883 573.178 652.461 793.146 820.516 802.698 849.771 895.42 940.551 983.716 1025.7 1068.84
3174.16 3125.19 3077.6 3031.01 2986.34 2941.84 2895.99 2849.15 2801.26 2753.48 1392.85 1346.15 1296.65 1287.92 1271.22 1268.77 1255.48 1252.63 1221.27 1632.95 1744.59 1687.94 1646.06 1608.27 1573.43 1538.93 1219.35 1182.29 1150.25 1115.58 1076.07 1036.65 995.734 956.453 921.751 889.808 858.388 825.749 791.555 756.083 718.785 679.367 639.444 600.699 563.045 524.994 484.588 441.098 394.38 341.149 270.457 335.292 311.612 477.642 462.217 439.012 611.902 597.779 580.798 558.388 522.271 616.93 693.663 831.861 856.924 837.022 883.229 927.024 969.344 1011.77 1055.47
1662.01 1614.42 1568.81 1524.46 1481.06 1436.5 1389.92 1434.09 1384.47 1332.91 1281.73 1235.11 1268.34 1222.79 1215.26 1201.53 1193.17 1169.18 1167.01 1150.14 1555.66 1676.62 1626.87 1588.78 1555.7 1520.82 1484.33 1448.68 1414.28 1377.31 1337.75 1299.18 1040.45 1004.63 970.383 938.208 905.828 871.649 836.192 800.387 763.489 724.951 686.038 648.032 610.73 572.717 532.681 489.323 440.498 382.457 278.917 365.05 382.947 353.108 516.289 499.719 476.821 650.688 638.241 623.284 601.685 563.986 656.363 731.543 868.13 891.361 869.993 914.793 958.577 1002.21 1046.81
1609.7 1567.5 1525.91 1486.38 1446.73 1405.55 1363.77 1321.75 1279.43 1231.46 1176.78 1283.29 1169.96 1199.69 1161.07 1154.51 1133.32 1118.42 1116.6 1100.22 1078.16 1496.04 1618.94 1573.88 1540.95 1507.34 1469.64 1431.36 1392.5 1352.6 1315.19 1280.72 1243.33 986.716 891.629 858.951 825.298 790.09 754.148 717.664 680.456 642.146 603.584 566.014 529.081 491.083 450.976 407.229 355.227 290.881 350.011 331.245 409.067 422.515 390.313 553.191 537.642 515.989 691.257 680.028 665.014 641.807 602.694 693.86 767.569 903.124 925.758 903.964 951.013 996.621 1042.16
1588.08 1548.64 1507.42 1466.05 1425.99 1384.97 1342.11 1299.87 1256.16 1209.65 1161.83 1114.93 1224.7 1111.55 1102.93 1102.01 1090.52 1076.22 1069.4 1042.74 1041.17 1026.54 1441.19 1567.23 1532.82 1496.02 1453.63 1410.75 1370.66 1332.48 1296.63 1263.75 1228.88 1192.16 938.712 905.037 870.15 834.155 797.329 759.711 722.023 683.794 645.49 608.562 571.88 533.448 492.312 446.192 390.183 299.34 410.577 398.587 373.567 447.564 459.387 427.534 591.912 577.577 556.695 732.381 720.817 705.027 680.995 640.485 730.554 804.287 940.242 963.152 1014.32 1063.19 1110.31
1576.25 1531.91 1492.14 1449.71 1407.23 1366.56 1325.68 1283.25 1239.38 1193.3 1149.28 1106.67 1061.86 1172.21 1057.44 1046.51 1049.04 1034.34 1008.52 1008.15 1005.68 989.872 987.193 1390.47 1523.29 1480.78 1433.66 1389.57 1350.72 1314.57 1280.95 1248.9 1215.32 1179.55 1144.19 1004.22 910.431 873.488 835.246 796.212 758.027 720.031 682.68 646.253 608.957 569.604 527.075 478.023 412.418 307.8 470.131 458.804 440.508 412.188 484.939 497.573 466.964 632.286 618.863 597.778 773.215 762.011 745.774 720.282 679.62 770.252 844.815 980.696 1036.17 1090.04 1140.34
1563.26 1522.24 1476.64 1434.7 1391.1 1349.1 1310.19 1269.42 1225.29 1180.92 1138.43 1097.5 1057.25 1013.18 1121.8 1007.68 993.735 990.077 973.702 974.434 970.485 953.8 950.634 935.888 1336.38 1287.72 1412.24 1369.39 1331.82 1296.89 1264.53 1233.32 1201.86 1166.45 1130.7 1095.15 953.591 915.335 875.341 835.889 797.861 760.296 723.459 686.911 648.92 608.274 563.568 510.095 319.763 394.009 367.898 517.886 500.651 479.252 532.737 523.612 537.417 508.364 674.183 660.194 639.686 816.873 805.324 788.157 763.29 722.903 813.472 887.578 947.255 1004.97 1058.71
1550.6 1508.92 1465.73 1417.75 1374.95 1333.58 1293.66 1254.23 1211.69 1169.47 1127.68 1087.96 1049.6 1009.84 964.446 1073.26 956.826 953.821 939.834 939.322 933.862 916.43 912.561 894.431 876.264 1269.15 1218.4 1354.44 1317.08 1282.02 1250 1219.34 1187.19 1152.97 1116.57 1080.82 1043.69 860.167 800.648 760.83 722.829 685.614 648.924 612.078 573.324 531.228 483.987 426.859 328.223 479.661 451.49 415.07 474.074 529.145 583.416 638.919 696.783 756.298 816.145 716.482 703.862 685.575 862.901 851.345 834.388 809.464 873.702 936.403 997.521 1056.78 1112.82
1536.74 1494.13 1449.82 1404.78 1359.94 1317.04 1276.61 1236.78 1197.15 1156.5 1115.57 1076.72 1039.63 1001.3 959.774 913.86 1023.03 906.542 903.251 901.242 894.251 876.215 871.883 851.502 840.063 811.195 1205.35 1161.03 1303.78 1267.6 1234.9 1204.5 1172.66 1138.05 1102.52 1066.19 1027.99 987.972 802.451 762.114 723.857 686.759 649.919 612.557 573.094 529.682 479.534 418.259 336.682 443.684 521.457 587.715 646.775 702.718 757.817 814.189 872.705 932.362 993.443 1055.27 1118.48 1184.98 1253.32 1321.68 1389.82 1456.75 1521.39 1584.25 1645.75 1706.34 1764.69
1534.13 1487.78 1440.07 1392.3 1344.63 1300.77 1261.1 1221.93 1181.21 1140.06 1100.61 1063.4 1027.16 989.432 948.557 905.735 858.818 966.892 849.47 844.993 840.525 832.517 827.958 807.069 766.049 777.641 751.109 1148.82 1107.11 1252.46 1218.19 1187.2 1156.29 1123.16 1087.91 1050.73 1011.23 970.579 929.875 821.923 783.683 746.401 709.098 671.053 630.745 585.875 532.391 467.026 345.142 445.168 522.299 588.1 647.263 703.886 759.479 816.113 874.106 933.428 996.267 1060.36 1124.51 1191.78 1261.12 1330.2 1398.74 1464.66 1528.36 1591.05 1653.36 1715.54 1775.88
1531.09 1480.26 1429.12 1379.31 1331.2 1288.07 1248.16 1207.35 1166.22 1127.03 1089.01 1051.86 1014.1 974.296 933.094 890.739 845.836 795.9 900.783 780.551 774.667 771.74 764.351 758.85 728.468 699.534 715.199 693.107 1093.67 1053.7 1100.41 1170.82 1140.59 1108.13 1072.53 1034.18 993.812 953.119 912.48 872.975 834.8 796.75 758.465 719.498 677.953 630.595 573.958 503.38 353.602 454.414 532.297 597.658 656.618 712.913 768.363 824.985 882.784 942.648 1006.49 1071.88 1138.31 1206.08 1273.96 1341.68 1408.11 1472.97 1536.97 1600.04 1662.98 1725.94 1787.95
1515.53 1461.8 1409.76 1359.96 1313.56 1271.34 1230.17 1187.97 1147.27 1109.35 1072.06 1033.91 995.096 955.066 913.462 870.221 824.044 773.889 719.195 821.107 701.059 696.7 691.701 682.643 677.425 651.664 632.063 655.221 636.683 1039.58 1004.94 1056.66 1026.33 992.632 955.398 915.767 875.054 834.399 793.818 754.273 715.77 676.837 637.234 596.599 553.287 504.002 443.532 367.202 362.528 467.19 544.198 608.421 666.534 722.091 777.643 834.329 891.594 951.796 1017.49 1085.92 1154.31 1221.55 1288.26 1354.34 1419.25 1483.74 1547.07 1609.01 1671.72 1735.76 1798.88
1373.18 1318.91 1266.94 1218.25 1173.77 1131.6 1089.28 1046.93 1006.89 969.058 931.144 891.874 852.024 811.813 771.156 729.284 684.409 672.414 660.419 648.425 638.808 629.191 619.574 609.957 600.34 590.723 581.107 571.49 598.806 583.741 992.719 962.531 930.225 893.611 854.377 813.802 772.634 731.756 690.877 650.802 611.414 571.347 529.969 486.9 441.313 390.419 380.802 461.489 371.454 439.703 516.11 579.497 637.376 692.442 747.389 803.707 861.37 923.031 989.352 1058.01 1127.57 1194.85 1259.81 1324.35 1388.98 1452.58 1514.7 1576.37 1639.82 1704.39 1761.37
1289.84 1237.27 1185.95 1137.63 1093.23 1050.71 1008.59 967.257 927.018 887.514 847.942 807.139 765.965 725.361 713.366 701.372 912.264 867.711 820.166 768.538 713.264 708.411 865.762 798.829 733.141 678.971 634.662 594.753 557.889 548.273 538.656 529.039 519.422 509.805 500.188 490.571 480.954 471.338 461.721 452.104 442.487 432.87 423.253 413.636 404.019 465.111 556.345 538.908 380.38 448.155 525.742 589.532 646.751 700.983 755.238 811.08 869.763 932.77 998.82 1067.58 1138.26 1205.77 1269.57 1332.64 1396.35 1459.35 1520.88 1578.1 1636.85 1685.39 1731.77
1271.57 1221.02 1170.21 1120.75 1075.33 1032.38 990.73 950.443 910.081 868.751 827.361 785.212 742.324 772.421 758.568 969.134 926.585 881.526 834.175 783.582 783.477 944.458 882.275 1418.86 1360.71 1312.03 1270.37 1232.29 1197.54 1165.2 1132.22 1096.8 1059.45 1020.98 982.3 941.644 898.251 854.691 811.992 770.076 728.606 685.886 640.58 592.738 542.056 640.136 630.367 609.102 389.306 457.171 505.243 570.038 626.041 678.847 732.386 788.436 848.402 911.99 977.957 1047.66 1119.57 1187.4 1250.84 1312.89 1369.97 1426.31 1474.86 1524.22 1617.95 1674.29 1724.71
1250.62 1201.16 1151.55 1102.47 1055.96 1011.62 969.258 928.666 887.674 845.529 802.949 759.287 835.844 820.053 1026.83 982.692 937.996 892.313 844.632 848.772 1013.68 955.091 1494.53 1436.87 1386.97 1340.76 1301.13 1264.76 1231.27 1198.22 1163.79 1128.06 1090.85 1052.99 1014.52 974.716 933.407 891.072 847.468 803.623 760.838 717.36 670.712 619.597 722.254 717.53 701.279 488.772 398.232 638.925 515.121 579.535 634.68 686.542 739.621 796.317 856.867 920.643 987.598 1059.29 1132.06 1195.29 1255.16 1303.4 1350.77 1408.91 1466.18 1519.2 1577.69 1632.76 1686.21
1230.91 1182.05 1133.48 1084.77 1036.57 989.922 946.044 904.421 862.261 819.349 776.25 901.16 884.744 1089.78 1041.86 994.215 947.94 901.122 907.666 1076.16 1021.04 1563.81 1508.08 1678 1628.5 1584.35 1545.92 1510.82 1477.87 1444.67 1409.83 1374.05 1337.12 1299.59 1261.48 1222.33 1182.5 1141.35 1097.15 1051.71 1007.52 962.712 914.297 861.339 804.476 797.449 589.883 504.324 407.156 714.566 697.378 761.317 816.562 868.567 920.994 977.19 1037.6 1101.96 1166.63 1236.82 1294.07 1347.18 1235.57 1293.37 1344.06 1403.66 1465.35 1525.45 1581.67 1634.62 1686.95
1183.47 1135.2 1086.61 1036.95 986.77 937.767 892.288 848.925 805.208 793.213 963.991 949.592 1154.07 1104.58 1054.89 1005.79 957.437 963.706 1134.32 1082.52 1628.26 1574.92 1746.4 1626.25 1579.62 1537.77 1500.48 1465.94 1433.04 1399.98 1365.39 1329.63 1293.23 1256.19 1218.27 1179.6 1140.22 1099.3 1055.56 1010.26 965.636 919.91 869.1 812.707 753.095 689.595 617.582 528.918 416.081 791.112 771.642 835.254 891.333 943.589 995.402 1046.07 1101.6 1156.45 1216.57 1217.81 1283.02 1338.35 1397.1 1453.53 1509.59 1567.24 1626.34 1684.23 1738.79 1790.72 1842.67
1215.47 1166.72 1116.85 1065.76 1013.28 961.677 914.121 869.268 857.307 1025.2 1010.2 1215.89 1166.69 1116.41 1065.75 1016.18 1021.57 1191.12 1140.59 1689.64 1638.95 1811.09 1690.82 1666.35 1622.12 1582.26 1546.18 1511.92 1478.83 1446.16 1412.31 1376.98 1340.82 1304.01 1266.49 1228.13 1188.67 1147.52 1104.58 1061 1017.09 970.387 917.237 858.084 796.178 730.68 657.124 428.702 512.311 867.24 846.363 816.468 866.719 913.887 955.64 1001.3 1089.86 1149.89 1213.99 1291.28 1359.89 1421.3 1478.34 1533.13 1587.59 1643.67 1701.04 1757.37 1810.82 1862.11 1913.65
1247.54 1197.99 1146.94 1094.78 1041.5 987.985 937.432 924.935 1091.23 1072.42 1275.4 1225.38 1174.87 1124.03 1073.71 1078.77 1248.33 1197.45 1747.46 1699.97 1874.47 1755.08 1728.04 1589.36 1548.15 1510.13 1474.68 1440.8 1408 1375.87 1343.36 1309.1 1272.78 1235.53 1198.02 1159.69 1120.19 1079.09 1037.14 995.25 951.809 904.233 850.181 790.507 726.814 656.536 573.687 437.627 611.972 926.413 912.641 879.163 921.537 899.746 949.268 1001.52 1073.26 1149.15 1226.44 1300.47 1368.04 1428.4 1483.73 1536.78 1590.14 1645.51 1701.82 1756.5 1808.28 1858.47 1898.28
