wasim_mod/input/grids/ASCII/fundus_25.fzs2
ncols               193
nrows               326
xllcorner     39436.980
yllcorner    214976.578
cellsize        25.0198
nodata_value -9999.0000
[rows 192 to 223 of 326, columns 0 to 70 of 193]
-9999 -9999 -9999 -9999 -9999 -9999 -9999 -9999 -9999 -9999 -9999 -9999 -9999 -9999 -9999 -9999 -9999 -9999 -9999 -9999 -9999 -9999 -9999 -9999 -9999 -9999 -9999 -9999 -9999 -9999 -9999 -9999 3281.82 2968 2908.27 2841.21 2782.67 2730.74 2685.12 2644.57 2605.67 2603.18 2568.19 2531.42 2492.13 2451.28 2411.22 2372.74 1974.5 1939.07 1906.72 1875 1842.28 1807.48 1768.4 1723.95 1679.5 1637.05 1593.29 1547.94 1503.53 1458.57 1411.59 1362.28 1310.9 1259.37 1207.58 1155.09 1101.4 1044.88 985.722
-9999 -9999 -9999 -9999 -9999 -9999 -9999 -9999 -9999 -9999 -9999 -9999 -9999 -9999 -9999 -9999 -9999 -9999 -9999 -9999 -9999 -9999 -9999 -9999 -9999 -9999 -9999 -9999 -9999 -9999 -9999 -9999 3335.81 3021.67 2915.6 2853.68 2797.35 2745.49 2698.23 2656.26 2652.38 2262.62 2228.81 2194.25 2156.43 2115.6 2074.19 2032.52 1991.72 1966.45 1934.55 1905.18 1874.77 1841.47 1801.29 1753.61 1707.82 1665.8 1624.5 1581.43 1536.33 1489.83 1441.93 1393.31 1342.79 1290.04 1236.71 1181.97 1125.79 1067.95 1004.56
-9999 -9999 -9999 -9999 -9999 -9999 -9999 -9999 -9999 -9999 -9999 -9999 -9999 -9999 -9999 -9999 -9999 -9999 -9999 -9999 -9999 -9999 -9999 -9999 -9999 -9999 -9999 -9999 -9999 -9999 -9999 -9999 3382.34 3069.34 2964.31 2865.72 2811.85 2759.11 2710.3 2702.49 2328.09 2293.97 2260.81 2226.77 2189.98 2150.92 2110.27 2067.02 2023.1 1980.63 1947.4 1919.17 1890.92 1859.16 1825.09 1780.92 1735.96 1694.37 1653.91 1612.01 1567.08 1520.97 1474 1425.57 1374.36 1320.42 1265.53 1208.68 1150.1 1086.3 1027.19
-9999 -9999 -9999 -9999 -9999 -9999 -9999 -9999 -9999 -9999 -9999 -9999 -9999 -9999 -9999 -9999 -9999 -9999 -9999 -9999 -9999 -9999 -9999 -9999 -9999 -9999 -9999 -9999 -9999 -9999 -9999 -9999 3425.83 3114.79 3010.37 2877.9 2824.52 2771.7 2756.92 2378.23 2343.44 2310.7 2278.5 2244.9 2209.03 2171.56 2131.93 2087.84 2041.52 1998.22 1964.69 1936.39 1903.49 1870.82 1839.44 1804.81 1761.6 1722.02 1682.48 1640.7 1596.62 1551.71 1506.12 1458.13 1406.58 1351.86 1294.28 1235.41 1171.46 1110.74 1425.54
-9999 -9999 -9999 -9999 -9999 -9999 -9999 -9999 -9999 -9999 -9999 -9999 -9999 -9999 -9999 -9999 -9999 -9999 -9999 -9999 -9999 -9999 -9999 -9999 -9999 -9999 -9999 -9999 -9999 -9999 -9999 -9999 3469.86 3160.24 3054.88 2887.93 2835.4 2818.75 2433.89 2393.24 2358.61 2326.83 2295.58 2262.96 2228.5 2192.35 2152.87 2108.26 2061.59 2017.43 1979.19 1950.04 1928.92 1896.36 1866.19 1827.32 1784.31 1746.33 1707.35 1665.34 1622.01 1578.64 1534.32 1487.48 1436.85 1382.24 1323.2 1260.3 1199.39 1512.43 1448.48
-9999 -9999 -9999 -9999 -9999 -9999 -9999 -9999 -9999 -9999 -9999 -9999 -9999 -9999 -9999 -9999 -9999 -9999 -9999 -9999 -9999 -9999 -9999 -9999 -9999 -9999 -9999 -9999 -9999 -9999 -9999 -9999 3517.25 3207.51 3100.71 2897.95 2880.81 2495.26 2450.42 2406.59 2371.14 2339.24 2308.49 2276.99 2244.18 2209.51 2170.5 2131.49 2086.55 2043.96 2005.81 1975.82 1955.26 1923.76 1893.86 1849.17 1805.12 1767.5 1728.61 1686.03 1642.51 1600.16 1557.27 1511.79 1462.63 1408.99 1350.16 1292.25 1604.68 1539.22 1527.84
-9999 -9999 -9999 -9999 -9999 -9999 -9999 -9999 -9999 -9999 -9999 -9999 -9999 -9999 -9999 -9999 -9999 -9999 -9999 -9999 -9999 -9999 -9999 -9999 -9999 -9999 -9999 -9999 -9999 -9999 -9999 -9999 3568.65 3257.99 2966.31 2944.43 2555.87 2505.31 2463.54 2423.64 2387.19 2353.76 2321.71 2288.35 2256.55 2222.83 2190.33 2168.23 2125.69 2085.36 2048.76 2018.2 1986.38 1956.13 1925.37 1878.18 1834.41 1795.68 1755.86 1712.33 1667.89 1625.66 1583.84 1539.83 1492.24 1440.13 1381.77 1698.7 1634.8 1621.51 1926.89
-9999 -9999 -9999 -9999 -9999 -9999 -9999 -9999 -9999 -9999 -9999 -9999 -9999 -9999 -9999 -9999 -9999 -9999 -9999 -9999 -9999 -9999 -9999 -9999 -9999 -9999 -9999 -9999 -9999 -9999 -9999 -9999 3624.34 3313.56 3017.63 2621.15 2564.81 2519.41 2479.77 2441.35 2404.47 2369.43 2334.77 2302.31 2269.9 2241.46 2224.15 2183.94 2141.74 2098.26 2062.38 2032.03 2002.3 1971.32 1942.61 1903.79 1859.97 1818.76 1776.46 2112.32 2066.95 2024.56 1982.72 1939.83 1894.41 1844.52 1788.37 1728.37 1716 2020.92 1950.33
-9999 -9999 -9999 -9999 -9999 -9999 -9999 -9999 -9999 -9999 -9999 -9999 -9999 -9999 -9999 -9999 -9999 -9999 -9999 -9999 -9999 -9999 -9999 -9999 -9999 -9999 -9999 -9999 -9999 -9999 -9999 -9999 3684.92 3377.87 2704.56 2634.03 2580.66 2542.14 2503.26 2466.08 2429.54 2393.61 2358.16 2323.71 2290.12 2276.58 2239.91 2199.45 2540.46 2500.87 2465.65 2435.71 2404.51 2372.66 2343 2308.32 2266.52 2222.16 2176.65 2130.66 2085.19 2042.09 1999.96 1956.89 1912.12 1863.41 1811.93 1805.78 2113.03 2040.36 1398.16
-9999 -9999 -9999 -9999 -9999 -9999 -9999 -9999 -9999 -9999 -9999 -9999 -9999 -9999 -9999 -9999 -9999 -9999 -9999 -9999 -9999 -9999 -9999 -9999 -9999 -9999 -9999 -9999 -9999 -9999 -9999 -9999 3750.61 3455.14 2728.11 3072.14 3020.47 2974.62 2934.7 2898.37 2863.3 2827.81 2791.61 2756.17 2721.56 2685.15 2645.77 2604.81 2563.17 2523.35 2488.68 2458.89 2429.65 2399.6 2367.76 2331.6 2291.22 2245.11 2197.76 2151.71 2105.72 2061.29 2018.31 1975.63 1929.79 1883.64 1885.47 2197.34 2127.37 1485 1295.71
-9999 -9999 -9999 -9999 -9999 -9999 -9999 -9999 -9999 -9999 -9999 -9999 -9999 -9999 -9999 -9999 -9999 -9999 -9999 -9999 -9999 -9999 -9999 -9999 -9999 -9999 -9999 -9999 -9999 -9999 -9999 -9999 3825.47 2631.88 2561.07 2499.15 2447.43 2401.01 2359.91 2323.92 2290.75 2257.51 2226.19 2792.32 2756.86 2718.17 2676.79 2635 2592.75 2552.88 2518.5 2488.56 2460.75 2432.21 2397.69 2356.92 2315.14 2269.1 2222.08 2176.16 2129.72 2083.84 2039.14 1994.79 1950.67 1956.05 2274.58 2208.96 1567.11 1378.24 1314.05
-9999 -9999 -9999 -9999 -9999 -9999 -9999 -9999 -9999 -9999 -9999 -9999 -9999 -9999 -9999 -9999 -9999 -9999 -9999 -9999 -9999 -9999 -9999 -9999 -9999 -9999 -9999 -9999 -9999 -9999 -9999 2578.09 2479.59 2445.45 2523.91 2470.1 2421.34 2379.07 2338.92 2305.03 2273.41 2241.13 2208.03 2176.38 2829.32 2750.67 2707.18 2664.29 2620.8 2580.75 2547 2516.88 2488.22 2459.29 2426.54 2385.86 2340.55 2294.7 2248.13 2201.71 2155.51 2109.27 2062.52 2018.83 2025.44 2346.94 2286.27 1649.45 1459.62 1393.16 1330.79
-9999 -9999 -9999 -9999 -9999 -9999 -9999 -9999 -9999 -9999 -9999 -9999 -9999 -9999 -9999 -9999 -9999 -9999 -9999 -9999 -9999 -9999 -9999 -9999 -9999 -9999 -9999 -9999 -9999 2715.78 2578.79 2499.56 2436.6 2380.64 2360.24 2450.82 2403.39 2358.96 2323.68 2291.08 2259.28 2226.64 2193.65 2160.01 2125.8 2771.28 2653.12 2540.27 3128.44 2667.84 2635.47 2605.15 2574.58 2543.52 2509.64 2470.35 2427.29 2382.39 2336.13 2289.37 2242.88 2196.35 2148.13 2097.89 2420.83 2362.67 1729.56 1545.15 1477.92 1411.5 1347.44
-9999 -9999 -9999 -9999 -9999 -9999 -9999 -9999 -9999 -9999 -9999 -9999 -9999 -9999 -9999 -9999 -9999 -9999 -9999 -9999 -9999 -9999 -9999 -9999 -9999 -9999 -9999 -9999 2670.45 2596.4 2527.06 2468.25 2413.3 2362.4 2313.57 2297.35 2390.24 2346.58 2307.82 2274.57 2241.68 2208.51 2175.14 2140.97 2107.62 2065.38 2708.77 2592.28 2480.46 3074.96 3043.18 3012.49 2980.32 2946.5 2910.72 2871.94 2830.1 2786.09 2740.08 2692.57 2645.28 2597.66 2548.23 2496.24 2442.17 1812.41 1631.46 1569.4 1501.88 1432.78 969.123
-9999 -9999 -9999 -9999 -9999 -9999 -9999 -9999 -9999 -9999 -9999 -9999 -9999 -9999 -9999 -9999 -9999 -9999 -9999 -9999 -9999 -9999 -9999 -9999 -9999 -9999 -9999 -9999 2599.79 2550.26 2500.5 2448.31 2397.43 2349.49 2302.74 2255.61 2242.35 2337.81 2297.08 2258.07 2223.52 2189.53 2155.68 2120.72 2087.36 2047.19 2004.69 2651.02 2536.94 2429.95 2397.72 2365.8 2332.07 2295.86 2258.18 2218.79 2176.72 2132.57 2086.56 2039.31 1992.05 1944.31 1894.36 1841.23 1785.01 1725 1662.83 1603.87 1533.87 986.829 1327.85
-9999 -9999 -9999 -9999 -9999 -9999 -9999 -9999 -9999 -9999 -9999 -9999 -9999 -9999 -9999 -9999 -9999 -9999 -9999 -9999 -9999 -9999 -9999 -9999 -9999 -9999 -9999 2624.75 2564.8 2521.1 2479.98 2432.59 2384.48 2338.31 2292.3 2247.61 2203.13 2190.88 2287.27 2247.29 2210.52 2175.2 2140.62 2104.73 2066.85 2029.1 1990.05 1950.78 2599.07 2487.99 2453.99 2420.02 2384.53 2346.48 2307.04 2266.35 2223.44 2178.4 2131.95 2084.95 2037.95 1990.37 1940.42 1886.55 1828.71 1766.91 1702.53 1645.24 1004.53 1429.19 1466.92
-9999 -9999 -9999 -9999 -9999 -9999 -9999 -9999 -9999 -9999 -9999 -9999 -9999 -9999 -9999 -9999 -9999 -9999 -9999 -9999 -9999 -9999 -9999 -9999 -9999 -9999 2695.69 2601.3 2538.86 2500.05 2461.59 2418.06 2373.19 2327.32 2281.93 2238.4 2194.74 2149.74 2137.78 2234.51 2195.41 2158.02 2121.42 2084.64 2047.85 2011.32 1975.22 1938.21 1899.86 2549.58 2513.01 2476.21 2438.38 2398.72 2358.04 2316.04 2272.07 2226.44 2179.43 2132.05 2084.95 2037.76 1988.41 1933.8 1875.08 1813.99 1749.05 1022.24 1552.65 1580.98 1619.3
-9999 -9999 -9999 -9999 -9999 -9999 -9999 -9999 -9999 -9999 -9999 -9999 -9999 -9999 -9999 -9999 -9999 -9999 -9999 -9999 -9999 -9999 -9999 -9999 -9999 2734.73 2649.42 2577.05 2532.86 2482.89 2445.17 2404.23 2360.52 2315.17 2269.9 2226.5 2182.38 2138.38 2094.15 2081.66 2181.79 2142.33 2103.84 2066.39 2030.28 1995.02 1960.25 1924.44 1886.63 1848.13 1809.04 1769.67 1729.38 1687.97 1645.66 1602.07 1556.89 1509.9 1462.67 1415.68 1368.92 1322.41 1273.54 1219.71 1161.97 1103.38 1039.95 1671.59 1706.44 1742.69 1793.64
-9999 -9999 -9999 -9999 -9999 -9999 -9999 -9999 -9999 -9999 -9999 -9999 -9999 -9999 -9999 -9999 -9999 -9999 -9999 -9999 -9999 -9999 -9999 -9999 -9999 2662.65 2596.03 2572.09 2518.97 2480.28 2429.61 2389.38 2345.63 2299.65 2254.7 2210.87 2167.13 2123.4 2079.29 2034.56 2023.59 1981.7 1940.96 1903.47 1868.33 1833.67 1798.84 1762.22 1723.78 1684.85 1644.9 1603.24 1560.07 1516.78 1473.27 1428.37 1381.64 1334.03 1285.36 1237.54 1191.17 1144.08 1095.21 1082.69 1070.17 1057.65 1770.85 1814.55 1857.37 1912.75 1889.63
-9999 -9999 -9999 -9999 -9999 -9999 -9999 -9999 -9999 -9999 -9999 -9999 -9999 -9999 -9999 -9999 -9999 -9999 -9999 -9999 -9999 -9999 -9999 -9999 -9999 -9999 2586.57 2535.64 2517.95 2466.46 2426.38 2382.99 2335.54 2286.88 2240.06 2194.8 2150 2105.57 2061.41 2017.46 1974.03 1931.92 1924.68 1887.84 1852.17 1816.43 1780.49 1743.36 1705.03 1666.15 1625.94 1583.06 1538.59 1494.09 1448.85 1402.37 1354.28 1305.01 1255.27 1207.07 1160.48 1112.91 1193.3 1143.18 1135.52 1855.91 1906.81 1955.26 2014.33 1997.36 1415.32
-9999 -9999 -9999 -9999 -9999 -9999 -9999 -9999 -9999 -9999 -9999 -9999 -9999 -9999 -9999 -9999 -9999 -9999 -9999 -9999 -9999 -9999 -9999 -9999 -9999 -9999 -9999 2530.39 2482.13 2463.9 2419.44 2370.15 2318.85 2268.14 2220.01 2173.94 2129.27 2085.5 2042.15 1998.79 1955.45 1913.9 1875.22 1838.27 1800.59 1762.46 1725.09 1687.67 1649.59 1610.34 1569.48 1526.54 1482.28 1437.53 1390.91 1342.49 1293.25 1243.04 1192.27 1143.14 1130.62 1262.85 1213.94 1207.08 1931.09 1986.75 2038.96 2101.97 2088.17 1508.22 1481.83
-9999 -9999 -9999 -9999 -9999 -9999 -9999 -9999 -9999 -9999 -9999 -9999 -9999 -9999 -9999 -9999 -9999 -9999 -9999 -9999 -9999 -9999 -9999 -9999 -9999 -9999 -9999 -9999 2474.78 2424.41 2367.38 2312.41 2256.72 2203.87 2155.98 2110.73 2067.22 2024.85 1982.59 1939.58 1896.19 1854.89 1816.61 1778.82 1739.6 1699.95 1661.58 1624.07 1585.63 1545.57 1503.96 1460.91 1416.95 1371.6 1324.1 1274.27 1223.67 1173.36 1160.85 1199.44 1330.88 1281.99 1276.84 2002.6 2059.71 2114.42 2179.03 2166.98 1589.41 1565.09 1538.86
-9999 -9999 -9999 -9999 -9999 -9999 -9999 -9999 -9999 -9999 -9999 -9999 -9999 -9999 -9999 -9999 -9999 -9999 -9999 -9999 -9999 -9999 -9999 -9999 -9999 -9999 -9999 -9999 -9999 2410.88 2351.96 2288 2227.89 2175.41 2128.63 2085.23 2043.32 2002.19 1961.02 1918.29 1873.32 1830.19 1790.72 1752.65 1714.1 1674.96 1636.6 1598.53 1559.26 1518.68 1476.38 1432.28 1387.39 1341.41 1293.3 1242.73 1191.07 1234.25 1270.9 1399.79 1348.96 1342.77 2069.67 2129.12 2184.79 2249.93 2238.22 2216.76 1639.69 1615.32 1589.12
-9999 -9999 -9999 -9999 -9999 -9999 -9999 -9999 -9999 -9999 -9999 -9999 -9999 -9999 -9999 -9999 -9999 -9999 -9999 -9999 -9999 -9999 -9999 -9999 -9999 -9999 -9999 -9999 -9999 -9999 2359.33 2221.07 2159.21 2108.23 2063.11 2021 1980.36 1940.36 1899.6 1855.99 1809.77 1765.32 1724.32 1685.76 1647.83 1609.52 1571.09 1532.78 1493.22 1451.36 1407.84 1362.7 1316.13 1269.22 1221.3 1208.78 1311.12 1344.54 1470.73 1417.61 1408.73 2133.58 2193.07 2249.75 2315.73 2304.25 2284.81 2262.29 1684.92 1660.49 1634.46
-9999 -9999 -9999 -9999 -9999 -9999 -9999 -9999 -9999 -9999 -9999 -9999 -9999 -9999 -9999 -9999 -9999 -9999 -9999 -9999 -9999 -9999 -9999 -9999 -9999 -9999 -9999 -9999 -9999 -9999 2444.77 2253.53 2135.66 2086.68 2042.55 2001.41 1962.22 1923.07 1881.61 1836.15 1788.72 1743.66 1702.17 1663.19 1625.26 1587.19 1548.99 1510.3 1469.3 1425.77 1381.05 1335.23 1287.38 1239 1279.27 1383.5 1419.51 1544.4 1487.31 1475.28 2197.32 2255.02 2311.19 2377.56 2366.53 2348.3 2328.74 2305.76 1728.01 1702.93 1676.63
-9999 -9999 -9999 -9999 -9999 -9999 -9999 -9999 -9999 -9999 -9999 -9999 -9999 -9999 -9999 -9999 -9999 -9999 -9999 -9999 -9999 -9999 -9999 -9999 -9999 -9999 -9999 -9999 -9999 -9999 2461.27 2338.23 2168.32 2120.42 2076.35 2036.15 1998.19 1958.73 1914.78 1866.16 1817.47 1772.65 1731.41 1692.03 1653.56 1615.22 1576.6 1536.83 1494.7 1449.97 1403.74 1356.93 1308.79 1349.25 1453.67 1488.96 1615.23 1558.14 1543.65 2262.54 2317.17 2371.03 2436.85 2425.73 2409.1 2390.85 2371.04 2347.78 1769.47 1744.3 1717.41
-9999 -9999 -9999 -9999 -9999 -9999 -9999 -9999 -9999 -9999 -9999 -9999 -9999 -9999 -9999 -9999 -9999 -9999 -9999 -9999 -9999 -9999 -9999 -9999 -9999 -9999 -9999 -9999 -9999 -9999 -9999 2369.25 2258.81 2158.35 2113.44 2073.09 2034.81 1993.69 1945.71 1892.64 1843.31 1799.23 1758.15 1718.38 1679.34 1640.57 1601.45 1561.03 1517.89 1471.85 1424.36 1376.16 1418.26 1522.77 1557.38 1682.57 1625.69 1611.14 2329.57 2381.74 2432.66 2496.23 2483.76 2466.52 2449.98 2431.91 2412.06 2388.27 1809.46 1784.72 1757.97
-9999 -9999 -9999 -9999 -9999 -9999 -9999 -9999 -9999 -9999 -9999 -9999 -9999 -9999 -9999 -9999 -9999 -9999 -9999 -9999 -9999 -9999 -9999 -9999 -9999 -9999 -9999 -9999 -9999 -9999 -9999 -9999 2294.41 2189.4 2140.46 2093.23 2052.63 2014.42 1967.97 1912.95 1864.77 1821.43 1780.11 1739.9 1700.43 1661.43 1621.76 1580.07 1536.42 1492.26 1444.23 1484.99 1589.25 1624.94 1749.25 1691.98 1677.14 2395.64 2448.34 2498.25 2558.9 2544.3 2525.31 2507.49 2490.25 2472.21 2452.25 2428.04 1849.03 1824.74 1798.87
-9999 -9999 -9999 -9999 -9999 -9999 -9999 -9999 -9999 -9999 -9999 -9999 -9999 -9999 -9999 -9999 -9999 -9999 -9999 -9999 -9999 -9999 -9999 -9999 -9999 -9999 -9999 -9999 -9999 -9999 -9999 -9999 2341.95 2221.58 2168.6 2114.85 2069.36 2030.39 1984.94 1931.51 1884.48 1842.21 1801.3 1760.84 1721.01 1681.81 1641.9 1599.95 1556.5 1512.69 1553.26 1656.17 1690.43 1814.21 1756.37 1742.04 2460.48 2513.23 2494.52 2625.47 2609.19 2587.01 2567.47 2548.94 2530.87 2512.3 2492.25 2468.5 1889.87 1865.76 1840.85
-9999 -9999 -9999 -9999 -9999 -9999 -9999 -9999 -9999 -9999 -9999 -9999 -9999 -9999 -9999 -9999 -9999 -9999 -9999 -9999 -9999 -9999 -9999 -9999 -9999 -9999 -9999 -9999 -9999 -9999 -9999 -9999 -9999 2264.85 2203.83 2141.6 2091.9 2049.5 1996.85 1946.81 1901.54 1859.97 1819.11 1778.64 1738.64 1698.72 1658.51 1617.45 1576.26 1620.17 1723.85 1756.5 1879.39 1820.24 1805.07 2523.41 2576.86 2558.74 2540.05 2671.79 2652.83 2631.72 2610.31 2590.57 2571.64 2552.21 2532.2 2509.47 1931.62 1907.96 1883.93
-9999 -9999 -9999 -9999 -9999 -9999 -9999 -9999 -9999 -9999 -9999 -9999 -9999 -9999 -9999 -9999 -9999 -9999 -9999 -9999 -9999 -9999 -9999 -9999 -9999 -9999 -9999 -9999 -9999 -9999 -9999 -9999 -9999 -9999 2248.09 2172.48 2116.28 2061.9 2012.9 1962.73 1919.34 1878.45 1837.66 1797 1756.38 1716.63 1676.18 1636.72 1683.45 1789.22 1822.68 1944.5 1884.77 1869.1 2586.63 2639.03 2621.33 2604.44 2736.99 2717.57 2698.87 2677.43 2654.12 2632.44 2612.56 2592.26 2572.19 2549.94 1972.78 1950.25 1927.15
-9999 -9999 -9999 -9999 -9999 -9999 -9999 -9999 -9999 -9999 -9999 -9999 -9999 -9999 -9999 -9999 -9999 -9999 -9999 -9999 -9999 -9999 -9999 -9999 -9999 -9999 -9999 -9999 -9999 -9999 -9999 -9999 -9999 -9999 2324.43 2224.64 2139.13 2080.6 2024.41 1979.59 1937.63 1897.23 1856.95 1816.14 1775.14 1735.89 1697.02 1743.69 1851.27 1885.91 2008.3 1948.44 1932.55 2650.03 2702.16 2683.55 2666.62 2800.45 2782.73 2763.35 2744.67 2723.33 2698.82 2675.07 2654.21 2633.02 2612.67 2590.31 2013.83 1992.32 1970.34
