wasim_mod/input/grids/GRD/_2
ncols	193
nrows	326
xllcorner	39436.98047
yllcorner	214976.5781
cellsize	25.0198
nodata_value	-9999
[rows 286 to 311 of 326, columns 120 to 179 of 193]
-0.429032 -0.417616 -0.38175 -0.319608 -0.233152 -0.153334 -0.100053 -0.0723507 -0.0745668 -0.0867643 -0.111069 -0.177324 -0.282504 -0.430204 -0.584605 -0.59316 -0.590088 -0.585531 -0.581118 -0.577669 -0.574027 -0.570868 -0.566439 -0.54408 -0.532824 -0.540346 -0.553155 -0.571571 -0.584319 -0.583981 -0.548296 -0.521762 -0.523997 -0.523431 -0.51205 -0.507056 -0.515442 -0.516093 -0.519395 -0.515143 -0.507486 -0.499441 -0.489963 -0.48076 -0.468342 -0.452733 -0.415073 -0.36688 -0.329847 -0.304024 -0.298286 -0.30799 -0.320812 -0.348607 -0.39038 -0.43114 -0.459413 -0.47869 -0.479864 -0.475371
-0.345237 -0.323019 -0.283157 -0.221061 -0.158067 -0.109847 -0.0799676 -0.0845914 -0.112478 -0.14445 -0.196942 -0.291635 -0.461687 -0.590928 -0.593589 -0.59071 -0.585177 -0.578421 -0.572398 -0.567404 -0.563337 -0.54394 -0.558848 -0.546514 -0.517704 -0.521287 -0.539871 -0.548763 -0.557522 -0.575298 -0.582906 -0.57645 -0.561835 -0.552706 -0.541109 -0.533857 -0.529992 -0.529789 -0.529518 -0.522004 -0.509261 -0.503259 -0.494882 -0.483654 -0.468089 -0.441804 -0.403675 -0.366911 -0.323561 -0.306868 -0.313932 -0.323121 -0.353516 -0.387555 -0.426846 -0.462718 -0.482123 -0.484402 -0.479807 -0.47446
-0.249388 -0.227754 -0.195758 -0.157619 -0.130296 -0.11401 -0.114959 -0.15451 -0.207881 -0.263517 -0.339947 -0.494794 -0.595327 -0.594504 -0.59139 -0.585853 -0.578421 -0.570587 -0.563595 -0.558013 -0.553903 -0.549164 -0.528156 -0.542414 -0.517205 -0.513371 -0.530473 -0.525807 -0.518224 -0.538048 -0.57639 -0.580605 -0.578042 -0.57383 -0.567164 -0.55886 -0.544172 -0.537336 -0.529497 -0.515551 -0.504349 -0.500439 -0.494072 -0.478555 -0.457547 -0.434245 -0.403346 -0.37061 -0.343395 -0.345207 -0.357861 -0.373537 -0.402899 -0.431511 -0.464268 -0.487602 -0.488937 -0.484383 -0.479279 -0.473727
-0.187537 -0.178632 -0.165197 -0.156025 -0.161112 -0.169347 -0.203966 -0.272991 -0.352096 -0.440588 -0.5316 -0.598306 -0.596415 -0.592332 -0.586852 -0.579724 -0.571582 -0.563386 -0.556015 -0.550364 -0.546544 -0.544645 -0.528646 -0.528246 -0.514136 -0.512469 -0.513214 -0.504742 -0.501011 -0.525369 -0.554887 -0.576568 -0.57596 -0.573237 -0.569569 -0.565338 -0.558256 -0.539885 -0.519488 -0.499597 -0.492093 -0.491135 -0.485422 -0.46838 -0.447553 -0.426994 -0.402885 -0.385249 -0.387189 -0.393789 -0.399503 -0.424393 -0.447451 -0.473292 -0.492757 -0.493228 -0.488842 -0.483878 -0.478709 -0.473484
-0.186352 -0.202272 -0.209113 -0.22379 -0.247449 -0.273548 -0.335649 -0.429544 -0.5332 -0.597782 -0.599039 -0.597679 -0.594242 -0.588322 -0.581235 -0.57331 -0.564977 -0.556809 -0.549821 -0.544489 -0.541029 -0.539225 -0.533364 -0.517556 -0.5137 -0.516272 -0.508927 -0.499263 -0.500344 -0.516075 -0.53838 -0.558327 -0.571027 -0.570283 -0.568243 -0.564917 -0.56132 -0.549818 -0.520811 -0.493683 -0.482043 -0.483727 -0.477343 -0.462064 -0.443248 -0.426292 -0.413801 -0.407957 -0.417755 -0.42681 -0.43792 -0.458553 -0.485802 -0.498126 -0.49701 -0.493277 -0.488872 -0.48381 -0.47885 -0.473685
-0.231503 -0.262887 -0.293846 -0.335404 -0.380054 -0.437641 -0.520501 -0.598694 -0.599578 -0.598746 -0.597467 -0.594679 -0.589864 -0.58288 -0.57517 -0.567146 -0.558795 -0.551116 -0.544865 -0.540031 -0.536723 -0.534672 -0.529728 -0.515355 -0.51684 -0.518266 -0.514568 -0.503877 -0.499249 -0.506736 -0.520261 -0.546426 -0.553227 -0.564666 -0.564301 -0.562539 -0.56036 -0.557065 -0.531533 -0.500853 -0.4872 -0.483275 -0.473869 -0.461758 -0.448131 -0.44052 -0.428475 -0.424835 -0.429275 -0.440198 -0.462897 -0.486078 -0.500127 -0.499995 -0.496775 -0.492951 -0.48861 -0.484038 -0.47913 -0.469872
-0.322148 -0.367711 -0.421076 -0.48131 -0.547048 -0.600211 -0.600892 -0.599521 -0.597649 -0.595526 -0.593213 -0.589264 -0.583544 -0.576389 -0.568992 -0.561347 -0.55371 -0.54695 -0.541196 -0.536563 -0.53321 -0.530757 -0.528011 -0.516451 -0.521322 -0.514152 -0.518607 -0.508003 -0.500493 -0.495883 -0.500305 -0.537722 -0.534312 -0.546537 -0.557374 -0.558734 -0.558396 -0.558305 -0.547545 -0.525036 -0.508301 -0.493746 -0.481545 -0.472835 -0.464902 -0.451562 -0.437049 -0.432621 -0.434343 -0.451358 -0.472087 -0.496021 -0.502891 -0.499726 -0.496346 -0.49251 -0.488439 -0.484322 -0.474933 -0.462148
-0.44452 -0.495664 -0.556077 -0.590933 -0.603866 -0.60134 -0.599069 -0.596251 -0.592852 -0.589491 -0.585637 -0.581235 -0.575562 -0.569242 -0.5629 -0.556501 -0.549927 -0.543931 -0.538424 -0.533597 -0.529948 -0.527361 -0.525873 -0.518254 -0.517586 -0.518241 -0.517153 -0.511341 -0.498914 -0.487236 -0.487704 -0.504852 -0.521855 -0.531783 -0.533531 -0.545109 -0.555328 -0.557534 -0.556383 -0.548 -0.536784 -0.51496 -0.494444 -0.48453 -0.473699 -0.443233 -0.424773 -0.429431 -0.440744 -0.458375 -0.479116 -0.497903 -0.503451 -0.499616 -0.496145 -0.492453 -0.488538 -0.480892 -0.464847 -0.456584
-0.542973 -0.586385 -0.608621 -0.606433 -0.603034 -0.599388 -0.595416 -0.59095 -0.586294 -0.581786 -0.57724 -0.572991 -0.567913 -0.56279 -0.557656 -0.552495 -0.546961 -0.541565 -0.536301 -0.531474 -0.527263 -0.524023 -0.52198 -0.520902 -0.519254 -0.517642 -0.513274 -0.508605 -0.498864 -0.484264 -0.480083 -0.487281 -0.502802 -0.514 -0.519699 -0.52149 -0.532811 -0.555931 -0.555909 -0.554591 -0.552195 -0.537515 -0.513908 -0.49304 -0.452212 -0.400241 -0.394897 -0.418986 -0.441466 -0.462533 -0.482226 -0.495303 -0.500574 -0.498804 -0.496183 -0.492413 -0.483941 -0.467532 -0.460982 -0.450524
-0.604566 -0.61377 -0.609471 -0.605316 -0.600668 -0.595989 -0.590486 -0.584577 -0.579139 -0.574137 -0.569592 -0.565494 -0.561415 -0.557409 -0.553444 -0.549217 -0.544565 -0.539784 -0.534843 -0.529815 -0.52522 -0.521221 -0.518536 -0.516755 -0.513805 -0.515995 -0.511372 -0.506514 -0.499844 -0.482547 -0.474931 -0.47761 -0.484102 -0.492652 -0.501783 -0.506089 -0.515317 -0.538029 -0.553644 -0.553771 -0.551955 -0.549836 -0.533101 -0.498909 -0.429859 -0.386067 -0.398595 -0.422205 -0.442401 -0.463248 -0.479713 -0.48779 -0.491376 -0.487741 -0.485016 -0.476249 -0.463021 -0.452252 -0.447455 -0.435232
-0.618445 -0.613485 -0.608062 -0.602855 -0.59714 -0.59114 -0.584638 -0.578136 -0.572448 -0.567681 -0.56336 -0.559425 -0.556193 -0.553182 -0.550049 -0.546574 -0.542666 -0.538436 -0.533761 -0.528588 -0.523727 -0.519269 -0.515839 -0.513371 -0.512068 -0.507067 -0.506375 -0.483135 -0.442609 -0.463348 -0.473825 -0.472831 -0.469206 -0.476825 -0.491146 -0.498984 -0.505379 -0.51518 -0.540718 -0.550953 -0.550759 -0.549688 -0.5467 -0.518331 -0.465098 -0.431377 -0.436789 -0.447089 -0.454602 -0.47187 -0.481613 -0.482046 -0.477419 -0.463431 -0.454661 -0.428553 -0.407358 -0.406453 -0.415067 -0.473012
-0.61742 -0.611883 -0.605996 -0.599635 -0.592666 -0.58523 -0.578341 -0.572523 -0.567059 -0.5623 -0.558305 -0.555103 -0.552195 -0.549654 -0.547174 -0.544421 -0.541405 -0.537479 -0.53291 -0.527897 -0.522763 -0.518152 -0.514108 -0.511073 -0.508574 -0.496361 -0.496361 -0.467267 -0.358811 -0.421339 -0.468206 -0.470659 -0.46667 -0.474801 -0.489824 -0.496425 -0.491774 -0.488655 -0.526606 -0.536734 -0.545303 -0.548328 -0.547573 -0.546126 -0.525127 -0.503133 -0.494953 -0.492632 -0.495044 -0.492753 -0.489641 -0.483179 -0.464305 -0.442434 -0.403737 -0.394206 -0.442045 -0.444354 -0.464924 -0.442044
-0.614617 -0.608993 -0.602692 -0.595689 -0.588257 -0.580259 -0.573294 -0.567856 -0.563025 -0.558726 -0.555039 -0.552286 -0.549749 -0.54752 -0.545423 -0.543304 -0.540399 -0.536772 -0.532382 -0.527464 -0.522474 -0.517526 -0.513299 -0.510705 -0.498807 -0.496361 -0.496361 -0.496361 -0.389266 -0.379705 -0.430074 -0.478077 -0.481091 -0.485621 -0.491932 -0.489854 -0.472347 -0.486444 -0.509562 -0.529921 -0.527212 -0.540663 -0.545727 -0.545499 -0.544652 -0.543517 -0.541774 -0.536087 -0.530535 -0.518478 -0.50724 -0.49008 -0.461295 -0.487751 -0.458352 -0.452778 -0.398166 -0.370247 -0.377098 -0.320708
-0.610496 -0.604823 -0.598253 -0.591166 -0.583833 -0.576465 -0.570028 -0.564818 -0.560394 -0.556687 -0.553573 -0.551017 -0.548909 -0.547003 -0.544865 -0.542772 -0.540175 -0.536689 -0.5325 -0.52715 -0.522642 -0.51762 -0.513519 -0.503941 -0.496361 -0.496361 -0.496361 -0.496361 -0.491307 -0.293511 -0.375397 -0.476281 -0.49197 -0.493041 -0.491518 -0.487001 -0.493913 -0.488688 -0.476688 -0.47869 -0.508777 -0.529777 -0.535613 -0.542697 -0.542579 -0.541986 -0.540988 -0.538675 -0.53512 -0.530874 -0.525994 -0.52119 -0.512688 -0.461584 -0.398518 -0.375562 -0.295234 -0.292323 -0.302711 -0.315247
-0.605449 -0.599738 -0.593293 -0.586848 -0.580214 -0.574012 -0.568604 -0.563941 -0.559885 -0.556178 -0.550372 -0.54247 -0.537609 -0.53715 -0.53518 -0.538024 -0.537709 -0.530468 -0.523099 -0.517931 -0.514024 -0.511592 -0.514024 -0.503041 -0.496361 -0.496361 -0.496361 -0.496361 -0.496361 -0.269651 -0.383593 -0.489242 -0.497412 -0.497454 -0.494252 -0.487603 -0.484481 -0.480232 -0.466012 -0.46754 -0.493394 -0.511543 -0.524595 -0.534828 -0.53836 -0.538348 -0.537934 -0.536571 -0.534019 -0.530464 -0.522736 -0.519333 -0.505433 -0.391149 -0.35403 -0.329598 -0.313357 -0.322825 -0.328203 -0.334657
-0.600121 -0.594804 -0.588948 -0.583685 -0.578349 -0.573116 -0.568422 -0.560889 -0.548379 -0.529171 -0.51533 -0.512508 -0.506361 -0.510223 -0.516265 -0.517472 -0.522514 -0.515669 -0.507671 -0.50548 -0.504788 -0.505473 -0.513906 -0.501439 -0.496361 -0.496361 -0.496361 -0.496361 -0.496361 -0.340921 -0.443366 -0.497003 -0.499857 -0.49969 -0.495173 -0.489176 -0.480173 -0.475995 -0.472862 -0.472241 -0.480056 -0.490824 -0.508552 -0.522285 -0.529389 -0.530993 -0.532728 -0.532466 -0.528884 -0.525968 -0.523435 -0.507913 -0.482571 -0.449857 -0.40869 -0.381555 -0.375664 -0.389731 -0.390652 -0.389896
-0.596031 -0.591273 -0.586488 -0.582287 -0.578114 -0.570631 -0.556981 -0.536693 -0.513859 -0.494943 -0.49191 -0.490282 -0.49154 -0.498848 -0.503519 -0.509917 -0.50561 -0.503312 -0.499404 -0.5014 -0.503058 -0.510064 -0.507733 -0.486854 -0.496361 -0.496361 -0.496361 -0.417352 -0.361713 -0.352442 -0.495024 -0.498769 -0.498408 -0.498275 -0.493996 -0.487424 -0.48399 -0.477908 -0.475807 -0.473432 -0.473141 -0.477762 -0.491033 -0.50936 -0.502662 -0.520858 -0.524034 -0.526948 -0.525869 -0.524209 -0.522842 -0.521422 -0.517978 -0.503512 -0.483365 -0.464761 -0.459412 -0.462542 -0.464016 -0.466311
-0.593555 -0.58956 -0.585853 -0.582325 -0.577909 -0.566543 -0.547582 -0.524557 -0.504565 -0.483384 -0.484482 -0.478897 -0.488358 -0.492771 -0.500461 -0.506156 -0.497511 -0.494938 -0.503319 -0.510888 -0.512071 -0.511188 -0.493789 -0.399226 -0.253488 -0.276935 -0.387824 -0.34787 -0.44995 -0.498051 -0.496395 -0.495218 -0.494405 -0.493969 -0.489941 -0.48376 -0.482592 -0.481818 -0.479855 -0.479571 -0.475135 -0.451128 -0.492799 -0.495367 -0.494938 -0.506131 -0.504455 -0.517798 -0.521304 -0.520997 -0.520507 -0.520119 -0.51944 -0.518144 -0.516827 -0.515574 -0.513903 -0.51173 -0.508969 -0.505939
-0.591971 -0.588895 -0.585755 -0.582644 -0.577755 -0.566147 -0.550311 -0.523835 -0.503243 -0.491966 -0.489426 -0.491795 -0.49632 -0.499081 -0.505534 -0.504 -0.508531 -0.504145 -0.513378 -0.520309 -0.520147 -0.520512 -0.51961 -0.458907 -0.374919 -0.435049 -0.492436 -0.497474 -0.496361 -0.494599 -0.492548 -0.491249 -0.490156 -0.48959 -0.485529 -0.480692 -0.477277 -0.479692 -0.471443 -0.483204 -0.479233 -0.476236 -0.474436 -0.496129 -0.480733 -0.476385 -0.490679 -0.498111 -0.508779 -0.513768 -0.511564 -0.516261 -0.516625 -0.515953 -0.515513 -0.514571 -0.513094 -0.51105 -0.508259 -0.505741
-0.590935 -0.588352 -0.585515 -0.582656 -0.579606 -0.571655 -0.553993 -0.529121 -0.516201 -0.510554 -0.510708 -0.515251 -0.513127 -0.517324 -0.518857 -0.522677 -0.52488 -0.522045 -0.523431 -0.525517 -0.527503 -0.525009 -0.520514 -0.513751 -0.507446 -0.502206 -0.497876 -0.494732 -0.492089 -0.489897 -0.48804 -0.486415 -0.485147 -0.484364 -0.479713 -0.468224 -0.47635 -0.478838 -0.484651 -0.485786 -0.479118 -0.471196 -0.470925 -0.473333 -0.474474 -0.475781 -0.480343 -0.479794 -0.49401 -0.501289 -0.498857 -0.504761 -0.510956 -0.510045 -0.511943 -0.511411 -0.510021 -0.508157 -0.50543 -0.502779
-0.590061 -0.587388 -0.584589 -0.582067 -0.579633 -0.577415 -0.562146 -0.547534 -0.536938 -0.534811 -0.536133 -0.529573 -0.525555 -0.530707 -0.535118 -0.541935 -0.540586 -0.538439 -0.538363 -0.537205 -0.534586 -0.528212 -0.520879 -0.513458 -0.506524 -0.500052 -0.494652 -0.490391 -0.487186 -0.484524 -0.482389 -0.480703 -0.479249 -0.473468 -0.474295 -0.470072 -0.46988 -0.472723 -0.479111 -0.482026 -0.475829 -0.467763 -0.466946 -0.466529 -0.470025 -0.46963 -0.468254 -0.481613 -0.482371 -0.486026 -0.484369 -0.492578 -0.497243 -0.501176 -0.505703 -0.505532 -0.504712 -0.502923 -0.500664 -0.498321
-0.588561 -0.58588 -0.583438 -0.581239 -0.579378 -0.577411 -0.57601 -0.57356 -0.569878 -0.562503 -0.554447 -0.546615 -0.545236 -0.548217 -0.552734 -0.552572 -0.549683 -0.547864 -0.545389 -0.54095 -0.535215 -0.52852 -0.520871 -0.512699 -0.504883 -0.497755 -0.491561 -0.486237 -0.482063 -0.478713 -0.474103 -0.472496 -0.471539 -0.468838 -0.466535 -0.463972 -0.459595 -0.465413 -0.470546 -0.471562 -0.469672 -0.462918 -0.463709 -0.466275 -0.46694 -0.464019 -0.465585 -0.476509 -0.474062 -0.475288 -0.474985 -0.481552 -0.486946 -0.489968 -0.496764 -0.49744 -0.496802 -0.495598 -0.494079 -0.492233
-0.585998 -0.583616 -0.581475 -0.579811 -0.578193 -0.576724 -0.575455 -0.57408 -0.572322 -0.570556 -0.568467 -0.565934 -0.563284 -0.560428 -0.557223 -0.553926 -0.550956 -0.548347 -0.544994 -0.5403 -0.534642 -0.528037 -0.520059 -0.511187 -0.502692 -0.495089 -0.488181 -0.477145 -0.47288 -0.469348 -0.466997 -0.46522 -0.464252 -0.463936 -0.459615 -0.454796 -0.450575 -0.455721 -0.460163 -0.459348 -0.459883 -0.457501 -0.461051 -0.465122 -0.462942 -0.463199 -0.46671 -0.4659 -0.46733 -0.470303 -0.471539 -0.47566 -0.477966 -0.481622 -0.487271 -0.487702 -0.487247 -0.4867 -0.485891 -0.484611
-0.582078 -0.579819 -0.577928 -0.576686 -0.575402 -0.574084 -0.573044 -0.571999 -0.570769 -0.569311 -0.567454 -0.565217 -0.562893 -0.560078 -0.556649 -0.553216 -0.550064 -0.547102 -0.543293 -0.538394 -0.532405 -0.525793 -0.517746 -0.508738 -0.49998 -0.484835 -0.478178 -0.472436 -0.467438 -0.463283 -0.46031 -0.458415 -0.457112 -0.456645 -0.45224 -0.447115 -0.444983 -0.443937 -0.446662 -0.449316 -0.451197 -0.454718 -0.456475 -0.459405 -0.45925 -0.460962 -0.46128 -0.462121 -0.464675 -0.467573 -0.471151 -0.473016 -0.472855 -0.476741 -0.477635 -0.47749 -0.476758 -0.477263 -0.47686 -0.476264
-0.576834 -0.574829 -0.572983 -0.571768 -0.570769 -0.569675 -0.568813 -0.568042 -0.567142 -0.566071 -0.564655 -0.562775 -0.560591 -0.557788 -0.55431 -0.550831 -0.547311 -0.544014 -0.539822 -0.534471 -0.528379 -0.521475 -0.504845 -0.496175 -0.488333 -0.48122 -0.473886 -0.467601 -0.462182 -0.458115 -0.454906 -0.452433 -0.45104 -0.450352 -0.447338 -0.439708 -0.438888 -0.434571 -0.437885 -0.441984 -0.446237 -0.448063 -0.449842 -0.452822 -0.454747 -0.455399 -0.458404 -0.457008 -0.464212 -0.465822 -0.465956 -0.469261 -0.469189 -0.468934 -0.468642 -0.468338 -0.466352 -0.466307 -0.468574 -0.468433
-0.570784 -0.569056 -0.567032 -0.565699 -0.564674 -0.563785 -0.563048 -0.562539 -0.561784 -0.560975 -0.559885 -0.558259 -0.556114 -0.55341 -0.550053 -0.546525 -0.542776 -0.539138 -0.534418 -0.522728 -0.515805 -0.508206 -0.499844 -0.491603 -0.484209 -0.477088 -0.46983 -0.463454 -0.458061 -0.453827 -0.450402 -0.447447 -0.445761 -0.445032 -0.443818 -0.435776 -0.431456 -0.430247 -0.431992 -0.43731 -0.441323 -0.442268 -0.442657 -0.445573 -0.447668 -0.450486 -0.455009 -0.454563 -0.460666 -0.462459 -0.462345 -0.462178 -0.461673 -0.461244 -0.460708 -0.460314 -0.458518 -0.45749 -0.458614 -0.460746
