wasim_mod/input/grids/GRD/_2
ncols	193
nrows	326
xllcorner	39436.98047
yllcorner	214976.5781
cellsize	25.0198
nodata_value	-9999
[rows 26 to 51 of 326, columns 120 to 179 of 193]
-0.143638 -0.136855 -0.130708 -0.127963 -0.128274 -0.12476 -0.125518 -0.121897 -0.121455 -0.120226 -0.117079 -0.115681 -0.113645 -0.111692 -0.109426 -0.105944 -0.100286 -0.0898624 -0.0473437 -0.0124556 0.000723072 -0.00769927 -0.0261655 -0.05794 -0.0734703 -0.0815853 -0.0807344 -0.0751331 -0.0680816 -0.0607445 -0.0565546 -0.0505727 -0.0454433 -0.0404198 -0.0377044 -0.0306928 -0.0243145 -0.0143105 -0.00420649 0.0106184 0.0207217 0.0214479 0.0220487 0.0256193 0.0290863 0.0266136 0.023443 0.0222899 0.0215162 0.0239799 0.0279974 0.0329335 0.0388094 0.0426608 0.0437212 0.0461747 0.0472924 0.0472937 0.049686 0.0548135
-0.157437 -0.147694 -0.140408 -0.13617 -0.132177 -0.12891 -0.124936 -0.120839 -0.120367 -0.118269 -0.114458 -0.11504 -0.115526 -0.112685 -0.110255 -0.105996 -0.101094 -0.0932809 -0.0655678 -0.0338218 -0.0109217 -0.00227558 -0.0189702 -0.0587764 -0.0759262 -0.0798922 -0.0796986 -0.0744212 -0.0689407 -0.0639604 -0.0603877 -0.0547855 -0.0483848 -0.0450589 -0.0403577 -0.0320987 -0.0225803 -0.011571 0.00309472 0.0187565 0.0209195 0.017975 0.017939 0.0212041 0.0263304 0.0235935 0.0223096 0.0217419 0.023104 0.0251484 0.0308086 0.0368879 0.0403346 0.042241 0.0410251 0.0410177 0.0414436 0.0420521 0.0460727 0.0530059
-0.173663 -0.161179 -0.148353 -0.142035 -0.13467 -0.130711 -0.129146 -0.126962 -0.123 -0.120534 -0.118126 -0.116786 -0.116362 -0.113885 -0.111276 -0.107403 -0.102976 -0.0943418 -0.0761921 -0.0467738 -0.0189894 0.00301984 -0.00868211 -0.044656 -0.0641608 -0.0677764 -0.0709872 -0.0683821 -0.0660327 -0.059017 -0.0550279 -0.0510001 -0.0490478 -0.0468046 -0.0396216 -0.0282411 -0.0117783 0.0065918 0.0217576 0.0288957 0.0245912 0.0176444 0.0162354 0.0214774 0.026603 0.0263222 0.0241017 0.023528 0.0251868 0.0305244 0.0366862 0.0423101 0.0435257 0.042405 0.039497 0.0395924 0.0389081 0.0409097 0.0458753 0.0552269
-0.185057 -0.170797 -0.154971 -0.145674 -0.137375 -0.136825 -0.139167 -0.137572 -0.132912 -0.128084 -0.126303 -0.123278 -0.120615 -0.117634 -0.114291 -0.109316 -0.103843 -0.0968356 -0.0782532 -0.0447382 -0.0139605 0.0125189 0.00514297 -0.0183463 -0.0358775 -0.0536774 -0.0562564 -0.0573331 -0.0479659 -0.0398735 -0.0337869 -0.0381575 -0.0423034 -0.0428508 -0.0342573 -0.0144393 0.0153611 0.0332546 0.046371 0.0482411 0.0397318 0.0326268 0.0317499 0.031401 0.0302417 0.0321362 0.0276351 0.0272958 0.0337724 0.0398129 0.0478577 0.0457029 0.0430904 0.0427675 0.041222 0.0392408 0.0395293 0.0414666 0.0489556 0.0602667
-0.190529 -0.177194 -0.164128 -0.151693 -0.144318 -0.146838 -0.147436 -0.146963 -0.143312 -0.138219 -0.13432 -0.130664 -0.126423 -0.121279 -0.116111 -0.111045 -0.104686 -0.0979909 -0.0688821 -0.0285257 0.0150789 0.0433065 0.0388472 0.0206141 -0.00299992 -0.0249054 -0.0326069 -0.0290205 -0.0195677 -0.0112781 -0.00309167 -0.00627361 -0.0227732 -0.0305102 -0.017011 0.0185589 0.0455543 0.0602141 0.0711305 0.0707363 0.0623722 0.0541784 0.0472047 0.0370825 0.0358512 0.0403116 0.0402162 0.0426874 0.0482395 0.0511723 0.0527985 0.0475507 0.0467342 0.0448285 0.0431194 0.0389034 0.0386227 0.0412178 0.0507179 0.0645383
-0.195552 -0.183796 -0.173221 -0.160301 -0.154821 -0.157328 -0.156779 -0.152727 -0.150352 -0.146228 -0.140273 -0.134689 -0.129234 -0.123639 -0.117786 -0.112772 -0.106063 -0.0918469 -0.054967 -0.00308244 0.0539612 0.0841887 0.0823519 0.0626815 0.0405681 0.0141879 -0.00200802 8.37236e-05 0.00574111 0.0146119 0.0188435 0.0177947 0.00523373 -0.0082519 0.00974995 0.0411384 0.0625203 0.0754754 0.0851204 0.0841132 0.0755318 0.0648568 0.0512478 0.0423394 0.0479628 0.0559382 0.0589395 0.0602033 0.0599919 0.0591469 0.053274 0.0501577 0.05289 0.0470208 0.0421346 0.0370429 0.0349011 0.0386248 0.0482909 0.0663993
-0.200583 -0.1874 -0.178719 -0.168374 -0.167013 -0.170291 -0.166258 -0.160799 -0.155376 -0.149379 -0.142889 -0.136839 -0.130816 -0.125195 -0.119019 -0.113541 -0.105634 -0.0860135 -0.0422614 0.0249049 0.0877449 0.116518 0.115844 0.096395 0.080387 0.0435501 0.0166006 0.0118114 0.0192802 0.0272415 0.0285267 0.033883 0.0236424 0.0100185 0.0265207 0.0492474 0.0660655 0.079659 0.0895224 0.0860931 0.0761264 0.0663911 0.0552295 0.0537133 0.0652786 0.0772492 0.0735529 0.0650434 0.0593863 0.0569331 0.0504158 0.0515044 0.0519647 0.0441843 0.0354048 0.0313648 0.0304794 0.0359104 0.0459191 0.0597528
-0.203373 -0.191749 -0.183672 -0.18069 -0.180392 -0.179574 -0.174283 -0.166692 -0.157852 -0.149861 -0.143025 -0.137245 -0.131329 -0.125723 -0.119629 -0.112631 -0.105276 -0.084644 -0.028586 0.050803 0.106486 0.132242 0.129365 0.111288 0.096167 0.0507796 0.00748375 0.000279136 0.0161933 0.0244706 0.0323774 0.0451027 0.035875 0.0244961 0.0319611 0.0468397 0.0621793 0.077552 0.086692 0.0780014 0.069449 0.0650945 0.0598834 0.0642327 0.0811833 0.0899218 0.0732014 0.0581055 0.0520963 0.0478359 0.0480228 0.0499822 0.0422822 0.033825 0.0263056 0.0247691 0.0275845 0.0363188 0.0466117 0.0561575
-0.207205 -0.199669 -0.19363 -0.190538 -0.189608 -0.184612 -0.17616 -0.167148 -0.158246 -0.149956 -0.143022 -0.137409 -0.131575 -0.126091 -0.119645 -0.113212 -0.105633 -0.0709832 -0.00158929 0.0767762 0.119749 0.133348 0.125959 0.115241 0.099149 0.0491358 -0.00847837 -0.0184087 -0.0103354 0.00261071 0.037293 0.0556851 0.0420662 0.027815 0.0255882 0.0371961 0.0581688 0.0748 0.0768409 0.0620001 0.0603603 0.0620499 0.0590971 0.0669272 0.0859599 0.0837085 0.0593846 0.0480329 0.0415475 0.0384496 0.0449718 0.0406014 0.0327333 0.0246338 0.0204647 0.0213259 0.0287288 0.0399569 0.0509755 0.0579163
-0.21127 -0.205868 -0.201837 -0.197145 -0.193675 -0.18581 -0.176506 -0.167103 -0.158076 -0.149755 -0.143082 -0.13753 -0.131686 -0.124637 -0.117827 -0.112357 -0.093587 -0.0405551 0.0372146 0.100195 0.129335 0.134563 0.127171 0.119226 0.101095 0.0513649 -0.00770319 -0.0177856 -0.0263756 -0.00275161 0.0450238 0.0557185 0.045385 0.0368067 0.0288129 0.0417471 0.0644539 0.0683967 0.0550681 0.0365419 0.0431553 0.0489764 0.0452955 0.0550159 0.071254 0.0603017 0.0405951 0.033791 0.0288021 0.0282734 0.0280386 0.0244353 0.0197258 0.0161692 0.0155268 0.0217318 0.0300381 0.041593 0.0526075 0.0575503
-0.21326 -0.209833 -0.206136 -0.201365 -0.194286 -0.185871 -0.176639 -0.166936 -0.157996 -0.150028 -0.143595 -0.137089 -0.130624 -0.121016 -0.113291 -0.104218 -0.0675006 -0.00321566 0.067597 0.115524 0.135736 0.139227 0.131047 0.121433 0.106577 0.0591699 0.00883015 -0.00590283 -0.0229646 0.01081 0.0535563 0.0550822 0.0505386 0.0512352 0.0362889 0.0355641 0.0414232 0.0300415 0.0128352 0.00103736 0.016809 0.0253772 0.0248938 0.0389865 0.0467048 0.0296048 0.0135576 0.0117738 0.0147095 0.0163863 0.0152103 0.012314 0.00963146 0.00745513 0.011856 0.0205356 0.0284979 0.039071 0.0485512 0.0528096
-0.215325 -0.212422 -0.207578 -0.201639 -0.194476 -0.185799 -0.176479 -0.166856 -0.158174 -0.150727 -0.142588 -0.135807 -0.127091 -0.116843 -0.107313 -0.0859342 -0.0385523 0.0253967 0.0843042 0.124541 0.139061 0.13878 0.128977 0.120343 0.10816 0.0649567 0.0216195 0.0043547 -0.00493546 0.0332262 0.0646168 0.0550652 0.0519879 0.0563999 0.0364959 0.025346 0.0265844 0.0190176 0.00858441 -0.000471149 0.0072991 0.00159684 0.00429571 0.0277111 0.0256792 0.00286511 -0.00673527 -0.00180398 0.0054048 0.00704671 0.00656314 0.00400103 1.55881e-05 0.0022248 0.00982688 0.0193891 0.0288546 0.0373453 0.045055 0.0487595
-0.217156 -0.212895 -0.207688 -0.201692 -0.194222 -0.185518 -0.176168 -0.166856 -0.158573 -0.150319 -0.141435 -0.132548 -0.121522 -0.112955 -0.101186 -0.0631673 -0.0168766 0.0388264 0.0894357 0.125009 0.133216 0.130437 0.121378 0.113525 0.0988572 0.0640766 0.025632 0.0146201 0.0211244 0.0512064 0.0666487 0.0512857 0.0513528 0.0581557 0.0420173 0.0338593 0.0444559 0.0470747 0.0340686 0.0178224 0.0116114 -0.00449929 0.00703067 0.0247833 0.000679348 -0.0218189 -0.0204361 -0.0117233 -0.00516973 -0.00539452 -0.0102808 -0.0132619 -0.0111898 -0.00225829 0.00666018 0.0166515 0.0268515 0.0361477 0.0419663 0.045833
-0.217327 -0.212918 -0.207088 -0.200644 -0.193151 -0.184405 -0.175146 -0.16656 -0.159196 -0.150519 -0.140642 -0.128822 -0.116932 -0.106736 -0.0934147 -0.0666581 -0.026833 0.0285769 0.0806701 0.11245 0.118059 0.117211 0.112699 0.106987 0.0869351 0.0512759 0.0233524 0.0219973 0.0314815 0.0504245 0.0524983 0.0471034 0.0621274 0.0791695 0.0663023 0.0570443 0.0629664 0.0591121 0.0386605 0.0189947 0.019248 0.0231905 0.0412233 0.0221193 -0.0262478 -0.0480429 -0.0240473 -0.0236604 -0.0213926 -0.027638 -0.032797 -0.0331939 -0.0251643 -0.0137749 -0.00220711 0.0058284 0.0183453 0.0276224 0.0347312 0.038794
-0.216905 -0.211946 -0.2059 -0.198851 -0.191222 -0.182802 -0.174299 -0.166419 -0.159409 -0.151451 -0.140405 -0.127004 -0.115943 -0.106697 -0.0981637 -0.0837097 -0.0400926 0.0156686 0.0675055 0.0970835 0.105224 0.106908 0.103217 0.0936177 0.0721222 0.0442556 0.0280249 0.0210385 0.0229424 0.034627 0.0276797 0.0381222 0.06895 0.0896079 0.0818359 0.0746979 0.0723328 0.0591908 0.0325268 0.0133918 0.0269327 0.0371267 0.0501416 0.0313209 -0.0277535 -0.0206029 -0.0182563 -0.0423387 -0.0441973 -0.0475977 -0.0466635 -0.0426097 -0.0366182 -0.0278935 -0.0155797 -0.00444767 0.00450492 0.0140512 0.0226179 0.0300558
-0.215751 -0.210294 -0.203902 -0.196645 -0.18881 -0.180786 -0.173217 -0.166191 -0.159974 -0.152023 -0.141924 -0.13144 -0.12474 -0.119159 -0.109083 -0.0919461 -0.0415262 0.00857859 0.0585562 0.0872769 0.0957003 0.099581 0.0967299 0.0847283 0.0655066 0.0469713 0.0304332 0.0182328 0.0186017 0.0342837 0.030725 0.0412842 0.0737207 0.093683 0.0876728 0.0879522 0.0847982 0.0605564 0.0298101 0.0112555 0.0215913 0.0264403 0.0425103 0.030385 -0.0292397 -0.0257099 -0.060797 -0.0530077 -0.0608829 -0.0603453 -0.0532093 -0.0445019 -0.0384832 -0.0331936 -0.0242987 -0.0114718 -0.00384774 0.00553798 0.0152951 0.0249561
-0.21392 -0.208023 -0.201293 -0.193857 -0.186163 -0.178705 -0.172055 -0.166009 -0.160615 -0.153628 -0.147722 -0.142434 -0.137331 -0.130241 -0.119232 -0.0951842 -0.0453218 0.00203567 0.0539486 0.0830146 0.0957349 0.102777 0.102154 0.0886436 0.0655698 0.0497964 0.0359975 0.0221707 0.0230677 0.051174 0.0525779 0.0515757 0.0826452 0.0988445 0.091549 0.112119 0.0968478 0.054776 0.0244582 8.9431e-05 -0.00375952 -0.00527824 0.00418668 -0.00538783 -0.0432889 -0.0349847 -0.0593919 -0.0424917 -0.0650602 -0.0650631 -0.0552962 -0.0456699 -0.0379457 -0.0331548 -0.0267533 -0.0154185 -0.00629059 0.00204047 0.0116024 0.0217023
-0.211334 -0.205064 -0.198149 -0.190732 -0.183448 -0.176832 -0.170961 -0.165815 -0.16122 -0.156353 -0.151865 -0.148943 -0.143781 -0.135641 -0.124948 -0.104877 -0.0606223 -0.00645113 0.0522619 0.0888231 0.11256 0.120865 0.117007 0.0947115 0.0719429 0.0598075 0.0490538 0.0306825 0.035365 0.0690584 0.07369 0.0671582 0.0894279 0.0994956 0.0982433 0.127029 0.0820238 0.0281282 -0.00174861 -0.033953 -0.0446417 -0.045611 -0.0453569 -0.0387243 -0.0409705 -0.049571 -0.029421 -0.0482367 -0.058566 -0.058837 -0.0512358 -0.0273931 -0.0207575 -0.0166462 -0.0172352 -0.0163583 -0.00920791 -0.00232987 0.00637348 0.0167699
-0.208513 -0.202056 -0.194864 -0.187644 -0.180903 -0.175085 -0.169715 -0.165105 -0.161231 -0.157544 -0.153697 -0.149933 -0.145645 -0.137944 -0.130922 -0.116299 -0.0683757 0.000287437 0.0657569 0.110067 0.132301 0.138895 0.128222 0.104597 0.0872112 0.0769636 0.0666582 0.0500257 0.0575428 0.0803474 0.0850752 0.0798585 0.0878319 0.0922653 0.0902418 0.0971365 0.0223389 -0.0211236 -0.049015 -0.0672849 -0.0700702 -0.0681906 -0.0711244 -0.0588793 -0.0582895 -0.0754568 -0.0480731 -0.0597808 -0.0494835 -0.039154 0.0360567 0.0505155 0.0368924 0.0237151 0.00582885 -0.0116804 -0.00872819 -0.00430027 0.00210999 0.00770872
-0.206223 -0.199368 -0.192 -0.184743 -0.178332 -0.172856 -0.168436 -0.164482 -0.161007 -0.157381 -0.153868 -0.150302 -0.147529 -0.144072 -0.141107 -0.132925 -0.0699217 0.016519 0.0866091 0.127754 0.145336 0.142833 0.130989 0.118074 0.112027 0.106265 0.0949117 0.0771256 0.0743044 0.0875213 0.0939192 0.0849974 0.0705121 0.0503646 0.038325 0.0315038 -0.0327332 -0.0598486 -0.0818066 -0.0896447 -0.0853309 -0.0802697 -0.0833708 -0.0795988 -0.0810388 -0.0870471 -0.0733465 -0.065299 -0.0445134 -0.0255917 0.103811 0.0642528 0.0498078 0.0322612 0.0167235 0.000701605 -0.0059935 -0.00116107 -0.00248385 -0.00149399
-0.204643 -0.197237 -0.189592 -0.182483 -0.176152 -0.171094 -0.167274 -0.163825 -0.16051 -0.157316 -0.153822 -0.150374 -0.147586 -0.145258 -0.143094 -0.137947 -0.0562906 0.0417098 0.103482 0.134521 0.147232 0.143532 0.138843 0.133478 0.132813 0.129637 0.116971 0.0996891 0.0956545 0.106418 0.103529 0.0960567 0.0658858 0.0165724 0.00795226 -0.00738808 -0.0525938 -0.0768864 -0.0955717 -0.0999503 -0.0953612 -0.0925838 -0.0983035 -0.0779027 -0.070479 -0.081506 -0.0827603 -0.0675297 -0.0511973 -0.0327799 0.0461499 0.000437859 -0.0130523 -0.0137017 0.018122 0.0024993 -0.0107428 -0.000281473 -0.00243385 -0.00222282
-0.203632 -0.195718 -0.18777 -0.180695 -0.174523 -0.16989 -0.166423 -0.163313 -0.160141 -0.157073 -0.153625 -0.150306 -0.147416 -0.144977 -0.142851 -0.125403 -0.0211595 0.0697102 0.115917 0.138278 0.145355 0.148206 0.149142 0.146465 0.148293 0.143819 0.127019 0.1163 0.115095 0.118161 0.107552 0.104553 0.0568509 -0.0101337 -0.00639648 -0.022332 -0.0599471 -0.0933478 -0.107705 -0.113758 -0.113921 -0.114418 -0.113572 -0.084237 -0.0664206 -0.0860415 -0.0871041 -0.0802516 -0.0718297 -0.0552409 -0.0215441 -0.0460855 -0.0354102 -0.010307 -0.0332088 -0.0140328 -0.00620698 -0.00527465 0.00655957 0.00504033
-0.202998 -0.194659 -0.186406 -0.179255 -0.173395 -0.169134 -0.165811 -0.162918 -0.159785 -0.156462 -0.153158 -0.149831 -0.146698 -0.144195 -0.139444 -0.0835362 0.0272115 0.0947239 0.12719 0.143583 0.148433 0.150622 0.152478 0.157334 0.16396 0.151176 0.130873 0.128744 0.124331 0.119182 0.107498 0.094933 0.0294924 -0.0238523 -0.00951671 -0.0230994 -0.0714072 -0.108824 -0.12426 -0.132722 -0.135482 -0.135177 -0.127591 -0.0971383 -0.0858858 -0.100991 -0.0995288 -0.0942779 -0.0834646 -0.0730053 -0.0577613 -0.0401743 -0.0229338 -0.0306556 -0.0575798 -0.0263325 -0.0179752 0.013638 0.0236465 0.00919965
-0.202938 -0.193508 -0.1851 -0.178268 -0.172655 -0.168462 -0.165291 -0.162135 -0.15882 -0.155546 -0.152208 -0.14887 -0.145763 -0.141703 -0.100512 -0.0165255 0.0710487 0.119952 0.140045 0.147539 0.148799 0.149403 0.152629 0.168914 0.174007 0.149865 0.136601 0.140878 0.131057 0.118342 0.103467 0.0717615 0.0213105 -0.0109443 -0.0128427 -0.0367163 -0.095755 -0.126848 -0.139254 -0.146947 -0.150753 -0.14777 -0.136366 -0.107445 -0.108885 -0.116079 -0.1104 -0.102333 -0.0912609 -0.0846629 -0.0800599 -0.067899 -0.0558175 -0.0546424 -0.0295737 -0.0469576 -0.0129874 0.045555 0.0284335 0.00961281
-0.20176 -0.192232 -0.183987 -0.177296 -0.171937 -0.167912 -0.164342 -0.160996 -0.157677 -0.154342 -0.151111 -0.147932 -0.145171 -0.120149 -0.0443668 0.0403998 0.114319 0.153416 0.157051 0.152287 0.149628 0.144623 0.152037 0.168511 0.162811 0.13169 0.140094 0.150902 0.136745 0.1202 0.0886017 0.0324906 0.00405092 -0.0285912 -0.0606607 -0.0971267 -0.135137 -0.155019 -0.158828 -0.159109 -0.158722 -0.154142 -0.142914 -0.121639 -0.124185 -0.127111 -0.116594 -0.104046 -0.0999339 -0.096761 -0.0945785 -0.0886736 -0.0836413 -0.0747048 -0.0470392 -0.0337264 0.0336459 0.0440307 0.0162526 0.00600482
-0.19955 -0.190591 -0.182931 -0.176213 -0.171132 -0.167027 -0.16351 -0.159993 -0.156317 -0.152865 -0.14974 -0.146952 -0.137214 -0.0717753 0.00754868 0.0875606 0.147208 0.171018 0.167832 0.160785 0.158219 0.156165 0.170793 0.174404 0.148904 0.138564 0.162245 0.168406 0.144089 0.110952 0.0495264 -0.0227566 -0.0466396 -0.091864 -0.14854 -0.178487 -0.193993 -0.191124 -0.180829 -0.171643 -0.16582 -0.160467 -0.153157 -0.144068 -0.140787 -0.135511 -0.120597 -0.108888 -0.107192 -0.105974 -0.100116 -0.093617 -0.0916578 -0.0881023 -0.0720414 -0.0300065 -0.00515733 0.000855039 -0.00126462 -0.000854829
