wasim_mod/input/grids/GRD/_2
ncols	193
nrows	326
xllcorner	39436.98047
yllcorner	214976.5781
cellsize	25.0198
nodata_value	-9999
[rows 104 to 129 of 326, columns 120 to 179 of 193]
0.0548574 0.0551069 0.0388276 0.0224819 0.0142755 0.0133895 0.0161948 0.0268112 0.0487718 0.0731183 0.0850672 0.0829657 0.094863 0.126493 0.136342 0.134761 0.135907 0.113302 0.0399159 -0.0947233 -0.259697 -0.348711 -0.344427 -0.336422 -0.327 -0.318299 -0.309508 -0.303044 -0.298065 -0.293489 -0.288192 -0.282184 -0.276016 -0.269894 -0.263932 -0.257894 -0.252284 -0.247442 -0.242623 -0.237417 -0.232039 -0.226415 -0.220183 -0.213529 -0.206477 -0.199394 -0.193496 -0.188677 -0.183824 -0.179107 -0.174987 -0.171189 -0.166468 -0.161364 -0.156534 -0.151593 -0.14595 -0.140116 -0.134534 -0.129225
0.0422494 0.0324904 0.0156572 0.00893561 0.014194 0.0134944 0.0223418 0.0441943 0.0684309 0.0784024 0.0811564 0.07868 0.0896433 0.113194 0.121306 0.115732 0.104549 0.0517973 -0.0585745 -0.21065 -0.343586 -0.347781 -0.343341 -0.335442 -0.325094 -0.315155 -0.306424 -0.299038 -0.292992 -0.288146 -0.283099 -0.277391 -0.271501 -0.265611 -0.259595 -0.253838 -0.248521 -0.24347 -0.238594 -0.233292 -0.227733 -0.222241 -0.21615 -0.209413 -0.202546 -0.196018 -0.190546 -0.185867 -0.181089 -0.176152 -0.171705 -0.167847 -0.163426 -0.158676 -0.153841 -0.148627 -0.142911 -0.137124 -0.131287 -0.126038
0.0251506 0.0118561 0.000684329 0.0057175 0.0155377 0.0204177 0.0306341 0.0523943 0.0647539 0.0666842 0.0635872 0.0709361 0.0824297 0.0940972 0.0999148 0.0902846 0.0486548 -0.0263257 -0.157596 -0.298737 -0.346638 -0.345297 -0.340953 -0.333505 -0.323552 -0.312747 -0.302915 -0.29453 -0.287816 -0.282415 -0.277501 -0.272359 -0.267168 -0.261593 -0.255695 -0.25007 -0.244621 -0.239129 -0.23398 -0.228674 -0.22302 -0.217532 -0.211448 -0.204772 -0.198502 -0.192726 -0.187777 -0.18319 -0.178511 -0.173487 -0.168637 -0.164387 -0.160096 -0.155615 -0.150636 -0.145323 -0.1396 -0.133801 -0.128108 -0.122921
0.0109969 0.00528311 0.00941952 0.0170501 0.0212766 0.030416 0.0428046 0.0578277 0.0552151 0.0460719 0.0413507 0.05587 0.0672986 0.0730247 0.0744189 0.0480087 -0.0211035 -0.113794 -0.240297 -0.338373 -0.344036 -0.341951 -0.337588 -0.330642 -0.320981 -0.309432 -0.298776 -0.289441 -0.282404 -0.276791 -0.271862 -0.267456 -0.262937 -0.257666 -0.252003 -0.246337 -0.240515 -0.234766 -0.229149 -0.223791 -0.218178 -0.21239 -0.206219 -0.199937 -0.194507 -0.189577 -0.185092 -0.180584 -0.176164 -0.170919 -0.16566 -0.160992 -0.156773 -0.152345 -0.147305 -0.141939 -0.136212 -0.130261 -0.124713 -0.119757
0.00865423 0.0184975 0.0266776 0.0303909 0.0333317 0.0441637 0.0619733 0.0642004 0.0526035 0.031 0.032144 0.0441255 0.0482837 0.0444493 0.0356365 -0.00800261 -0.0860381 -0.180617 -0.289717 -0.341568 -0.34093 -0.338256 -0.333843 -0.326829 -0.316731 -0.305273 -0.294112 -0.284382 -0.276878 -0.271296 -0.266985 -0.26307 -0.258813 -0.253853 -0.248361 -0.242635 -0.236703 -0.230611 -0.224539 -0.218967 -0.21321 -0.207005 -0.200966 -0.195148 -0.190443 -0.186501 -0.182365 -0.178051 -0.173692 -0.168265 -0.162716 -0.157692 -0.15334 -0.1489 -0.143827 -0.13835 -0.132601 -0.126684 -0.121303 -0.116404
0.0201684 0.0375241 0.0386782 0.0406607 0.0493369 0.0587182 0.068922 0.0631303 0.0497304 0.0349144 0.038788 0.0442502 0.0366765 0.0162603 -0.012677 -0.0590588 -0.130031 -0.222738 -0.32351 -0.338773 -0.337531 -0.334478 -0.329655 -0.322283 -0.312413 -0.301054 -0.2899 -0.28019 -0.272477 -0.267019 -0.262857 -0.258991 -0.25465 -0.249945 -0.244879 -0.239308 -0.233406 -0.227121 -0.220551 -0.214281 -0.208102 -0.201908 -0.19584 -0.190485 -0.186159 -0.183076 -0.179445 -0.175359 -0.170737 -0.165432 -0.159633 -0.15424 -0.149573 -0.145061 -0.140025 -0.134249 -0.128469 -0.123137 -0.117957 -0.112944
0.0376377 0.0500894 0.0499966 0.0537436 0.0694539 0.0739378 0.0701026 0.0613159 0.054822 0.053832 0.0550509 0.0500177 0.0311446 -0.0015312 -0.0429382 -0.0903774 -0.153289 -0.274451 -0.335628 -0.33553 -0.333672 -0.330232 -0.325139 -0.317407 -0.307772 -0.297044 -0.286403 -0.276821 -0.269215 -0.263624 -0.259587 -0.255433 -0.251077 -0.246675 -0.241719 -0.235992 -0.230034 -0.223593 -0.216723 -0.209895 -0.203363 -0.197135 -0.191013 -0.185814 -0.182084 -0.179456 -0.175883 -0.1718 -0.167232 -0.161604 -0.155675 -0.150226 -0.145255 -0.140473 -0.135521 -0.129878 -0.124337 -0.11926 -0.114205 -0.109591
0.0509717 0.0591626 0.062013 0.0733982 0.090701 0.0919179 0.0824556 0.0717079 0.0755409 0.0749339 0.0732882 0.0588765 0.0363219 0.0050637 -0.0409282 -0.0948959 -0.189168 -0.32417 -0.332856 -0.331777 -0.329218 -0.325481 -0.32021 -0.312337 -0.303006 -0.29284 -0.282806 -0.273893 -0.266617 -0.261091 -0.256857 -0.252516 -0.248255 -0.243842 -0.238563 -0.23267 -0.226449 -0.219955 -0.212701 -0.205395 -0.198771 -0.192243 -0.186395 -0.181598 -0.178329 -0.17567 -0.172013 -0.167604 -0.16288 -0.157206 -0.151168 -0.145604 -0.140568 -0.135665 -0.130561 -0.12529 -0.120167 -0.115166 -0.110506 -0.106264
0.0573649 0.0630574 0.0686746 0.0872722 0.0975669 0.0905384 0.0813948 0.0849063 0.091791 0.0907397 0.0886032 0.0762313 0.0615293 0.0268643 -0.0292904 -0.10608 -0.263426 -0.33087 -0.329848 -0.327687 -0.324448 -0.320339 -0.314844 -0.30729 -0.298335 -0.288689 -0.279309 -0.271113 -0.264471 -0.25909 -0.254366 -0.25004 -0.245756 -0.240895 -0.235153 -0.22913 -0.222693 -0.215777 -0.20814 -0.200966 -0.194309 -0.187519 -0.182187 -0.17807 -0.17482 -0.171641 -0.167779 -0.163058 -0.157973 -0.152356 -0.146371 -0.140659 -0.135415 -0.13063 -0.125609 -0.120653 -0.115891 -0.111197 -0.106879 -0.103343
0.0505758 0.0529625 0.0645976 0.0848347 0.091037 0.0803875 0.07886 0.0921562 0.100732 0.108828 0.107587 0.103987 0.0883656 0.0346911 -0.0494919 -0.179668 -0.328009 -0.328918 -0.326833 -0.323582 -0.319648 -0.315128 -0.309394 -0.30233 -0.293839 -0.285017 -0.276339 -0.26866 -0.262664 -0.257104 -0.252022 -0.247632 -0.243124 -0.237572 -0.231382 -0.225158 -0.218626 -0.211042 -0.203329 -0.196489 -0.189866 -0.183417 -0.17856 -0.175028 -0.17144 -0.167456 -0.163054 -0.158281 -0.152797 -0.147108 -0.141202 -0.135495 -0.130189 -0.125552 -0.120752 -0.116176 -0.111725 -0.107483 -0.103681 -0.100734
0.029069 0.0389538 0.0592984 0.076308 0.0800323 0.0735343 0.081091 0.092306 0.10354 0.113058 0.114822 0.111863 0.0795173 -0.00584494 -0.136687 -0.303737 -0.327866 -0.325937 -0.322933 -0.319162 -0.314783 -0.310009 -0.30421 -0.29712 -0.289733 -0.281808 -0.274121 -0.266757 -0.260393 -0.254848 -0.249854 -0.245228 -0.240014 -0.234052 -0.227512 -0.220916 -0.213761 -0.206203 -0.198851 -0.19211 -0.185605 -0.18006 -0.175731 -0.171911 -0.167915 -0.163316 -0.158239 -0.153158 -0.147617 -0.141643 -0.135791 -0.130269 -0.125461 -0.120741 -0.116172 -0.111941 -0.107908 -0.104255 -0.101016 -0.0985432
0.00909607 0.0297351 0.0512003 0.0621775 0.0659421 0.0662692 0.0783085 0.0897593 0.101747 0.106886 0.110237 0.0961279 0.0355131 -0.0882797 -0.248451 -0.327668 -0.325811 -0.322671 -0.318884 -0.314707 -0.309967 -0.304951 -0.298935 -0.292403 -0.285951 -0.279051 -0.27193 -0.264851 -0.2583 -0.252357 -0.24712 -0.242164 -0.236741 -0.230528 -0.22392 -0.216693 -0.209196 -0.201396 -0.194526 -0.188218 -0.182354 -0.17741 -0.173205 -0.168724 -0.164061 -0.159063 -0.15383 -0.148221 -0.142391 -0.136471 -0.130725 -0.125666 -0.121003 -0.116491 -0.112082 -0.108197 -0.104532 -0.101574 -0.0990559 -0.0971267
0.00550958 0.0225911 0.0335291 0.0376248 0.0482445 0.0570061 0.0711561 0.0845403 0.10027 0.105084 0.0978622 0.0606194 -0.0305871 -0.17811 -0.325373 -0.326901 -0.323677 -0.319591 -0.315144 -0.310359 -0.305349 -0.300029 -0.294044 -0.288298 -0.282639 -0.276297 -0.269454 -0.262565 -0.256018 -0.24974 -0.244173 -0.239012 -0.233467 -0.227379 -0.220874 -0.213423 -0.205353 -0.197522 -0.190743 -0.184819 -0.179608 -0.174827 -0.1703 -0.165447 -0.160354 -0.155189 -0.149675 -0.143865 -0.1378 -0.132255 -0.126798 -0.121888 -0.117478 -0.113339 -0.109078 -0.105204 -0.102094 -0.0996369 -0.0977267 -0.0961697
0.0143512 0.0233908 0.0236398 0.0310193 0.0406083 0.0451254 0.0584104 0.0793909 0.096341 0.0981639 0.0722201 0.00507883 -0.114835 -0.276873 -0.328739 -0.325918 -0.321691 -0.316746 -0.311767 -0.30639 -0.30099 -0.295445 -0.28979 -0.284534 -0.279351 -0.273381 -0.266685 -0.259937 -0.25345 -0.246926 -0.241036 -0.235863 -0.230319 -0.224459 -0.218029 -0.210761 -0.202725 -0.194924 -0.187982 -0.181959 -0.176988 -0.172203 -0.167311 -0.162375 -0.157251 -0.151809 -0.146071 -0.140075 -0.134272 -0.128849 -0.123859 -0.119058 -0.114972 -0.111208 -0.107096 -0.103378 -0.100438 -0.0983381 -0.0967241 -0.0955544
0.0385958 0.0418808 0.0374478 0.0415167 0.0406157 0.041475 0.0612987 0.0851488 0.0934573 0.0786922 0.0280539 -0.0677375 -0.20185 -0.329886 -0.328341 -0.324672 -0.319716 -0.314126 -0.308638 -0.302828 -0.297021 -0.291192 -0.285886 -0.280813 -0.275857 -0.270111 -0.263716 -0.257195 -0.250682 -0.244028 -0.238108 -0.232768 -0.227459 -0.221622 -0.215242 -0.208349 -0.200936 -0.193257 -0.186201 -0.179692 -0.174375 -0.169377 -0.164334 -0.159519 -0.154665 -0.14906 -0.14323 -0.137158 -0.131473 -0.126247 -0.121671 -0.117083 -0.113305 -0.109932 -0.10607 -0.102516 -0.0998041 -0.0978407 -0.0963899 -0.0954215
0.070887 0.0631545 0.0579179 0.0541558 0.0497872 0.0518734 0.069411 0.0827699 0.0792613 0.0444437 -0.0250012 -0.132711 -0.256478 -0.330091 -0.327672 -0.323259 -0.317536 -0.311369 -0.305456 -0.299205 -0.29298 -0.287048 -0.281599 -0.276658 -0.272127 -0.26675 -0.260772 -0.254502 -0.247765 -0.241583 -0.235761 -0.230186 -0.22488 -0.21904 -0.212686 -0.206112 -0.199144 -0.192126 -0.184777 -0.177888 -0.171857 -0.166415 -0.161437 -0.156963 -0.152379 -0.146964 -0.141199 -0.135244 -0.129255 -0.124341 -0.119905 -0.115652 -0.112279 -0.109275 -0.105865 -0.10221 -0.0986835 -0.0958406 -0.0930779 -0.0856138
0.0938662 0.0809949 0.0711396 0.0673027 0.0626502 0.0646978 0.0734678 0.0714149 0.0524981 0.00641012 -0.0699254 -0.182035 -0.296283 -0.329749 -0.326814 -0.321672 -0.315307 -0.308585 -0.302194 -0.295787 -0.289232 -0.283019 -0.277471 -0.272515 -0.26806 -0.263112 -0.257324 -0.251157 -0.244879 -0.238928 -0.233106 -0.227429 -0.221858 -0.216351 -0.210351 -0.203849 -0.197309 -0.190743 -0.183414 -0.176244 -0.169807 -0.16397 -0.159002 -0.154832 -0.150617 -0.145532 -0.140059 -0.133881 -0.127683 -0.122507 -0.118303 -0.11444 -0.111683 -0.109078 -0.105734 -0.100487 -0.0944927 -0.087608 -0.0754953 -0.0663491
0.104936 0.0937999 0.0792615 0.0776507 0.0697949 0.074608 0.081162 0.0628424 0.0289965 -0.0221254 -0.109825 -0.227754 -0.322925 -0.328868 -0.325728 -0.319788 -0.312743 -0.305627 -0.299076 -0.292585 -0.285564 -0.278902 -0.273312 -0.268497 -0.264103 -0.259333 -0.253872 -0.247746 -0.242004 -0.236444 -0.230714 -0.224808 -0.219002 -0.213153 -0.207442 -0.201472 -0.195335 -0.189182 -0.18202 -0.174656 -0.168212 -0.162291 -0.157362 -0.153382 -0.149208 -0.144351 -0.138472 -0.132118 -0.126027 -0.120972 -0.116715 -0.113339 -0.11117 -0.108944 -0.10478 -0.0980789 -0.0899053 -0.078805 -0.0634744 -0.0536319
0.114221 0.0949017 0.0803832 0.0778159 0.0762608 0.087413 0.0875792 0.0589072 0.015462 -0.0491173 -0.155659 -0.274204 -0.328219 -0.327433 -0.323992 -0.317642 -0.309975 -0.302664 -0.296011 -0.289331 -0.282043 -0.275203 -0.26948 -0.264748 -0.260533 -0.255923 -0.250591 -0.244833 -0.239395 -0.233915 -0.22804 -0.222051 -0.216366 -0.210256 -0.204688 -0.199121 -0.193443 -0.187568 -0.180683 -0.173543 -0.167106 -0.161144 -0.15642 -0.152425 -0.147951 -0.142904 -0.137002 -0.130679 -0.124736 -0.119852 -0.1158 -0.11286 -0.111095 -0.108137 -0.102363 -0.0934068 -0.0852013 -0.070841 -0.0579131 -0.0494716
0.106994 0.0864889 0.0803452 0.0788699 0.0819404 0.0891468 0.0783236 0.0451796 -0.00657532 -0.092501 -0.216251 -0.321624 -0.326651 -0.325044 -0.321258 -0.315052 -0.307191 -0.300002 -0.293015 -0.286008 -0.278933 -0.27215 -0.266332 -0.261452 -0.257411 -0.253078 -0.247705 -0.242285 -0.236934 -0.231325 -0.225177 -0.219294 -0.213932 -0.207859 -0.202269 -0.19696 -0.191677 -0.185924 -0.17946 -0.172738 -0.166408 -0.160719 -0.156036 -0.15173 -0.146929 -0.141449 -0.135578 -0.129506 -0.123775 -0.119089 -0.115595 -0.112536 -0.10912 -0.106002 -0.102288 -0.0965155 -0.0861758 -0.0687549 -0.0584293 -0.0492366
0.0939054 0.0799456 0.0761813 0.0770036 0.0787195 0.0776357 0.0555108 0.0153065 -0.0531089 -0.156187 -0.284064 -0.3252 -0.324493 -0.322131 -0.317954 -0.311836 -0.304689 -0.297811 -0.290557 -0.283429 -0.276324 -0.269507 -0.26367 -0.25906 -0.254844 -0.250272 -0.245194 -0.239813 -0.2345 -0.228959 -0.222936 -0.217198 -0.211596 -0.205755 -0.200002 -0.195042 -0.189919 -0.18428 -0.178355 -0.172165 -0.16618 -0.160669 -0.155831 -0.151118 -0.146045 -0.140242 -0.134295 -0.128465 -0.123152 -0.118808 -0.115621 -0.108097 -0.103238 -0.106344 -0.105865 -0.102322 -0.0937855 -0.075673 -0.061876 -0.0471861
0.0801347 0.0688729 0.0672796 0.0696238 0.0713851 0.0613996 0.0295498 -0.0234937 -0.105813 -0.208723 -0.316242 -0.323798 -0.322287 -0.31912 -0.314517 -0.308893 -0.302383 -0.295662 -0.288537 -0.281363 -0.274273 -0.267756 -0.262128 -0.257313 -0.252573 -0.247659 -0.242836 -0.237929 -0.232666 -0.227091 -0.221425 -0.215428 -0.209583 -0.203496 -0.19786 -0.192991 -0.188157 -0.182871 -0.177474 -0.172013 -0.166187 -0.160586 -0.155516 -0.150473 -0.144844 -0.138928 -0.133045 -0.12788 -0.123065 -0.118868 -0.114091 -0.10604 -0.101636 -0.107032 -0.105306 -0.102136 -0.0871611 -0.0754222 -0.0634263 -0.0453051
0.0552001 0.0530738 0.0566122 0.0593069 0.0610807 0.0425684 0.00207352 -0.0612518 -0.142622 -0.239735 -0.323229 -0.322564 -0.320434 -0.316925 -0.312193 -0.306827 -0.300709 -0.293998 -0.286878 -0.280038 -0.273043 -0.266795 -0.261088 -0.255968 -0.250541 -0.245312 -0.240565 -0.23597 -0.230873 -0.225294 -0.219624 -0.213617 -0.207434 -0.20108 -0.195399 -0.190781 -0.186083 -0.181355 -0.176475 -0.17177 -0.166658 -0.160863 -0.155239 -0.149683 -0.143823 -0.137853 -0.132487 -0.127497 -0.123076 -0.117611 -0.109649 -0.100502 -0.100988 -0.102156 -0.0995106 -0.0933289 -0.0794749 -0.0735888 -0.063094 -0.046932
0.0327969 0.0382931 0.0391486 0.0436311 0.0430492 0.0196589 -0.0273743 -0.0944326 -0.164644 -0.240329 -0.319859 -0.3219 -0.319222 -0.315482 -0.310886 -0.305543 -0.299566 -0.292825 -0.285826 -0.279107 -0.272253 -0.266116 -0.260336 -0.254673 -0.248791 -0.243257 -0.238305 -0.233771 -0.22899 -0.223665 -0.218007 -0.211824 -0.20533 -0.199041 -0.193459 -0.188757 -0.184223 -0.179962 -0.175784 -0.171447 -0.166598 -0.16092 -0.154923 -0.148855 -0.142949 -0.13723 -0.132263 -0.127588 -0.122317 -0.115349 -0.105647 -0.0983372 -0.100649 -0.0967794 -0.0945886 -0.0866717 -0.0782563 -0.0739606 -0.061853 -0.0499969
0.00658916 0.0125755 0.0148376 0.0209462 0.0177063 -0.0047615 -0.0550488 -0.104551 -0.149817 -0.217886 -0.293374 -0.32212 -0.318596 -0.314365 -0.309914 -0.304601 -0.298681 -0.292114 -0.285241 -0.278261 -0.271626 -0.265481 -0.259625 -0.253268 -0.247078 -0.241252 -0.235981 -0.231352 -0.226901 -0.222009 -0.216537 -0.210164 -0.203663 -0.197587 -0.192285 -0.187401 -0.182962 -0.17883 -0.17518 -0.170923 -0.165899 -0.160328 -0.154179 -0.14786 -0.142095 -0.136805 -0.132312 -0.127055 -0.119594 -0.111142 -0.106176 -0.102568 -0.0979039 -0.0922493 -0.0892706 -0.0811593 -0.0771749 -0.0740225 -0.0612893 -0.0512289
-0.0231692 -0.0226556 -0.0178444 -0.00837269 -0.010323 -0.0373821 -0.0763357 -0.0986589 -0.139017 -0.207727 -0.304214 -0.321295 -0.318448 -0.313894 -0.309257 -0.304001 -0.298119 -0.291632 -0.284903 -0.278037 -0.271254 -0.265174 -0.258684 -0.251745 -0.24519 -0.239258 -0.233623 -0.228822 -0.224592 -0.220073 -0.215022 -0.209048 -0.202679 -0.196774 -0.191662 -0.186881 -0.182403 -0.178234 -0.174402 -0.170122 -0.164832 -0.159162 -0.153036 -0.146948 -0.14129 -0.136596 -0.132498 -0.125473 -0.116504 -0.105753 -0.102116 -0.0995619 -0.0890686 -0.083819 -0.0809641 -0.0776411 -0.0755764 -0.07199 -0.058211 -0.0485767
