wasim_mod/input/grids/GRD/_2
ncols	193
nrows	326
xllcorner	39436.98047
yllcorner	214976.5781
cellsize	25.0198
nodata_value	-9999
[rows 208 to 233 of 326, columns 120 to 179 of 193]
-0.119415 -0.0881449 -0.0559162 -0.0284056 -0.00544699 0.0114802 0.0263843 0.0369598 0.0412713 0.0458749 0.0318897 -0.00523247 -0.0408622 -0.0539127 -0.0527914 -0.071702 -0.105358 -0.135229 -0.158901 -0.181437 -0.20349 -0.229475 -0.277735 -0.302808 -0.316602 -0.342731 -0.342636 -0.336765 -0.332499 -0.315434 -0.291323 -0.282902 -0.283156 -0.284261 -0.296478 -0.296801 -0.290623 -0.276759 -0.232689 -0.17431 -0.141052 -0.138372 -0.142598 -0.139668 -0.141127 -0.13198 -0.116875 -0.13217 -0.129845 -0.0973791 -0.0859148 -0.103455 -0.120595 -0.11321 -0.10616 -0.105835 -0.114765 -0.110473 -0.0861757 -0.0799759
-0.0693968 -0.0349474 -0.0106578 0.00708039 0.0284431 0.046683 0.0606514 0.0652697 0.0580637 0.0462137 0.0169261 -0.0266258 -0.0604971 -0.0700614 -0.067121 -0.0840957 -0.112249 -0.136237 -0.152485 -0.178356 -0.190341 -0.209035 -0.236919 -0.265979 -0.306721 -0.346127 -0.349526 -0.346903 -0.342687 -0.315204 -0.296605 -0.292756 -0.298749 -0.307074 -0.316351 -0.313044 -0.302859 -0.272141 -0.222642 -0.175137 -0.155225 -0.15612 -0.157704 -0.154104 -0.146819 -0.115389 -0.0855732 -0.102044 -0.12372 -0.124621 -0.146341 -0.181566 -0.186087 -0.177307 -0.179057 -0.180229 -0.183322 -0.164711 -0.137242 -0.134242
-0.0184375 0.00210586 0.0129556 0.0334811 0.0604275 0.0825866 0.0908709 0.0892596 0.0782939 0.0554872 0.0168364 -0.0337151 -0.0571317 -0.0638721 -0.0644773 -0.0752583 -0.0979066 -0.115807 -0.139644 -0.167805 -0.178215 -0.199652 -0.220875 -0.260623 -0.314971 -0.351483 -0.36214 -0.362916 -0.354819 -0.33524 -0.322787 -0.327756 -0.332152 -0.336394 -0.332158 -0.319521 -0.29929 -0.246259 -0.208511 -0.179335 -0.174007 -0.174443 -0.177545 -0.187867 -0.176085 -0.134735 -0.10914 -0.122398 -0.139686 -0.164455 -0.210592 -0.234114 -0.231651 -0.230012 -0.228853 -0.221395 -0.210054 -0.186173 -0.170802 -0.170589
0.01554 0.0201112 0.0289477 0.0537648 0.0849068 0.107699 0.117712 0.105895 0.0868838 0.0619158 0.0255235 -0.0101197 -0.0244837 -0.0303142 -0.0323293 -0.0460244 -0.064818 -0.0911361 -0.126816 -0.156218 -0.170114 -0.196993 -0.227446 -0.278792 -0.333041 -0.37344 -0.387088 -0.384684 -0.376511 -0.360433 -0.359866 -0.366983 -0.363437 -0.353026 -0.336654 -0.314501 -0.268448 -0.217675 -0.197046 -0.178513 -0.17349 -0.162178 -0.168755 -0.193053 -0.187682 -0.169738 -0.166015 -0.177291 -0.188594 -0.22247 -0.24831 -0.25689 -0.248739 -0.241658 -0.230046 -0.21983 -0.206028 -0.189693 -0.178745 -0.176843
0.025882 0.0246046 0.0412801 0.0820091 0.117939 0.136956 0.144416 0.123973 0.0998131 0.0730674 0.0402292 0.0203509 0.00806561 0.00215533 -0.000939318 -0.0111346 -0.0298604 -0.0662732 -0.109437 -0.139548 -0.163081 -0.198877 -0.23754 -0.292599 -0.357249 -0.40276 -0.408122 -0.407599 -0.400183 -0.390475 -0.391728 -0.392077 -0.381327 -0.35777 -0.333743 -0.306594 -0.236901 -0.198294 -0.186221 -0.163632 -0.147689 -0.128493 -0.132936 -0.161221 -0.174371 -0.187512 -0.19889 -0.21385 -0.234516 -0.25557 -0.265263 -0.262502 -0.251787 -0.233699 -0.223951 -0.215033 -0.200013 -0.188143 -0.17847 -0.179665
0.030224 0.0374682 0.074143 0.120018 0.146891 0.16034 0.160193 0.131574 0.1051 0.0820497 0.0570654 0.0471042 0.0431507 0.0373812 0.0330465 0.0273693 0.00357934 -0.0319656 -0.0764114 -0.111854 -0.154484 -0.193413 -0.235535 -0.300247 -0.362652 -0.418247 -0.419832 -0.415457 -0.407449 -0.405495 -0.402848 -0.39954 -0.381532 -0.353316 -0.325371 -0.281855 -0.21791 -0.190802 -0.17324 -0.13679 -0.108732 -0.0882814 -0.0940906 -0.132837 -0.16023 -0.18044 -0.191145 -0.210195 -0.240561 -0.261025 -0.265834 -0.259043 -0.25211 -0.243322 -0.236475 -0.219122 -0.203811 -0.189405 -0.185678 -0.182305
0.0444738 0.0675545 0.110185 0.147853 0.160666 0.165319 0.152858 0.119549 0.0957089 0.0874735 0.0744231 0.0687585 0.0660146 0.0630047 0.0577489 0.0480349 0.0205487 -0.00940367 -0.0466761 -0.0907671 -0.136996 -0.175721 -0.225781 -0.288592 -0.351619 -0.409585 -0.423158 -0.412909 -0.403174 -0.404431 -0.39928 -0.389603 -0.363019 -0.337591 -0.306168 -0.256233 -0.198093 -0.171371 -0.146971 -0.102294 -0.0671839 -0.0601824 -0.0956545 -0.15686 -0.189411 -0.194414 -0.193201 -0.213462 -0.243379 -0.258745 -0.264072 -0.261217 -0.262233 -0.258596 -0.251719 -0.233367 -0.219086 -0.198348 -0.190272 -0.175763
0.0659405 0.0948871 0.132428 0.161756 0.159902 0.150309 0.128722 0.0982716 0.0851082 0.0848719 0.0773893 0.0722042 0.0733002 0.07513 0.0696197 0.0581668 0.0306242 0.000856629 -0.0374806 -0.0847113 -0.124213 -0.170065 -0.224541 -0.279532 -0.342284 -0.3896 -0.415543 -0.411583 -0.402605 -0.39491 -0.38149 -0.357834 -0.322661 -0.295963 -0.261245 -0.219277 -0.163567 -0.134264 -0.0992512 -0.0498824 -0.0292099 -0.0683639 -0.151717 -0.231496 -0.241045 -0.22005 -0.221392 -0.243339 -0.259704 -0.275846 -0.285354 -0.286878 -0.280075 -0.270705 -0.257049 -0.225314 -0.213197 -0.196246 -0.187791 -0.173379
0.0827922 0.109228 0.143071 0.158782 0.143614 0.125365 0.104733 0.0823644 0.0735325 0.0683748 0.0597239 0.0578556 0.0718498 0.074938 0.0725502 0.0627016 0.0372097 -0.000107502 -0.0446627 -0.0897724 -0.131035 -0.183629 -0.232183 -0.275055 -0.32677 -0.364935 -0.373573 -0.39639 -0.396414 -0.356696 -0.326286 -0.294454 -0.264444 -0.240821 -0.216955 -0.177479 -0.127374 -0.102831 -0.0617511 -0.0152563 -0.0304829 -0.120278 -0.231467 -0.288637 -0.266039 -0.235362 -0.250005 -0.265801 -0.286886 -0.305282 -0.308185 -0.300609 -0.284311 -0.272885 -0.239359 -0.215546 -0.210388 -0.198144 -0.184851 -0.17643
0.0822375 0.104956 0.135971 0.141966 0.120442 0.108812 0.0982717 0.0784997 0.05833 0.0453856 0.0296116 0.035612 0.0542174 0.0571726 0.0591212 0.0464887 0.0217659 -0.0137379 -0.0598929 -0.104566 -0.151088 -0.195974 -0.233209 -0.266408 -0.301158 -0.32364 -0.31861 -0.343969 -0.341128 -0.294468 -0.260423 -0.230744 -0.207266 -0.196244 -0.183373 -0.150882 -0.117883 -0.0956892 -0.0537687 -0.0196464 -0.0615784 -0.177997 -0.274743 -0.291853 -0.225613 -0.22371 -0.261155 -0.288625 -0.309477 -0.317327 -0.306861 -0.290251 -0.275675 -0.254278 -0.221858 -0.208415 -0.206598 -0.195781 -0.181333 -0.174761
0.073343 0.0936672 0.116949 0.117608 0.104877 0.102493 0.0952861 0.0709611 0.0433319 0.0140923 -0.00994339 -0.00341878 0.0110522 0.0103392 0.0100752 0.0015165 -0.0213905 -0.0591355 -0.103626 -0.144812 -0.187937 -0.21687 -0.233795 -0.254315 -0.275262 -0.277611 -0.262458 -0.280375 -0.2726 -0.233542 -0.197477 -0.175185 -0.163325 -0.172303 -0.171294 -0.16344 -0.148647 -0.125715 -0.0886003 -0.0593598 -0.0966875 -0.196408 -0.261975 -0.208942 -0.161089 -0.212906 -0.274373 -0.308481 -0.323648 -0.315772 -0.296926 -0.272744 -0.248277 -0.224375 -0.199268 -0.192601 -0.197654 -0.18655 -0.169802 -0.151389
0.0736429 0.0887327 0.104642 0.105289 0.103689 0.102821 0.0871012 0.0544537 0.019112 -0.026052 -0.0444682 -0.0430122 -0.0415097 -0.0540255 -0.0537716 -0.0531546 -0.0797647 -0.123932 -0.158682 -0.194602 -0.228184 -0.241672 -0.247494 -0.253582 -0.255814 -0.234771 -0.210403 -0.218221 -0.217224 -0.182411 -0.148572 -0.129555 -0.142489 -0.170395 -0.187171 -0.195327 -0.181574 -0.169627 -0.149137 -0.122737 -0.140668 -0.192029 -0.207303 -0.158181 -0.165566 -0.243873 -0.298797 -0.323625 -0.328747 -0.313358 -0.284599 -0.241915 -0.208386 -0.180469 -0.168561 -0.180822 -0.192845 -0.171482 -0.138291 -0.113345
0.0903805 0.102544 0.112255 0.116828 0.120088 0.112088 0.0799379 0.0414478 -0.00195532 -0.050416 -0.0712369 -0.0827123 -0.0999268 -0.117114 -0.111282 -0.109996 -0.140162 -0.174962 -0.205461 -0.238063 -0.255762 -0.260153 -0.252591 -0.239024 -0.223274 -0.187157 -0.157212 -0.161213 -0.157289 -0.128396 -0.108334 -0.108459 -0.150414 -0.191743 -0.228628 -0.234629 -0.22341 -0.222982 -0.207265 -0.18907 -0.199604 -0.234183 -0.259712 -0.250023 -0.267371 -0.313739 -0.335482 -0.335234 -0.326332 -0.305598 -0.255428 -0.206708 -0.175014 -0.159024 -0.15717 -0.168963 -0.163567 -0.133873 -0.110864 -0.102526
0.121699 0.129533 0.135612 0.145435 0.14481 0.123415 0.0813366 0.0438137 -0.00484198 -0.0545471 -0.0895129 -0.119093 -0.148689 -0.161937 -0.157306 -0.162553 -0.194881 -0.218958 -0.249313 -0.269059 -0.270481 -0.260715 -0.235138 -0.211867 -0.186947 -0.147333 -0.120493 -0.120559 -0.114686 -0.0969298 -0.0918101 -0.114522 -0.175379 -0.231151 -0.270651 -0.27161 -0.275286 -0.273254 -0.25326 -0.244338 -0.268289 -0.317725 -0.340404 -0.344168 -0.362618 -0.373929 -0.36365 -0.344651 -0.32091 -0.284024 -0.217237 -0.176001 -0.152439 -0.144103 -0.15376 -0.163483 -0.142549 -0.11854 -0.113165 -0.126986
0.15255 0.15617 0.163786 0.168817 0.16009 0.133637 0.0934868 0.052582 0.00707477 -0.0383408 -0.0893997 -0.131802 -0.162629 -0.177772 -0.185434 -0.20761 -0.236857 -0.256585 -0.276282 -0.276186 -0.262497 -0.236464 -0.206869 -0.185715 -0.157294 -0.125148 -0.106592 -0.103851 -0.101033 -0.0927272 -0.0980152 -0.137039 -0.210551 -0.272234 -0.299294 -0.304006 -0.312021 -0.300988 -0.2794 -0.283479 -0.327125 -0.374898 -0.401954 -0.409274 -0.41019 -0.398221 -0.375367 -0.348249 -0.311929 -0.254227 -0.19562 -0.161821 -0.137725 -0.133264 -0.153908 -0.152839 -0.128824 -0.119083 -0.134474 -0.171384
0.179679 0.183818 0.186124 0.180306 0.166656 0.1385 0.100416 0.0653013 0.0367346 -0.0132787 -0.081685 -0.137617 -0.172225 -0.190438 -0.201933 -0.232541 -0.247902 -0.261717 -0.259318 -0.245301 -0.223334 -0.19761 -0.17866 -0.157432 -0.133629 -0.116071 -0.106526 -0.107539 -0.107613 -0.10675 -0.11979 -0.163083 -0.239744 -0.293779 -0.318223 -0.319523 -0.313301 -0.295109 -0.282906 -0.305746 -0.352101 -0.389888 -0.417567 -0.426412 -0.42193 -0.404122 -0.376751 -0.342334 -0.301444 -0.245148 -0.202139 -0.168836 -0.140264 -0.1435 -0.161944 -0.145005 -0.131174 -0.140774 -0.1759 -0.223902
0.19052 0.192774 0.189739 0.180139 0.159683 0.130824 0.0923425 0.0665462 0.0398736 -0.029043 -0.121783 -0.183782 -0.204803 -0.198072 -0.208726 -0.234192 -0.247313 -0.250608 -0.23473 -0.211747 -0.190502 -0.16935 -0.151592 -0.137858 -0.127357 -0.118824 -0.107661 -0.112085 -0.11336 -0.113373 -0.125631 -0.169256 -0.243494 -0.296001 -0.321143 -0.314264 -0.302418 -0.280874 -0.277576 -0.311159 -0.351836 -0.380245 -0.405591 -0.42285 -0.41798 -0.402087 -0.372828 -0.339305 -0.301903 -0.259854 -0.233185 -0.19692 -0.165574 -0.176187 -0.186096 -0.163012 -0.163998 -0.190366 -0.232495 -0.262351
0.187222 0.187366 0.181038 0.16426 0.139018 0.106814 0.0665843 0.0460254 0.0111782 -0.0827989 -0.187688 -0.225533 -0.214044 -0.197061 -0.201953 -0.214849 -0.227324 -0.215191 -0.19236 -0.170147 -0.150419 -0.130482 -0.117422 -0.118734 -0.11775 -0.112887 -0.104544 -0.10978 -0.111697 -0.113803 -0.126101 -0.161953 -0.223963 -0.278087 -0.299814 -0.294468 -0.294457 -0.281251 -0.274932 -0.312614 -0.348955 -0.369427 -0.394609 -0.411347 -0.407291 -0.39444 -0.371426 -0.341094 -0.301815 -0.281785 -0.263654 -0.22272 -0.204888 -0.226721 -0.230583 -0.212666 -0.225096 -0.253326 -0.271778 -0.286509
0.182466 0.175748 0.160386 0.138122 0.10984 0.0695838 0.0266148 0.00534279 -0.0417469 -0.151793 -0.233436 -0.23098 -0.20874 -0.190858 -0.183197 -0.184814 -0.180456 -0.150551 -0.126157 -0.113128 -0.0960915 -0.0881792 -0.0923909 -0.10145 -0.102244 -0.096998 -0.0895371 -0.0857657 -0.0871199 -0.093565 -0.110153 -0.139185 -0.199766 -0.265174 -0.283546 -0.285465 -0.302062 -0.296185 -0.294269 -0.334558 -0.358211 -0.374244 -0.392413 -0.400063 -0.398358 -0.385617 -0.368338 -0.339747 -0.308299 -0.303958 -0.288116 -0.26512 -0.269568 -0.289378 -0.291336 -0.286609 -0.296638 -0.30194 -0.306971 -0.303671
0.171969 0.153531 0.135708 0.11392 0.077712 0.0266153 -0.0200899 -0.0546569 -0.120891 -0.202791 -0.22918 -0.221842 -0.213482 -0.186059 -0.166776 -0.154153 -0.125283 -0.0825732 -0.0596966 -0.0591639 -0.0496033 -0.0613606 -0.07649 -0.0871959 -0.0845289 -0.0700995 -0.0536873 -0.0443944 -0.0472019 -0.0590819 -0.0793017 -0.116624 -0.186816 -0.261437 -0.28257 -0.304781 -0.330895 -0.323137 -0.325586 -0.352657 -0.372998 -0.383622 -0.390251 -0.394313 -0.39084 -0.377464 -0.360963 -0.332228 -0.319543 -0.319733 -0.310222 -0.30515 -0.31543 -0.32916 -0.332849 -0.335063 -0.339663 -0.33947 -0.335555 -0.323405
0.148398 0.120115 0.106696 0.0818772 0.0301473 -0.0304069 -0.0845913 -0.142327 -0.205052 -0.232031 -0.247544 -0.262173 -0.247252 -0.202628 -0.16754 -0.134295 -0.0879112 -0.0381943 -0.0165457 -0.0158891 -0.0229824 -0.0459165 -0.0514018 -0.0583693 -0.0505869 -0.0241474 -0.00805033 -0.00575714 -0.0136233 -0.0315734 -0.0534683 -0.106078 -0.184513 -0.263454 -0.303036 -0.344962 -0.362384 -0.353085 -0.351999 -0.366197 -0.387416 -0.391711 -0.391971 -0.394494 -0.386796 -0.372701 -0.348909 -0.323024 -0.325849 -0.328104 -0.325679 -0.326362 -0.339268 -0.349979 -0.35351 -0.354426 -0.356108 -0.3605 -0.355454 -0.346943
0.134277 0.106176 0.0879963 0.047684 -0.0202333 -0.088311 -0.156559 -0.220209 -0.254055 -0.272075 -0.303943 -0.327351 -0.291132 -0.223139 -0.159023 -0.104459 -0.0581572 -0.0186559 0.000681192 0.00971937 -0.00291569 -0.00977052 -0.0163829 -0.013829 0.00267453 0.0253766 0.0341396 0.0278332 0.0108684 -0.0102022 -0.0480274 -0.109212 -0.188436 -0.276896 -0.325432 -0.365311 -0.372279 -0.359825 -0.362177 -0.384177 -0.398462 -0.394515 -0.39055 -0.393282 -0.387717 -0.370334 -0.341839 -0.319096 -0.325649 -0.335151 -0.337412 -0.343234 -0.349565 -0.353837 -0.356761 -0.361118 -0.36655 -0.368107 -0.364582 -0.356716
0.0925335 0.0880628 0.0740267 0.0143784 -0.0606934 -0.139756 -0.208316 -0.254111 -0.270057 -0.283819 -0.318378 -0.328981 -0.292236 -0.213657 -0.130842 -0.0722546 -0.0422985 -0.0183785 0.0101843 0.0159028 0.0118926 0.0138395 0.0139026 0.0242002 0.0364553 0.0489126 0.049799 0.0374094 0.0154589 -0.013573 -0.0668273 -0.125227 -0.212692 -0.296162 -0.337715 -0.365883 -0.355791 -0.355927 -0.371711 -0.391066 -0.394799 -0.385072 -0.384936 -0.390954 -0.386827 -0.36474 -0.34109 -0.326071 -0.338366 -0.348187 -0.349721 -0.354064 -0.353299 -0.353804 -0.352358 -0.356479 -0.360623 -0.361198 -0.357453 -0.356917
0.0437193 0.0731255 0.0581189 -0.0223848 -0.104696 -0.185425 -0.233232 -0.263229 -0.269035 -0.26495 -0.276363 -0.265195 -0.235674 -0.158683 -0.0811104 -0.0448392 -0.0361575 -0.0142968 0.0144046 0.014603 0.0189401 0.0236945 0.0312723 0.0337194 0.0403224 0.0484769 0.0457097 0.0278793 -0.000724117 -0.0366329 -0.0845391 -0.147143 -0.23506 -0.298217 -0.342585 -0.364685 -0.357371 -0.363791 -0.375253 -0.387069 -0.384559 -0.375813 -0.383893 -0.391777 -0.384964 -0.361892 -0.34384 -0.339568 -0.356027 -0.357775 -0.358276 -0.357637 -0.357935 -0.351649 -0.347207 -0.346135 -0.345654 -0.348259 -0.345156 -0.35001
0.0941138 0.0808586 0.030926 -0.0717578 -0.160129 -0.222775 -0.252709 -0.270398 -0.264316 -0.243582 -0.222822 -0.187714 -0.153964 -0.0902436 -0.0393949 -0.0284082 -0.0276711 -0.00930061 0.005217 0.0119806 0.0245241 0.0320795 0.0295804 0.031883 0.0402431 0.0425457 0.0389716 0.0123391 -0.0208896 -0.0519434 -0.0931061 -0.158104 -0.228053 -0.291012 -0.342744 -0.365018 -0.371957 -0.376659 -0.38273 -0.389083 -0.380361 -0.375674 -0.386752 -0.396817 -0.388877 -0.36832 -0.354682 -0.360194 -0.367011 -0.365437 -0.365402 -0.365277 -0.362436 -0.352494 -0.343402 -0.336199 -0.33614 -0.333948 -0.335863 -0.337096
0.149539 0.104934 -0.00995273 -0.146523 -0.233333 -0.264621 -0.278597 -0.284824 -0.264262 -0.226759 -0.187882 -0.155327 -0.128875 -0.0682777 -0.0279807 -0.0230897 -0.021858 -0.0178526 -0.0117019 0.00676354 0.0299069 0.0352832 0.0321541 0.0415901 0.0450354 0.039954 0.0284219 -0.00415983 -0.0292706 -0.055269 -0.0975863 -0.148828 -0.210963 -0.289887 -0.342002 -0.368722 -0.386155 -0.393377 -0.401374 -0.397961 -0.384919 -0.383042 -0.398624 -0.406992 -0.39868 -0.384482 -0.374582 -0.382629 -0.383675 -0.37666 -0.373663 -0.373547 -0.363614 -0.355546 -0.339104 -0.327659 -0.326346 -0.322864 -0.330515 -0.323661
