wasim_mod/input/grids/GRD/fundus_25_svfdir.grd
ncols	193
nrows	326
xllcorner	39436.98047
yllcorner	214976.5781
cellsize	25.0198
nodata_value	-9999
[rows 0 to 32 of 326, columns 74 to 147 of 193]
1 1 1 1 1 1 1 1 1 1 1 1 1 1 1 1 1 1 1 1 1 1 1 1 1 1 1 1 1 1 1 1 1 1 1 1 1 1 1 1 1 1 1 1 1 1 1 1 1 1 1 1 1 1 1 1 1 1 1 1 1 1 1 1 1 1 1 1 1 1 1 1 1 1
1 1 1 1 1 1 1 1 1 1 1 1 1 1 1 1 1 1 1 1 1 1 1 1 1 1 1 1 1 1 1 1 1 1 1 1 1 1 1 1 1 1 1 1 1 1 1 1 1 1 1 1 1 1 1 1 1 1 1 1 1 1 1 1 1 1 1 1 1 1 1 1 1 1
1 1 1 1 1 1 1 1 1 1 1 1 1 1 1 1 1 1 1 1 1 1 1 1 1 1 1 1 1 1 1 1 1 1 1 1 1 1 1 1 1 1 1 1 1 1 1 1 1 1 1 1 1 1 1 1 1 1 1 1 1 1 1 1 1 1 1 1 1 1 1 1 1 1
0.989912 0.998579 1 1 1 1 1 1 1 1 1 1 1 1 1 1 1 1 1 1 1 1 1 1 1 1 1 1 1 1 1 1 1 1 1 1 1 1 1 1 1 1 1 1 1 1 1 1 1 1 1 1 1 1 1 1 1 1 1 1 1 1 1 1 1 1 1 1 1 1 1 1 1 1
0.879136 0.903356 0.914561 0.938998 0.955245 0.966106 0.974163 0.973863 0.963507 0.964925 0.97055 0.977544 0.98294 0.987668 0.995037 0.997516 0.999472 1 1 1 1 1 1 1 1 1 1 1 1 1 1 1 1 1 1 1 1 1 1 1 1 1 1 1 1 1 1 1 1 1 1 1 1 1 1 1 1 1 1 1 1 1 1 1 1 1 1 1 1 1 1 1 1 1
0.762255 0.787805 0.798984 0.826284 0.831772 0.839275 0.837714 0.835103 0.83665 0.844417 0.849103 0.866445 0.89299 0.926687 0.946765 0.957783 0.967036 0.971639 0.974955 0.973623 0.961357 0.961263 0.972027 0.984396 0.991607 1 1 1 1 1 1 0.995741 0.97078 0.953292 0.925528 0.921829 0.940136 0.964385 0.972986 0.985205 0.988554 0.99407 0.998456 1 1 1 1 1 1 1 1 1 1 1 1 1 0.994987 0.988138 0.98622 0.98563 0.987191 0.989864 0.994321 0.999197 1 1 1 1 1 1 1 1 1 1
0.674988 0.699326 0.716976 0.7357 0.73119 0.72933 0.72738 0.72376 0.731243 0.744041 0.760203 0.78485 0.810386 0.843329 0.872495 0.895652 0.89949 0.906807 0.904868 0.889541 0.878088 0.870069 0.883951 0.908655 0.929845 0.94654 0.958919 0.991543 1 0.980689 0.919312 0.875508 0.833401 0.809113 0.789988 0.796502 0.813233 0.845189 0.895809 0.922913 0.942845 0.954156 0.967608 0.973332 0.974717 0.973208 0.957465 0.934909 0.937715 0.965875 0.977025 0.981549 0.974014 0.970407 0.976598 0.973427 0.962171 0.950905 0.951853 0.953244 0.958415 0.971469 0.982075 0.990283 0.992973 0.996 0.998324 0.998227 1 1 1 1 1 1
0.618524 0.645488 0.666873 0.673015 0.660916 0.655975 0.652613 0.641829 0.654888 0.68446 0.714563 0.740971 0.769478 0.802098 0.812081 0.808127 0.806488 0.817389 0.814433 0.808234 0.804399 0.796405 0.809038 0.827162 0.85818 0.887754 0.901022 0.89053 0.862453 0.825152 0.78094 0.742365 0.712262 0.694293 0.682016 0.685974 0.723962 0.766571 0.82559 0.873122 0.899947 0.918432 0.928435 0.929002 0.910061 0.87798 0.849666 0.834925 0.855158 0.901003 0.924425 0.924325 0.916887 0.920976 0.92768 0.922448 0.921266 0.918071 0.919624 0.927882 0.940086 0.957297 0.973231 0.978325 0.979498 0.983178 0.984453 0.980812 0.977355 0.975061 0.976637 0.977939 0.984663 0.984859
0.583878 0.621911 0.648913 0.642518 0.631143 0.62617 0.612099 0.59959 0.634344 0.685252 0.716141 0.748318 0.77655 0.78862 0.761164 0.736477 0.74534 0.76495 0.765317 0.761829 0.752729 0.752192 0.764898 0.780611 0.804539 0.832045 0.840623 0.81837 0.767644 0.710616 0.65659 0.620211 0.607807 0.604243 0.60538 0.62748 0.689057 0.742243 0.799466 0.844086 0.874184 0.891212 0.893679 0.861521 0.819445 0.794637 0.780376 0.783781 0.81055 0.840125 0.851415 0.847957 0.841574 0.857638 0.855837 0.857155 0.8547 0.849948 0.866064 0.897446 0.920816 0.93604 0.95812 0.963477 0.967755 0.970146 0.964066 0.954488 0.934133 0.925021 0.924197 0.928293 0.922392 0.892827
0.583491 0.637924 0.665736 0.651119 0.64155 0.63508 0.620724 0.61444 0.659814 0.71761 0.759745 0.790459 0.800635 0.781846 0.726864 0.701365 0.72781 0.751482 0.746195 0.737397 0.731806 0.734503 0.743452 0.764093 0.785921 0.809911 0.810578 0.767597 0.694263 0.62575 0.569486 0.545931 0.546313 0.562476 0.584612 0.63292 0.702454 0.75912 0.807825 0.842945 0.865173 0.865663 0.840021 0.795145 0.766757 0.76141 0.75797 0.760542 0.767931 0.781045 0.78652 0.786231 0.787205 0.80277 0.800006 0.802157 0.795352 0.795826 0.832592 0.877306 0.900906 0.919656 0.938081 0.950038 0.958875 0.955788 0.922979 0.883397 0.853054 0.841117 0.852688 0.840178 0.816784 0.764971
0.623818 0.694463 0.714356 0.696272 0.696543 0.692454 0.674455 0.674978 0.711061 0.756692 0.784119 0.78134 0.763119 0.720424 0.681345 0.689384 0.730218 0.751739 0.75004 0.747043 0.744244 0.732917 0.731479 0.757564 0.781662 0.801178 0.794029 0.732738 0.652473 0.588026 0.547492 0.534116 0.539903 0.571115 0.613033 0.674867 0.744785 0.797256 0.830171 0.846542 0.850207 0.821419 0.780746 0.760675 0.765231 0.770241 0.75705 0.737262 0.728443 0.733473 0.733812 0.735673 0.754178 0.773781 0.7718 0.774939 0.781861 0.795706 0.832161 0.872065 0.890501 0.913634 0.925665 0.93957 0.949097 0.923702 0.8599 0.810392 0.771579 0.759674 0.766187 0.740747 0.708716 0.663082
0.703318 0.787012 0.786927 0.753594 0.752859 0.729795 0.706621 0.700181 0.711663 0.741913 0.72261 0.676506 0.645161 0.626989 0.632159 0.657806 0.702171 0.746704 0.768697 0.770577 0.758361 0.733013 0.744997 0.793839 0.827514 0.838772 0.809536 0.727767 0.648437 0.594263 0.557363 0.546353 0.566083 0.611821 0.666537 0.73312 0.798475 0.831713 0.843449 0.837468 0.813917 0.758616 0.71979 0.739559 0.771635 0.770526 0.738952 0.713719 0.703019 0.695946 0.689638 0.69794 0.741504 0.771715 0.785701 0.808143 0.830578 0.844325 0.866691 0.881093 0.897293 0.913924 0.9247 0.929818 0.929184 0.876645 0.802261 0.750003 0.702132 0.694637 0.692563 0.668665 0.641646 0.622588
0.7812 0.838298 0.796365 0.75778 0.743779 0.703758 0.66934 0.646191 0.653084 0.670059 0.615091 0.555419 0.548179 0.572042 0.591708 0.61516 0.672 0.739794 0.768432 0.765019 0.73798 0.713652 0.745351 0.81185 0.846934 0.840866 0.790223 0.711018 0.654358 0.615316 0.579088 0.571551 0.59952 0.641998 0.698982 0.761893 0.812855 0.836804 0.832588 0.816772 0.768451 0.705743 0.692061 0.754753 0.791136 0.766326 0.720185 0.691214 0.670604 0.666197 0.674439 0.709508 0.767445 0.808873 0.84525 0.871428 0.8859 0.892677 0.901617 0.906157 0.912436 0.918786 0.921728 0.92352 0.893883 0.821503 0.75175 0.695498 0.652506 0.651955 0.659082 0.648404 0.633172 0.649641
0.795641 0.781642 0.714983 0.696457 0.685216 0.634139 0.58324 0.563356 0.576594 0.571039 0.506038 0.472309 0.515461 0.562694 0.578028 0.617641 0.677733 0.734767 0.750429 0.747834 0.713797 0.693509 0.722035 0.777717 0.802606 0.777743 0.72738 0.678939 0.655879 0.62863 0.588446 0.576792 0.606888 0.648437 0.703216 0.753075 0.78834 0.799556 0.80125 0.796948 0.741364 0.694243 0.719382 0.805273 0.820178 0.756694 0.698158 0.674234 0.667357 0.678656 0.708764 0.770186 0.833405 0.865711 0.902355 0.918927 0.930858 0.933247 0.932437 0.928905 0.926509 0.923099 0.92422 0.921893 0.878448 0.797379 0.729872 0.675522 0.652566 0.656548 0.674111 0.677284 0.694494 0.744488
0.729761 0.672547 0.616615 0.625859 0.621748 0.555913 0.500883 0.495599 0.509831 0.489879 0.440414 0.450533 0.532265 0.586983 0.613118 0.666722 0.710142 0.73209 0.736976 0.735818 0.701162 0.678644 0.68783 0.714784 0.730786 0.704589 0.664521 0.647345 0.64429 0.617603 0.569404 0.559679 0.59705 0.647742 0.694742 0.723529 0.742546 0.753048 0.777434 0.778569 0.729063 0.711719 0.765598 0.837299 0.820015 0.748916 0.701884 0.693034 0.702287 0.725165 0.776577 0.847976 0.886054 0.92265 0.946103 0.955632 0.959891 0.957242 0.948085 0.940916 0.931149 0.9284 0.926716 0.918727 0.877098 0.805631 0.739706 0.694226 0.68223 0.687182 0.712837 0.735267 0.784614 0.833748
0.663278 0.616206 0.579696 0.591584 0.556867 0.479475 0.450378 0.464094 0.474759 0.456102 0.437562 0.487023 0.583321 0.645007 0.684326 0.710873 0.721614 0.7295 0.743584 0.725906 0.682393 0.659563 0.653034 0.670951 0.694897 0.666677 0.6299 0.626133 0.627134 0.593407 0.54464 0.547315 0.589638 0.646989 0.67891 0.685483 0.699965 0.731583 0.770316 0.764952 0.729669 0.742093 0.801502 0.827987 0.804963 0.770507 0.74895 0.751412 0.762264 0.792738 0.852559 0.893498 0.928442 0.957799 0.966 0.968904 0.966359 0.960603 0.952796 0.942641 0.932332 0.929224 0.925656 0.916877 0.898735 0.846623 0.780982 0.734534 0.715587 0.728601 0.759827 0.805252 0.857117 0.874814
0.612429 0.595152 0.57262 0.564049 0.508596 0.449535 0.435402 0.449916 0.468114 0.463153 0.481619 0.553362 0.637026 0.69791 0.719402 0.723587 0.741192 0.750867 0.749404 0.715115 0.67919 0.660255 0.658531 0.690008 0.70674 0.675761 0.650621 0.659491 0.648371 0.595206 0.556998 0.569523 0.604289 0.643817 0.651033 0.657093 0.690572 0.734179 0.7657 0.766543 0.755657 0.780773 0.81851 0.817434 0.826708 0.834554 0.830539 0.838352 0.844074 0.868182 0.902885 0.928224 0.952699 0.96477 0.966477 0.964684 0.959669 0.951851 0.944461 0.935822 0.936438 0.931714 0.930822 0.922863 0.91967 0.900759 0.824785 0.767762 0.747485 0.766958 0.801453 0.858419 0.896714 0.897527
0.599974 0.597655 0.575663 0.557875 0.514555 0.475518 0.461306 0.484882 0.520801 0.531302 0.574234 0.647388 0.718281 0.767578 0.772203 0.778514 0.798873 0.785412 0.752634 0.716475 0.685811 0.67298 0.683178 0.7019 0.711289 0.703322 0.703256 0.708536 0.677474 0.628612 0.611866 0.624961 0.641652 0.658638 0.65615 0.665644 0.692136 0.717694 0.741588 0.768118 0.784452 0.823857 0.858568 0.86765 0.88315 0.904758 0.910411 0.91258 0.904347 0.918199 0.934301 0.950429 0.962759 0.962697 0.961479 0.954997 0.947891 0.941232 0.931114 0.926533 0.930234 0.931717 0.936492 0.94094 0.941479 0.922061 0.831399 0.774434 0.764144 0.775075 0.818508 0.871812 0.906371 0.916257
0.622936 0.621203 0.603744 0.594383 0.574949 0.543889 0.531735 0.571892 0.62516 0.648097 0.699857 0.766983 0.824429 0.858318 0.854966 0.861203 0.858131 0.818582 0.768739 0.732001 0.705656 0.708821 0.711146 0.707976 0.717354 0.723196 0.73656 0.733275 0.707049 0.682216 0.683103 0.695647 0.695817 0.697274 0.691012 0.689281 0.696157 0.699294 0.720349 0.757634 0.78714 0.83805 0.879317 0.906775 0.947933 0.963384 0.960329 0.950574 0.942502 0.949843 0.959839 0.965874 0.966335 0.965278 0.9588 0.945972 0.937833 0.92875 0.919787 0.920104 0.922595 0.930925 0.941182 0.948023 0.943058 0.916211 0.808128 0.746967 0.744041 0.757474 0.793839 0.842421 0.893171 0.921382
0.667007 0.675803 0.668404 0.666049 0.653363 0.623172 0.627167 0.687608 0.742203 0.768593 0.817616 0.870963 0.904576 0.916756 0.914353 0.915033 0.893996 0.846473 0.79703 0.763456 0.750211 0.756726 0.742532 0.73676 0.740468 0.744456 0.757653 0.758136 0.747323 0.739328 0.748861 0.759671 0.74491 0.733655 0.717882 0.707304 0.708536 0.705286 0.724821 0.769116 0.812874 0.849484 0.880964 0.925564 0.970416 0.982978 0.977381 0.970231 0.967453 0.970228 0.975643 0.97478 0.973194 0.967528 0.954257 0.940804 0.929651 0.91903 0.912608 0.915442 0.915631 0.926155 0.936285 0.938251 0.937339 0.857819 0.724167 0.664325 0.684702 0.708134 0.739402 0.798973 0.852699 0.882462
0.73181 0.738288 0.728323 0.726198 0.712056 0.698426 0.724473 0.791686 0.840714 0.859739 0.891741 0.924536 0.942271 0.939092 0.937724 0.929428 0.903269 0.873772 0.837595 0.812014 0.807459 0.799966 0.788072 0.788623 0.788613 0.789593 0.796144 0.799755 0.78993 0.78753 0.802282 0.804125 0.776129 0.753344 0.727081 0.721675 0.737726 0.743965 0.761078 0.808302 0.841593 0.869191 0.893305 0.933796 0.96933 0.982897 0.982293 0.978642 0.97787 0.980844 0.9813 0.983488 0.981015 0.968106 0.955172 0.94489 0.933133 0.92172 0.914972 0.912108 0.914166 0.925461 0.932646 0.935627 0.929118 0.790416 0.643396 0.603541 0.634508 0.651868 0.687702 0.757649 0.807262 0.842035
0.778414 0.774607 0.770866 0.779395 0.77462 0.777417 0.808821 0.869742 0.904794 0.913208 0.926863 0.942411 0.94588 0.939495 0.930191 0.919923 0.915288 0.905918 0.872471 0.860422 0.864987 0.860979 0.855482 0.848423 0.845239 0.836498 0.840498 0.846488 0.826586 0.824891 0.832459 0.825423 0.797359 0.768245 0.740437 0.751056 0.780629 0.798288 0.81425 0.850464 0.875649 0.897169 0.918202 0.93984 0.957411 0.967365 0.974445 0.975501 0.979107 0.983561 0.986338 0.988407 0.98415 0.973824 0.966187 0.958344 0.949382 0.938325 0.932575 0.929041 0.931009 0.934269 0.942071 0.940916 0.903 0.743654 0.601496 0.577301 0.608312 0.630526 0.671141 0.741388 0.787128 0.83232
0.798429 0.796596 0.807404 0.819838 0.826078 0.841016 0.876798 0.921012 0.936704 0.939021 0.940397 0.942596 0.938889 0.932948 0.92493 0.924872 0.922714 0.917529 0.898631 0.899219 0.899576 0.900456 0.895322 0.876576 0.864804 0.854815 0.87429 0.880111 0.849481 0.845908 0.848034 0.83426 0.79484 0.758555 0.746554 0.78723 0.83424 0.856384 0.851196 0.878889 0.906675 0.922017 0.932183 0.932049 0.928043 0.932565 0.949478 0.959112 0.964408 0.970878 0.980622 0.98417 0.983445 0.979889 0.978661 0.972965 0.964096 0.957935 0.957247 0.955891 0.953141 0.951773 0.955614 0.945907 0.87238 0.706284 0.579538 0.570407 0.614528 0.653838 0.701138 0.761787 0.806136 0.854026
0.808939 0.815937 0.831085 0.840251 0.85553 0.874944 0.912288 0.944505 0.949864 0.939002 0.934144 0.939995 0.935334 0.931134 0.928363 0.924064 0.911222 0.907053 0.904944 0.910468 0.914088 0.916346 0.909586 0.882672 0.865099 0.858317 0.874473 0.862206 0.83381 0.837066 0.838495 0.807254 0.75906 0.730695 0.74832 0.804397 0.851676 0.863345 0.861134 0.898735 0.923977 0.933373 0.931738 0.91658 0.905134 0.91567 0.929768 0.929607 0.932518 0.943401 0.958048 0.970093 0.972646 0.977989 0.983289 0.979548 0.973948 0.975406 0.975711 0.971629 0.972667 0.971489 0.967009 0.948333 0.83932 0.668353 0.568486 0.585088 0.649811 0.707044 0.762541 0.817657 0.868277 0.897648
0.822948 0.826287 0.840471 0.853763 0.862654 0.875887 0.910966 0.937187 0.942572 0.923398 0.921992 0.933124 0.935871 0.926735 0.905302 0.892967 0.888443 0.888223 0.889133 0.901652 0.917771 0.924339 0.909494 0.876443 0.8548 0.845794 0.843275 0.818779 0.800514 0.808142 0.79918 0.759275 0.718178 0.704814 0.739581 0.786994 0.835999 0.858578 0.867885 0.903276 0.928436 0.940441 0.926373 0.911554 0.919359 0.927783 0.920138 0.90512 0.911785 0.925475 0.940612 0.953455 0.958433 0.972814 0.978113 0.980398 0.985149 0.983727 0.981878 0.979712 0.982158 0.983022 0.976406 0.957278 0.833597 0.689004 0.629451 0.665334 0.734382 0.797169 0.849165 0.890115 0.92207 0.932466
0.815039 0.825688 0.837538 0.836196 0.841464 0.866176 0.895805 0.917411 0.920722 0.921761 0.931622 0.940286 0.935088 0.910627 0.881779 0.868706 0.867523 0.868741 0.876827 0.890225 0.907273 0.911751 0.890769 0.851353 0.822488 0.812161 0.803326 0.782791 0.770466 0.770384 0.754645 0.722899 0.692837 0.688095 0.723656 0.76549 0.820234 0.855902 0.864447 0.899551 0.929866 0.936629 0.919919 0.918286 0.939415 0.936843 0.914028 0.906424 0.911499 0.921905 0.934719 0.940526 0.953105 0.96615 0.969779 0.978307 0.985013 0.983518 0.982156 0.986611 0.987165 0.990165 0.986087 0.968796 0.853593 0.755577 0.725082 0.763842 0.815227 0.877243 0.917233 0.942072 0.957991 0.956232
0.810266 0.825235 0.827064 0.818859 0.832074 0.855652 0.876405 0.889831 0.889462 0.905381 0.919717 0.92597 0.912051 0.882123 0.850349 0.845121 0.852908 0.860547 0.875077 0.879745 0.880359 0.867987 0.837352 0.79925 0.779525 0.773282 0.764154 0.749606 0.745815 0.743707 0.728674 0.709478 0.693176 0.688511 0.71852 0.755739 0.801619 0.842309 0.864054 0.902554 0.930229 0.932027 0.92621 0.930317 0.944895 0.936867 0.920023 0.92006 0.919847 0.924223 0.934179 0.938081 0.950315 0.954249 0.963181 0.970425 0.973606 0.979183 0.98349 0.988449 0.992126 0.99324 0.989107 0.973987 0.889151 0.817076 0.788935 0.805074 0.842908 0.910437 0.94741 0.970679 0.97573 0.970349
0.789726 0.795297 0.789772 0.795815 0.819792 0.837531 0.852629 0.859576 0.861938 0.878165 0.885373 0.882129 0.870443 0.844137 0.841055 0.855791 0.870935 0.866276 0.868001 0.862757 0.849769 0.82247 0.78173 0.748498 0.738006 0.733726 0.724259 0.723685 0.741779 0.746448 0.730922 0.723398 0.708891 0.700025 0.73436 0.780305 0.826845 0.866941 0.889909 0.916964 0.936574 0.94234 0.950099 0.95472 0.948821 0.94 0.93583 0.931139 0.929671 0.931997 0.934613 0.938964 0.942962 0.946126 0.955836 0.961858 0.963995 0.97414 0.98394 0.987549 0.991577 0.991204 0.988413 0.978324 0.9242 0.858638 0.810257 0.791023 0.824496 0.907977 0.948381 0.963622 0.970276 0.965269
0.749619 0.745258 0.750036 0.773728 0.79834 0.809878 0.816583 0.823451 0.833118 0.847148 0.842114 0.840115 0.842943 0.839965 0.863513 0.883297 0.892408 0.877301 0.865599 0.843885 0.817178 0.788059 0.753093 0.728541 0.716957 0.702563 0.70513 0.7342 0.755255 0.754843 0.737519 0.73588 0.724376 0.728019 0.780476 0.842876 0.879991 0.909695 0.925013 0.943197 0.961977 0.970992 0.981162 0.984004 0.966844 0.958807 0.956432 0.947012 0.936615 0.935908 0.932537 0.935551 0.943744 0.950961 0.954733 0.960736 0.965908 0.973211 0.982097 0.9868 0.990874 0.991474 0.989747 0.978056 0.944035 0.883542 0.82461 0.777234 0.799567 0.874337 0.919202 0.93344 0.947718 0.948263
0.711327 0.715889 0.739982 0.760031 0.766911 0.769386 0.77319 0.788779 0.801165 0.812531 0.808501 0.821378 0.84448 0.858039 0.877345 0.886619 0.887181 0.874806 0.856757 0.830922 0.807303 0.782032 0.755422 0.732576 0.713305 0.695649 0.724049 0.767452 0.7776 0.775717 0.763741 0.767984 0.770273 0.791108 0.852624 0.898804 0.930991 0.949148 0.965817 0.979032 0.989838 0.994139 0.99618 0.996527 0.989934 0.980987 0.970173 0.957428 0.941262 0.935801 0.930707 0.939586 0.955511 0.964359 0.967272 0.969652 0.976852 0.981304 0.986477 0.991012 0.99442 0.99321 0.989427 0.980349 0.946041 0.877933 0.812889 0.755641 0.767873 0.81587 0.85487 0.89771 0.911148 0.919904
0.701448 0.722015 0.73835 0.736565 0.730411 0.729836 0.740829 0.765352 0.774178 0.788698 0.803329 0.831985 0.849631 0.848257 0.850673 0.851197 0.853333 0.847914 0.835175 0.835166 0.829537 0.804932 0.778715 0.750337 0.727573 0.723517 0.767763 0.798491 0.806222 0.811088 0.81026 0.823873 0.844747 0.872938 0.916107 0.951571 0.970773 0.984811 0.994798 0.998717 1 1 1 0.998272 0.997767 0.990473 0.974771 0.962839 0.950788 0.939785 0.936312 0.950835 0.96433 0.976488 0.981854 0.98403 0.988167 0.992109 0.994935 0.99565 0.995838 0.994401 0.988717 0.980596 0.924328 0.842425 0.751663 0.690799 0.696556 0.732166 0.781562 0.831036 0.854417 0.854317
0.712135 0.731124 0.736593 0.726156 0.718072 0.712771 0.720965 0.746297 0.763234 0.776225 0.801782 0.822814 0.814977 0.798547 0.792993 0.803265 0.818864 0.825436 0.827774 0.848356 0.847766 0.831384 0.810606 0.792702 0.774159 0.779337 0.813712 0.820473 0.822238 0.836487 0.854291 0.883016 0.909017 0.938073 0.971668 0.988576 0.99689 1 1 1 1 1 1 0.998223 0.997576 0.991091 0.979082 0.969284 0.960849 0.948682 0.948402 0.963185 0.975277 0.98211 0.991075 0.995803 0.996594 0.99743 0.99837 0.998347 0.997253 0.996037 0.989254 0.965336 0.893068 0.7875 0.669464 0.604909 0.605435 0.642972 0.687568 0.743593 0.782889 0.785916
0.712896 0.713131 0.710163 0.705976 0.705375 0.6971 0.707901 0.730474 0.747976 0.764138 0.794061 0.795904 0.776167 0.763766 0.767308 0.786505 0.816567 0.830797 0.840248 0.867223 0.871693 0.86352 0.849365 0.836292 0.817328 0.833489 0.852879 0.857357 0.855986 0.872988 0.899341 0.932381 0.967764 0.99028 1 1 1 1 1 1 1 1 1 0.999096 0.996073 0.99131 0.984045 0.971217 0.965597 0.957194 0.963998 0.980614 0.987152 0.992292 0.997224 1 1 1 1 1 0.998076 0.995859 0.986272 0.950447 0.864063 0.727329 0.597492 0.536303 0.534641 0.571168 0.602371 0.676598 0.735489 0.752317
