wasim_mod/input/grids/GRD/fundus_25.exp
ncols	193
nrows	326
xllcorner	39436.98047
yllcorner	214976.5781
cellsize	25.0198
nodata_value	-9999
[rows 270 to 299 of 326, columns 67 to 133 of 193]
258.512 255.406 254.675 257.076 259.752 264.096 269.935 274.928 279.611 281.894 281.89 280.057 281.622 269.196 262.968 257.57 252.49 241.172 214.7 186.499 164.766 142.031 124.208 114.743 108.894 100.426 91.3099 83.7338 82.9593 86.7699 87.4641 87.3434 87.4068 84.8278 75.1516 68.1114 65.6285 66.4014 68.1952 66.0331 59.3291 50.1166 38.3615 23.8596 10.9901 359.696 354.778 1.02312 7.61749 14.0571 15.5868 19.0448 21.6317 19.2219 19.9268 17.956 13.5803 9.72762 357.684 344.288 333.662 323.379 311.798 292.938 280.298 277.179 277.267
260.556 257.825 257.535 259.383 260.545 262.541 265.782 269.436 272.012 274.629 273.724 271.746 268.932 259.678 250.298 242.899 234.259 215.145 192.675 178.402 167.989 154.862 138.016 126.022 116.951 109.974 101.522 92.8618 88.4455 89.1671 90.5717 91.5894 88.1523 82.1049 74.0353 69.5461 67.5143 68.1398 68.7672 66.0375 58.5008 47.9512 34.6054 20.1022 10.1327 3.03901 358.371 359.357 3.16048 9.64213 15.7194 20.4053 19.799 21.5124 24.2779 23.3615 23.2908 15.3765 4.98116 358.461 339.37 327.849 319.376 305.974 295.589 286.284 284.09
262.203 261.214 260.405 259.839 259.086 260.076 262.241 265.253 266.939 267.107 264.898 261.998 255.898 246.396 237.849 230.346 218.033 200.164 185.143 175.111 168.936 160.107 146.047 132.812 123.522 114.541 107.609 99.202 89.7773 88.4367 89.0793 89.6459 85.1796 77.7754 73.5653 69.8329 67.9371 68.9502 69.4279 66.4786 59.3454 48.3875 32.4407 18.7902 11.0076 4.56957 359.066 0.208551 6.70345 12.4278 14.9612 17.493 19.8509 25.2101 28.8077 31.1017 30.6386 21.5789 10.2713 5.53219 355.093 339.47 325.215 309.849 299.54 293.679 288.504
266.549 264.038 262.186 260.117 258.094 258.293 260.803 263.324 263.313 260.207 257.4 252.013 244.702 234.737 227.245 217.826 205.699 193.322 180.842 173.092 171.44 165.271 153.588 140.534 131.374 119.393 110.646 103.223 93.8069 87.5601 85.5979 84.2075 80.0941 74.2513 69.7438 67.5795 68.7924 70.1544 70.675 68.6073 62.3346 49.3947 31.9756 20.0187 12.7688 7.07088 1.08278 2.2473 9.21053 12.7286 16.1821 18.9678 21.6851 27.6205 31.6128 34.8336 34.6573 29.0059 19.1797 10.1813 357.232 347.012 337.015 320.752 307.6 297.955 296.064
274.151 269.965 266.356 264.57 263.011 260.741 261.881 262.327 260.493 255.766 251.882 245.463 236.426 227.02 217.381 207.567 198.513 186.593 177.951 174.868 174.087 171.634 163.975 152.16 140.382 127.049 112.543 106.079 99.2817 88.9216 82.6276 79.1774 76.9065 70.9 66.349 67.0807 69.866 71.4925 72.5572 70.754 65.6812 50.3016 34.5803 23.6965 14.2582 10.1568 6.38733 4.77488 7.02733 10.8467 22.2372 24.348 22.0092 25.5717 31.6437 37.4535 39.3088 35.0904 25.6629 12.3428 356.573 347.933 343.092 329.922 318.319 309.48 304.1
288.068 282.887 276.753 272.36 270.107 267.11 266.466 263.728 259.157 254.992 248.668 241.391 231.538 221.46 210.33 200.84 191.522 180.681 174.794 174.586 176.799 178.43 174.186 166.288 154.393 135.296 113.972 105.75 99.8768 90.0149 80.6779 76.092 72.2743 66.623 66.1952 69.0239 71.3566 74.3416 75.6392 73.6993 64.9984 51.5747 39.8342 23.7852 8.83343 5.98277 11.7768 12.1846 10.9936 17.5571 22.912 20.0886 19.9385 23.1017 34.811 40.8625 42.083 37.5843 26.3993 13.3311 1.68667 352.431 344.533 332.804 321.842 316.545 311.571
302.627 297.213 290.639 282.325 277.641 275.236 272.22 267.608 260.945 255.28 248.408 239.13 228.205 217.332 204.436 195.121 186.706 176.431 172.002 174.734 180.257 184.684 183.652 180.225 171.875 146.492 115.422 103.419 96.3851 89.44 82.8496 76.7103 69.3441 65.7893 65.4696 69.2098 74.3979 78.4353 78.4488 73.7711 62.4359 52.3975 37.7774 20.2 8.45669 6.75362 13.0091 14.8543 17.785 22.4194 19.0005 15.1862 18.3918 26.8395 35.7407 38.8944 40.7941 36.7415 25.7479 9.32415 356.158 356.517 348.389 332.797 323.998 317.957 315.698
311.845 306.592 299.623 291.049 284.786 281.316 276.741 270.496 264.93 256.074 247.084 235.674 225.25 213.575 200.102 190.415 182.677 174.095 171.383 176.233 184.081 190.989 195.195 195.52 187.194 163.855 114.455 99.8239 93.4066 92.6015 89.9023 83.9145 75.2352 68.5851 65.3784 69.5154 78.8566 82.3359 79.4468 70.4593 62.1553 51.3172 37.4741 21.5884 8.61955 6.90913 13.1269 18.5004 24.7959 25.8077 18.277 11.7744 12.7722 23.0576 32.1871 36.4721 37.8587 35.3506 25.4192 9.19969 356.041 352.607 348.775 334.076 322.165 317.156 316.338
317.719 312.684 303.723 294.068 286.935 282.24 276.41 269.593 263.355 253.073 241.105 229.482 219.519 209.37 197.327 187.356 179.397 173.268 174.331 181.367 190.77 201.932 213.144 215.868 209.656 188.381 109.52 88.728 93.4837 97.9499 97.9289 96.2623 89.5336 77.0693 72.1589 76.6226 84.3036 86.088 79.1029 69.3198 62.2313 53.6409 39.4405 24.6763 10.3551 7.20853 15.1719 23.5669 27.7294 24.7391 17.1629 6.0093 6.11492 20.8725 32.6607 36.158 37.8067 34.935 23.7095 8.14565 358.989 351.975 341.705 330.059 319.502 315 313.263
318.72 313.619 305.235 293.393 284.681 277.383 269.668 262.047 253.007 242.162 229.997 220.507 214.014 204.558 194.074 189.302 182.741 176.555 179.153 194.185 213.579 228.18 239.622 246.148 250.89 247.771 93.6888 86.832 94.4062 99.9129 101.477 106.186 102.112 91.1312 88.0928 89.7377 91.2263 89.2473 80.6006 72.6803 64.9658 57.2102 41.5045 27.7636 14.6149 11.0959 20.5548 27.4162 25.5145 21.6791 14.1202 2.27735 5.60757 24.3389 33.8575 37.0917 37.8266 34.3803 22.3254 10.3498 2.565 350.118 333.763 321.674 314.038 310.855 309.422
315.222 309.338 300.302 288.982 278.059 269.819 261.429 252.401 241.012 229.08 219.991 214.508 209.623 201.384 195.096 192.282 187.626 188.252 197.698 218.881 238.516 253.32 263.526 271.106 273.733 307.158 78.8545 92.9711 94.2097 97.1643 100.326 103.639 105.219 102.141 101.292 100.84 95.7234 88.4333 80.1899 74.3523 68.8014 58.2725 45.5968 31.3987 20.4626 21.9213 23.4277 21.2071 20.709 16.4847 8.67011 3.37042 13.2021 28.2206 35.5958 42.81 41.1977 35.8461 24.8375 17.996 6.63488 344.599 324.784 313.335 308.452 307.048 306.079
303.458 298.063 286.796 279.78 269.051 261.442 254.475 245.413 232.154 221.538 215.813 212.167 208.372 203.638 200.801 196.764 195.925 205.537 220.774 242.867 257.935 269.451 277.893 281.477 285.722 320.534 78.32 91.9709 92.7877 91.0386 92.1368 90.6328 101.879 110.273 108.488 105.028 96.8966 86.1863 79.8775 76.5528 73.6139 64.0775 52.9401 34.7983 27.1626 28.8461 17.2818 11.4577 14.5031 13.3362 10.1359 9.82552 21.7539 34.9537 46.6487 45.3038 42.572 36.6878 27.214 23.4095 11.3451 345.466 323.161 311.698 305.06 302.477 303.22
283.408 279.866 273.146 268.772 264.387 256.335 250.019 243.163 229.436 221.312 217.834 215.87 214.293 212.263 210.606 205.958 210.12 225.247 242.386 257.722 268.296 275.303 282.161 285.332 290.422 324.078 79.0286 89.0935 90.7825 86.9268 83.7416 84.7771 100.48 113.863 113.105 105.242 96.9305 87.7296 84.8808 81.4483 77.4855 69.7402 54.8764 37.4734 26.9126 23.1176 13.1252 9.66077 14.3547 14.6448 10.9571 17.0646 31.8601 40.8713 42.9729 41.0613 41.0113 35.9078 32.7262 24.2711 358.761 337.05 326.32 317.916 310.974 303.378 300.824
267.544 265.974 269.216 269.353 267.333 261.295 255.956 250.566 239.562 229.473 227.759 228.015 226.036 223.56 221.611 219.767 230.243 246.656 258.575 263.78 270.744 277.649 280.567 283.43 287.762 320.195 83.1984 88.5683 89.1836 88.1638 87.5138 92.8075 103.36 112.79 111.846 102.587 95.0083 89.9221 87.0439 83.2797 75.5865 63.369 49.0442 32.7245 20.7507 18.2454 11.4786 8.65245 13.9503 14.6488 14.6278 25.467 32.6801 34.4397 35.5962 39.7327 38.6593 38.0113 25.03 3.03591 348.559 336.132 328.785 323 318.038 312.169 305.43
257.165 263.205 271.526 275.681 275.075 274.501 272.051 268.125 265.684 258.936 258.223 253.369 246.014 240.014 239.052 242.309 255.49 264.297 267.31 267.859 271.918 275.664 276.682 274.631 269.254 208.07 99.6277 92.497 90.0925 91.9013 94.3439 99.5209 103.988 106.991 106.311 98.7256 93.328 91.4611 85.1455 80.0978 67.2588 54.042 41.5164 27.6016 19.4318 14.5698 10.7242 10.892 14.8172 12.5596 16.6524 24.3587 23.4986 25.2812 32.289 36.1545 34.0406 27.1186 6.28745 348.57 341.194 336.149 332.017 328.576 324.713 319.995 314.339
253.863 266.013 274.668 278.3 282.984 286.166 285.398 285.421 293.045 299.065 296.194 289.646 279.239 269.347 265.492 267.086 271.551 272.57 271.347 272.794 271.048 268.375 264.713 253.928 234.357 176.049 121.011 100.391 92.6221 92.3938 94.2129 95.5102 96.0619 98.0412 98.9313 95.9348 93.5124 90.4487 83.6635 73.5688 57.977 44.6696 31.1378 25.96 16.8505 7.74184 10.6751 14.6926 14.5501 7.88792 10.7016 13.0344 14.1505 22.0477 30.0812 28.5296 20.7784 7.52856 353.123 343.824 338.698 335.908 334.322 332.573 331.013 328.513 324.495
256.442 266.596 274.256 279.315 285.13 289.732 291.789 293.594 302.357 309.054 311.071 311.606 301.612 297.028 284.983 281.075 279.364 277.615 275.616 273.46 267.302 257.325 243.774 227.271 206.329 173.562 137.81 112.768 97.5868 91.9243 91.5765 89.7774 88.2152 90.2829 90.6249 89.6393 87.7162 82.1484 72.6933 56.5529 40.6906 29.7197 23.8881 19.0804 9.99153 7.19117 8.4149 13.6728 16.1204 10.3793 4.87885 4.20677 10.3086 18.4046 21.0408 17.1791 7.40049 353.953 345.139 340.379 338.789 337.461 335.705 334.632 336.487 341.502 345.734
258.814 263.908 270.358 275.544 278.921 284.354 289.934 293.56 299.47 306.897 309.033 315.356 311.456 309.905 295.58 286.04 283.413 279.33 276.85 268.697 256.438 239.796 221.838 207.136 192.386 176.459 153.42 129.248 107.457 95.6519 91.7652 88.4407 86.3515 84.4732 82.2696 81.1031 75.6446 65.5221 50.0922 35.3384 26.381 21.1574 17.395 11.3992 5.32172 7.2487 13.4564 16.5236 10.4886 3.71915 1.76622 5.1919 9.81649 11.8054 10.6263 6.87179 358.802 347.751 341.011 337.434 337.325 338.721 337.468 337.037 343.169 5.60873 70.5545
257.812 258.952 263.701 269.274 271.626 275.622 280.606 283.441 289.12 295.495 296.679 305.84 308.92 299.317 291.361 283.313 279.919 275.217 264.72 248.526 229.867 214.78 204.115 194.728 184.912 177.359 164.781 146.419 121.995 102.653 93.333 87.7676 82.8181 79.3027 75.5437 72.832 63.6784 48.2134 33.285 23.3492 18.0573 14.5977 13.1793 8.38584 4.35004 6.69991 13.0089 14.1982 8.83725 2.59037 0.548393 2.87923 5.97947 7.71253 4.97796 0.314452 355.408 347.852 339.564 335.686 336.314 339.289 339.268 339.868 11.6736 79.1414 116.748
251.914 252.693 256.103 259.173 261.703 263.04 264.314 266.028 272.464 274.132 277.328 281.467 287.828 270 274.969 272.261 266.637 254.571 232.942 215.416 204.4 198.003 193.381 188.144 181.468 176.249 170.951 160.93 138.819 111.698 96.2386 87.9649 79.4963 73.6243 66.8387 60.5491 48.8205 33.3262 21.8744 16.6417 10.8619 9.89164 10.7449 7.88755 5.30364 5.42741 9.43477 11.6117 8.93928 3.25867 359.249 359.209 1.95654 4.88327 3.4945 358.785 355.169 351.381 343.066 336.205 336.237 340.017 343.603 7.74584 94.0154 111.575 122.885
245.839 246.325 246.987 246.332 247.636 249.27 250.67 254.175 255.606 257.424 260.158 255.626 240.727 242.127 256.255 252.381 236.22 213.863 200.172 191.269 190.954 192.019 188.892 183.24 178.447 179.136 176.059 166.907 154.127 125.187 102.405 89.9809 77.7558 65.1852 56.1667 47.4728 37.6301 27.4058 20.6 12.109 4.88403 6.32191 8.15144 7.72729 5.51702 3.0082 5.30549 8.91207 7.19505 1.94087 358.286 358.286 0.469929 3.68983 5.07954 1.70727 357.866 356.336 350.978 343.387 343.324 2.25049 66.4503 133.32 127.095 124.995 126.006
240.972 239.9 238.796 238.879 240.491 243.355 245.375 247.076 245.563 246.934 244.578 234.423 220.024 221.888 225.196 214.707 196.474 187.106 184.506 184.101 187.745 190.848 188.917 181.884 179.001 196.712 197.893 153.528 141.626 134.503 107.192 88.6044 71.0527 56.3101 49.8261 44.7943 40.9261 33.2658 18.2833 5.93855 359.94 0.677547 4.32629 3.62761 359.86 359.344 1.89026 4.29695 3.34015 359.139 359.005 2.4799 4.58273 7.70705 9.67356 8.57906 6.12767 3.60428 5.13982 13.9921 72.112 142.175 149.74 145.077 137.905 132.197 129.08
235.696 235.475 236.263 238.234 240.008 241.94 243.759 242.934 242.081 238.467 231.393 216.223 203.328 201.494 198.423 188.739 178.76 175.868 179.029 185.609 191.616 192.565 190.309 186.41 185.877 199.885 199.112 178.931 134.136 125.831 102.929 75.307 56.9122 50.6845 47.5907 45.6213 42.6989 31.1104 10.1048 357.892 353.967 356.683 356.212 355.361 358.316 359.663 359.658 0.48547 0.144261 359.618 2.13218 7.23832 12.8872 16.1731 18.1432 22.0754 27.137 39.0018 75.6887 121.346 140.392 149.289 154.393 152.104 144.276 138.008 133.141
231.329 233.7 237.275 239.589 242.557 245.285 245.637 244.681 243.512 234.327 220.916 203.843 191.111 183.162 179.86 175.509 172.146 172.798 179.162 190.346 197.326 196.426 194.592 196.657 199.783 199.678 205.841 205.949 151.473 105.985 75.323 49.2911 42.3915 42.3464 40.6011 40.3662 38.5816 21.8454 359.245 347.787 344.964 350.883 356.836 355.014 357.401 1.25133 1.24348 0.390554 0.485427 1.09936 5.98367 15.1315 24.1576 30.0892 35.2764 49.3287 65.6537 91.0903 118.016 137.1 144.047 149.234 152.294 152.666 148.237 142.503 137.046
230.033 233.955 238.111 242.433 246.183 247.785 247.52 248.14 244.044 229.467 210.464 194.827 180.435 170.359 168.992 168.129 168.249 174.119 184.3 195.369 200.794 201.755 204.413 212.403 218.131 218.607 232.343 228.536 218.096 31.3417 19.2649 24.0081 29.4211 29.6267 29.7424 32.7416 28.4292 9.20752 353.221 344.288 349.813 352.824 347.032 352.192 358.101 3.24777 6.04405 4.22004 3.51935 5.43617 13.7155 26.9373 38.5737 48.3894 62.7261 81.6532 97.2299 114.414 125.084 135.486 141.996 146.248 149.474 151.27 149.352 144.206 139.081
230.95 235.892 241.783 246.6 247.669 247.815 247.764 247.241 238.087 217.692 198.055 182.334 169.998 163.24 163.284 165.509 168.096 175.654 188.24 199.196 205.542 210.529 218.123 229.073 237.436 246.358 265.186 271.717 297.559 350.02 1.84283 12.4565 14.2228 12.245 17.4241 22.4004 15.9512 2.04044 355.342 343.281 6.71134 10.2544 332.202 339.949 359.396 6.21808 13.1532 11.683 9.75348 15.5523 28.3719 43.9879 56.78 70.6037 85.1153 99.2622 112.116 122.29 129.013 133.363 138.472 142.985 145.906 148.089 148.921 145.398 140.319
233.587 240.151 245.859 248.746 249.497 248.322 246.052 241.938 227.169 207.247 188.938 170.619 160.929 157.814 159.019 164.352 169.279 177.447 191.255 203.103 212.625 221.737 233.266 244.774 253.484 266.677 285.15 299.191 305.106 338.285 350.406 357.305 359.1 356.853 5.30213 15.5634 6.77279 13.0463 31.3711 356.466 341.652 0.632342 357.163 346.31 356.033 11.3032 21.3778 21.0764 23.8605 35.6592 53.692 72.2879 83.3828 92.235 100.303 108.103 117.482 124.332 130.714 133.046 134.677 139.125 142.486 143.815 145.407 145.898 141.608
236.984 242.039 246.335 249.016 250.213 246.421 242.572 233.903 217.134 197.795 181.931 166.721 155.204 153.224 155.472 162.195 170.704 180.256 194.968 209.045 221.538 233.62 246.85 257.107 265.2 277.404 290.467 302.246 311.162 327.823 342.081 348.812 346.817 358.44 23.247 34.4287 18.4664 20.1959 1.45782 342.852 351.343 14.127 14.7012 14.0046 22.179 42.2469 42.3967 43.4571 59.7471 77.585 91.0534 99.9933 108.451 110.41 111.469 113.675 118.263 121.66 127.218 131.755 132.338 132.664 135.651 139.143 139.442 139.782 138.438
240.354 243.193 245.983 248.614 246.515 242.15 236.545 225.047 208.507 189.441 176.503 166.561 155.061 150.161 152.665 159.416 171.484 184.571 200.951 216.834 230.399 244.033 254.456 263.139 272.252 280.396 288.793 296.793 305.63 318.328 328.695 339.761 342.768 0.688675 29.5597 36.1486 24.5222 4.38112 339.517 341.011 13.4496 38.3162 50.5402 65.7898 95.6138 129.312 149.194 150.541 130.846 123.226 123.666 121.692 122.035 122.262 120.627 120.202 120.4 119.79 120.361 123.831 126.883 126.131 125.099 126.304 127.684 124.577 121.5
244.423 246.741 248.059 246.146 241.47 236.112 228.141 217.163 201.481 184.801 171.927 165.05 158.218 150.84 150.94 157.236 171.337 190.169 207.994 222.722 237.486 249.25 255.072 264.36 272.569 278.461 284.554 289.906 295.582 306.842 314.531 327.117 339.247 4.39032 37.1604 44.0837 32.3461 352.786 332.681 356.335 56.8615 74.6322 88.9616 109.33 128.328 142.84 156.282 162.937 156.154 146.087 141.592 137.261 132.778 129.408 127.086 124.538 121.513 118.685 114.349 111.934 112.116 111.12 110.486 104.388 102.222 96.905 91.7214
