wasim_mod/input/grids/GRD/fundus_25.sd1
ncols	193
nrows	326
xllcorner	39436.98047
yllcorner	214976.5781
cellsize	25.0198
nodata_value	-9999
[rows 0 to 35 of 326, columns 0 to 81 of 193]
0.268761 0.262103 0.240402 0.203232 0.161841 0.123184 0.0620771 0 0 0 0 0 0 0 0 0 0 0 0 0 0 0 0 0 0 0 0 0 0 0 0 0 0 0 0 0 0 0 0 0 0 0 0 0 0 0 0 0 0 0 0 0 0 0 0 0 0 0 0 0 0 0 0 0 0 0 0 0 0 0 0 0 0 0 0 0 0 0 0 0 0 0
0.29691 0.268761 0.248574 0.177862 0.138911 0.123696 0 0 0 0 0 0 0 0 0 0 0 0 0 0 0 0 0 0 0 0 0 0 0 0 0 0 0 0 0 0 0 0 0 0 0 0 0 0 0 0 0 0 0 0 0 0 0 0 0 0 0 0 0 0 0 0 0 0 0 0 0 0 0 0 0 0 0 0 0 0 0 0 0 0 0 0
0.347117 0.381433 0.352144 0.261979 0.233424 0.237014 0.228974 0.196967 0.141322 0.0876783 0 0 0 0 0 0 0 0 0 0 0 0 0 0 0 0 0 0 0 0 0 0 0 0 0 0 0 0 0 0 0 0 0 0 0 0 0 0 0 0 0 0 0 0 0 0 0 0 0 0 0 0 0 0 0 0 0 0 0 0 0 0 0 0 0 0 0 0 0 0 0 0
0.391764 0.432028 0.368152 0.293477 0.26707 0.281816 0.302732 0.300565 0.237811 0.135368 0.0500983 0 0 0 0 0 0.0754625 0 0 0 0 0 0 0 0 0 0 0 0 0 0 0 0 0 0 0 0 0 0 0 0 0 0 0 0 0 0 0 0 0 0 0 0 0 0 0 0 0 0 0 0 0 0 0 0 0 0 0 0 0 0 0 0 0 0 0 0 0 0 0 0 0
0.395696 0.404854 0.332039 0.29821 0.295467 0.31353 0.332399 0.325612 0.27132 0.19465 0.162759 0.17035 0.161478 0.116345 0.128172 0.138876 0.124885 0.0641538 0 0 0 0 0 0 0 0 0 0 0 0 0 0 0 0 0 0 0 0 0 0 0 0 0 0 0 0 0 0 0 0 0 0 0 0 0 0 0 0 0 0 0 0 0 0 0 0 0 0 0.608029 0.649036 0.721571 0.767073 0.76792 0.738619 0.691823 0.624906 0.598843 0.567095 0 0 0 0
0.374953 0.352811 0.302878 0.297033 0.319977 0.334963 0.324351 0.308855 0.292818 0.271635 0.267982 0.267536 0.256362 0.258113 0.24624 0.188559 0.124155 0.0398842 0 0 0 0 0 0 0 0 0 0 0 0 0 0 0 0 0 0 0 0 0 0 0 0 0 0 0 0 0 0 0 0 0 0 0 0 0 0 0 0 0 0 0 0 0 0 0.745751 0.846539 0.927038 0.951717 1 1 0.97283 0.923619 0.889101 0.845936 0.786018 0.735142 0.738496 0.70264 0.69783 0.695181 0.666503 0.665074
0.356418 0.345184 0.297466 0.290637 0.30729 0.308079 0.294069 0.282891 0.295533 0.30177 0.31796 0.330467 0.315149 0.311951 0.268079 0.172537 0.0725665 0 0 0 0 0 0 0 0 0 0 0 0 0 0 0 0 0 0 0 0 0 0 0 0 0 0 0 0 0 0 0 0 0 0 0 0 0 0 0 0 0 0 0 0 0.755643 0.837936 0.933247 0.907798 0.908239 0.913074 0.886621 0.888082 0.920169 0.929883 0.970924 0.935448 0.886268 0.825113 0.773359 0.764724 0.748215 0.757404 0.785229 0.786224 0.766232
0.350605 0.352464 0.296399 0.276289 0.277473 0.279623 0.281061 0.266162 0.292589 0.328511 0.364297 0.375655 0.379866 0.360476 0.289427 0.165806 0.00312804 0 0 0 0 0 0 0 0 0 0 0 0 0 0 0 0 0 0 0 0 0 0 0.193233 0.349909 0.379558 0.415409 0.458771 0.492206 0.481539 0.538258 0.550515 0.432481 0.351296 0 0 0 0 0 0 0 0 0.959383 1 0.831979 0.74782 0.789375 0.859012 0.856261 0.846393 0.839759 0.828033 0.849834 0.900365 0.92158 0.955927 0.966773 0.907855 0.840379 0.788936 0.769149 0.768699 0.794591 0.817394 0.827385 0.834142
0.34433 0.348316 0.294037 0.264163 0.265782 0.276502 0.290334 0.297697 0.340387 0.390447 0.423903 0.434396 0.425294 0.370887 0.258439 0.128576 0 0 0 0 0 0 0 0 0 0 0 0 0 0 0 0 0 0 0 0 0 0.289709 0.405793 0.528299 0.599019 0.603289 0.619158 0.663013 0.653618 0.621495 0.643142 0.632344 0.578145 0.606619 0.650747 0.547603 0 0 0 0.772515 0.711848 0.746841 0.783182 0.823391 0.808072 0.781845 0.808128 0.819283 0.80034 0.797666 0.803145 0.809357 0.835689 0.879179 0.923336 0.978337 0.968761 0.916907 0.85286 0.793844 0.757415 0.774615 0.810465 0.826466 0.846769 0.87451
0.335519 0.325662 0.298577 0.259605 0.253047 0.292518 0.344004 0.378789 0.412783 0.427339 0.435691 0.412066 0.349777 0.259923 0.150998 0.054297 0 0 0 0 0 0 0 0 0 0 0 0 0 0 0 0 0 0 0 0 0.381928 0.556823 0.658725 0.752436 0.793039 0.77479 0.760683 0.762156 0.740474 0.708543 0.69101 0.692105 0.705971 0.723846 0.736076 0.607212 0.547781 1 0.947882 0.855404 0.796649 0.768442 0.743291 0.782754 0.794172 0.752994 0.778345 0.803974 0.767407 0.758307 0.795159 0.82142 0.828939 0.860404 0.910427 0.973369 0.951479 0.897608 0.85614 0.777974 0.730972 0.76252 0.79756 0.823293 0.861648 0.877422
0.335159 0.323479 0.31206 0.295935 0.295141 0.379103 0.434676 0.454181 0.429247 0.412818 0.403017 0.358317 0.271444 0.185912 0.114294 0.0622256 0.0430216 0 0 0 0 0 0 0 0 0 0 0 0 0 0 0 0 0 0 0.450707 0.740273 0.821812 0.862024 0.899676 0.919225 0.896178 0.862095 0.842239 0.817313 0.777509 0.740795 0.732713 0.762919 0.794576 0.818514 0.637188 0.598803 1 0.914862 0.862684 0.814781 0.785326 0.747189 0.739409 0.770557 0.775 0.755413 0.744142 0.737846 0.74694 0.785392 0.816012 0.830397 0.873828 0.921346 0.972503 0.953837 0.886549 0.830868 0.740042 0.69002 0.726468 0.770044 0.782471 0.832659 0.862181
0.354264 0.355599 0.362648 0.380686 0.421455 0.505396 0.518663 0.481239 0.405888 0.404001 0.409888 0.362435 0.290363 0.226608 0.181189 0.163991 0.14145 0.0441935 0 0 0 0 0 0 0 0 0 0 0 0 0 0 0 0 0.618353 0.872802 1 0.942981 0.917389 0.954006 1 0.972804 0.943858 0.93505 0.894249 0.830354 0.774924 0.751889 0.779315 0.839916 0.869226 0.444332 0.605579 1 0.883058 0.846962 0.818404 0.788915 0.754975 0.726007 0.741984 0.771124 0.753812 0.720486 0.708467 0.727042 0.772748 0.826701 0.841117 0.869936 0.927873 0.984239 0.950721 0.870356 0.767401 0.659558 0.632727 0.678525 0.697591 0.740949 0.808821 0.820639
0.388025 0.401003 0.430045 0.454181 0.514708 0.577656 0.541867 0.417591 0.362184 0.392423 0.413709 0.367256 0.314855 0.270361 0.252226 0.254085 0.218474 0.0782554 0 0 0 0 0 0 0 0 0 0 0 0 0 0 0.465933 1 0.9915 1 0.874583 0.849195 0.839118 0.866011 0.933026 0.952664 0.971783 0.980919 0.963752 0.859616 0.778658 0.739786 0.776459 0.852579 0.622231 0 0.926158 1 0.887755 0.856082 0.832526 0.788718 0.745981 0.720299 0.732614 0.751641 0.73843 0.717419 0.699546 0.704244 0.761635 0.834837 0.854984 0.876521 0.931362 0.989234 0.939866 0.827849 0.669355 0.567946 0.609223 0.682218 0.694121 0.746685 0.8183 0.857658
0.420462 0.439191 0.466539 0.495537 0.54272 0.550198 0.448466 0.326715 0.334541 0.371844 0.389714 0.356744 0.306501 0.274892 0.265698 0.26998 0.20903 0.0487783 0 0 0 0 0 0 0 0 0 0 0 0 0.272104 0.604568 1 0.867456 0.848482 0.837987 0.826763 0.802966 0.80299 0.849771 0.887387 0.883861 0.905928 0.9597 0.970394 0.86282 0.770271 0.740514 0.768578 0.837719 0.6111 0.601722 0.927932 1 0.921284 0.888602 0.8675 0.800809 0.733032 0.715913 0.738449 0.745289 0.717478 0.704782 0.700478 0.696125 0.747532 0.821813 0.853811 0.895642 0.943679 0.983602 0.937918 0.783137 0.612491 0.575264 0.672454 0.741188 0.744979 0.799775 0.880415 0.913582
0.439452 0.452753 0.474595 0.496297 0.521241 0.487276 0.426513 0.364461 0.329232 0.342503 0.333259 0.278781 0.227154 0.188128 0.170165 0.163922 0.102682 0 0 0 0 0 0 0 0 0 0 0 0 0.286376 0.710995 1 0.823671 0.77875 0.789883 0.79499 0.780939 0.771237 0.79049 0.842215 0.865024 0.85469 0.879889 0.975941 0.925274 0.840533 0.779829 0.761522 0.762765 0.795671 0.600272 0.626958 0.948961 0.99421 1 0.927452 0.886257 0.815543 0.745533 0.726693 0.741959 0.747025 0.723656 0.697379 0.692669 0.709178 0.73071 0.775265 0.834599 0.897893 0.940825 0.990753 0.923432 0.759161 0.640209 0.660463 0.747628 0.777499 0.781974 0.873514 0.962059 0.955021
0.439757 0.445262 0.45482 0.455182 0.461365 0.441341 0.447867 0.335969 0.280643 0.276553 0.220377 0.127645 0.0455015 0 0 0 0 0 0 0 0 0 0 0 0 0 0 0 0.309869 1 0.767201 0.745163 0.7423 0.74504 0.755027 0.754974 0.736189 0.749406 0.788482 0.827933 0.841763 0.848791 0.891835 0.99468 0.890957 0.807331 0.777402 0.777473 0.757936 0.76968 0.610862 0.659582 0.970033 0.960541 1 0.952873 0.926598 0.849415 0.77353 0.766542 0.769596 0.750309 0.724454 0.71451 0.703507 0.72089 0.734139 0.72916 0.788281 0.868806 0.910212 0.995564 0.856661 0.780415 0.747147 0.749896 0.78294 0.765638 0.788016 1 0.953066 0.98544
0.420506 0.421427 0.410401 0.393705 0.387051 0.394426 0.331801 0.263381 0.24182 0.201796 0.101833 0 0 0 0 0 0 0 0 0 0 0 0 0 0 0 0 0 1 0.679857 0.616092 0.636482 0.674794 0.70941 0.727227 0.709718 0.696327 0.725222 0.783932 0.813497 0.821915 0.849541 0.91143 0.991254 0.873492 0.782011 0.761558 0.771577 0.744636 0.777825 0.625222 1 0.972087 0.951826 1 0.956608 0.945634 0.885026 0.805549 0.790922 0.791425 0.777808 0.763717 0.735789 0.716226 0.717196 0.725391 0.720581 0.737631 0.816628 0.922684 0.960446 0.84627 0.827107 0.83488 0.817649 0.815817 0.794735 0.835535 1 0.966187 0.988246
0.377088 0.374537 0.354798 0.334563 0.315884 0.29899 0.200836 0.233797 0.180265 0.123636 0.0158935 0 0 0 0 0 0 0 0 0 0 0 0 0 0 0 0 1 0.620359 0.56881 0.559001 0.578042 0.608927 0.653977 0.672707 0.663973 0.668601 0.694529 0.753355 0.785804 0.81231 0.868554 0.917942 0.999132 0.864997 0.760829 0.739122 0.735467 0.746277 0.828683 0.458631 1 0.967767 0.958238 1 0.933317 0.962708 0.94538 0.858768 0.816603 0.818383 0.815157 0.808698 0.751178 0.700352 0.689478 0.696258 0.709229 0.711969 0.767101 0.914565 0.934371 0.876702 0.875797 0.867705 0.844888 0.855776 0.855738 0.885299 1 0.978254 0.997609
0.298146 0.285774 0.280144 0.255168 0.201637 0.187495 0.125079 0.0569683 0.0393906 0.0109267 0 0 0 0 0 0 0 0 0 0 0 0 0 0 0 0 0.276516 1 0.483014 0.501775 0.511381 0.5378 0.570335 0.601344 0.617521 0.610505 0.632959 0.683544 0.715155 0.747312 0.803457 0.867367 0.920419 0.992087 0.869105 0.752862 0.707748 0.725263 0.809117 0.602193 0 0.968578 0.964675 0.966018 1 0.926632 0.990851 1 0.925056 0.88 0.890277 0.883529 0.82389 0.746338 0.675846 0.643308 0.647467 0.676772 0.687986 0.726899 0.886758 0.925857 0.88822 0.893167 0.873547 0.855988 0.876971 0.895043 0.908996 1 0.976661 0.955464
0.167018 0.125307 0.123503 0.106462 0.0501628 0.0125648 0 0 0 0 0 0 0 0 0 0 0 0 0.0516117 0 0 0 0 0 0 0 1 0.520904 0.459978 0.455842 0.49075 0.505175 0.538867 0.562671 0.56507 0.57204 0.594422 0.643676 0.682894 0.722114 0.795199 0.876346 0.931639 0.983934 0.84756 0.748005 0.73242 0.773357 0.865861 0.613354 0.655062 0.970151 0.950582 0.938784 1 0.980403 0.975111 0.96571 1 0.999646 0.934307 1 0.819328 0.69996 0.647464 0.605952 0.596026 0.627299 0.647297 0.689755 0.860748 0.924866 0.873803 0.876409 0.866667 0.852973 0.865007 0.878283 0.893052 1 0.970784 0.893271
0 0 0 0 0 0 0 0 0 0 0 0 0 0 0 0 0 0 0.0505805 0 0 0 0 0 0 0.430198 1 0.482053 0.461137 0.448172 0.47821 0.501238 0.511924 0.529453 0.528574 0.535556 0.562498 0.589869 0.63369 0.698393 0.791577 0.882122 0.968325 0.957873 0.857679 0.783832 0.776096 0.824762 0.926859 0.633416 0.674275 0.989061 0.941432 0.910053 0.93397 0.961231 0.957066 0.924977 0.893846 0.844595 0.808044 0.854221 1 0.671571 0.602322 0.577616 0.564724 0.578458 0.612996 0.656204 0.820835 0.923994 0.852126 0.844224 0.81185 0.796479 0.832104 0.85058 0.889354 0.958169 0.9522 0.815166
0 0 0 0 0 0 0 0 0 0 0 0 0 0 0 0 0 0 0.0135208 0 0 0 0 0.0991263 0.309453 1 0.623501 0.456454 0.435904 0.432572 0.457916 0.494244 0.500119 0.503584 0.501474 0.508335 0.537979 0.555359 0.597035 0.673186 0.7812 0.88931 0.998267 0.922757 0.865162 0.817357 0.806116 0.881507 1 0.65161 1 0.979426 0.959761 0.912634 0.909964 0.915701 0.909248 0.862429 0.780123 0.737422 0.733402 0.80678 1 0.681852 0.575682 0.544376 0.542635 0.544652 0.570347 0.62857 0.810899 0.896014 0.820564 0.82021 0.780237 0.767542 0.805054 0.821594 0.85545 0.899838 0.846752 0.692463
0 0 0 0 0 0 0 0 0 0 0 0 0 0 0 0 0 0 0 0 0.0439894 0.0894395 0.14349 0.273573 0.511999 1 0.58861 0.456522 0.419387 0.409392 0.433451 0.492715 0.500483 0.493023 0.508405 0.510076 0.523906 0.5432 0.585884 0.665804 0.763228 0.886309 0.996858 0.897825 0.84613 0.825382 0.838547 0.93185 1 0.522445 1 0.964708 0.99411 0.930233 0.88902 0.866199 0.856149 0.795966 0.706614 0.686613 0.706476 0.778734 1 0.705836 0.567104 0.511353 0.495675 0.502105 0.534313 0.595807 0.75173 0.94746 0.816791 0.77616 0.748808 0.760299 0.755112 0.750242 0.786995 0.814366 0.748697 0.596741
0 0 0 0 0 0 0 0 0 0 0 0 0 0 0 0 0 0 0 0 0.0673195 0.137864 0.249296 0.422181 0.686713 1 0.587946 0.459805 0.421301 0.405806 0.409429 0.486431 0.535055 0.519435 0.52727 0.544175 0.543363 0.5489 0.585669 0.663861 0.752516 0.863542 0.997066 0.903282 0.842733 0.823131 0.873554 0.960355 0.703494 0 0.950863 0.985164 0.996078 0.938887 0.866488 0.827405 0.807929 0.737416 0.676269 0.676111 0.704807 0.753807 1 0.760982 0.588153 0.506036 0.462652 0.450662 0.484957 0.565613 0.694326 0.951777 0.834039 0.75864 0.736658 0.732356 0.712787 0.703287 0.704909 0.706559 0.647677 0.540675
0 0 0 0 0 0 0 0 0 0 0 0 0 0 0 0 0 0 0 0 0.0410877 0.172141 0.320358 0.524763 1 0.792878 0.590643 0.461456 0.42031 0.409667 0.40727 0.467609 0.539737 0.561214 0.574699 0.579655 0.576678 0.583699 0.614872 0.686265 0.769038 0.846225 0.945859 0.92563 0.847743 0.848891 0.916568 1 0.703774 1 0.987509 0.975365 0.955533 0.920559 0.868748 0.809589 0.769022 0.713257 0.68332 0.692913 0.721154 0.747142 0.844845 1 0.646824 0.546325 0.496814 0.463515 0.456025 0.532172 0.663027 0.867861 0.875228 0.776378 0.736466 0.705617 0.688117 0.66866 0.655103 0.652128 0.598205 0.541745
0 0 0 0 0 0 0 0 0 0 0 0 0 0 0 0 0 0 0 0 0 0.175152 0.366136 0.621837 1 0.754399 0.58049 0.462776 0.416885 0.415301 0.411579 0.457161 0.533759 0.571735 0.600694 0.60748 0.59551 0.619124 0.654663 0.719929 0.810101 0.871133 0.936539 0.959459 0.890287 0.897267 0.958938 1 0.689015 1 0.990785 0.914055 0.892728 0.894045 0.851491 0.777279 0.736411 0.699041 0.684362 0.712929 0.728894 0.731046 0.813525 1 0.736964 0.596308 0.540633 0.526242 0.521033 0.553649 0.646332 0.822692 0.915712 0.791713 0.758068 0.72276 0.670663 0.653617 0.671165 0.64551 0.590166 0.548646
0 0 0 0 0 0 0 0 0 0 0 0 0 0 0 0 0 0 0 0 0 0.183407 0.446087 0.746427 1 0.730408 0.570927 0.478394 0.436411 0.428599 0.421521 0.445301 0.515713 0.562815 0.59005 0.60593 0.59929 0.628198 0.688 0.75539 0.841279 0.900327 0.940179 0.989274 0.93733 0.952799 1 0.974026 0.674215 1 0.97353 0.875387 0.83877 0.835142 0.765545 0.69283 0.683905 0.691606 0.686161 0.696657 0.716025 0.735727 0.816177 1 0.803526 0.647205 0.569877 0.544684 0.560887 0.597173 0.683116 0.818583 0.977634 0.832555 0.764031 0.716044 0.686895 0.692555 0.668626 0.623188 0.593913 0.567488
0 0 0 0 0 0 0 0 0 0 0 0 0 0 0.187263 0.197365 0 0 0 0 0 0.238344 0.579232 1 0.84157 0.677322 0.553736 0.482642 0.456942 0.450345 0.444907 0.444036 0.494728 0.541989 0.564131 0.57789 0.588148 0.620096 0.699743 0.78557 0.851956 0.911261 0.944582 0.985637 0.970679 1 0.944935 0.944149 0.659516 0.665919 0.942878 0.840646 0.785198 0.740475 0.673093 0.63123 0.641446 0.673352 0.671914 0.682936 0.731754 0.769676 0.82023 1 0.849766 0.712272 0.614573 0.554485 0.571679 0.619349 0.693742 0.79653 0.997137 0.823502 0.765813 0.734831 0.730158 0.722529 0.675901 0.631086 0.604941 0.59525
0 0 0 0 0 0 0 0 0 0 0 0 0 0 0.20663 0.135368 0 0 0 0 0 0.412624 1 0.933086 0.768554 0.643957 0.551483 0.486267 0.461764 0.462278 0.461836 0.462216 0.481515 0.511571 0.530873 0.548476 0.566204 0.609613 0.688484 0.777103 0.83108 0.893768 0.961553 0.96445 0.987333 1 0.955374 0.944101 0.501255 0.650824 0.87558 0.796664 0.729794 0.654033 0.603554 0.589765 0.609961 0.646761 0.639154 0.672932 0.756098 0.807713 0.813587 1 0.876434 0.737703 0.646884 0.593658 0.588193 0.639386 0.702865 0.796057 0.963126 0.849094 0.780283 0.78397 0.777271 0.733759 0.680071 0.647668 0.628842 0.624796
0 0 0 0 0 0 0 0 0 0 0 0 0 0 0.155233 0.00772913 0 0 0 0 0.187359 1 0.8213 0.757362 0.706354 0.622719 0.553374 0.498787 0.470277 0.468739 0.461739 0.471421 0.484352 0.492024 0.499821 0.517917 0.53743 0.585372 0.683747 0.756914 0.814638 0.882137 0.90912 0.909548 0.946341 0.987531 0.995212 0.657859 0 0.880219 0.798971 0.733859 0.664283 0.585559 0.552289 0.550075 0.588049 0.612084 0.599702 0.660212 0.758165 0.818429 0.815582 1 0.883026 0.729539 0.635725 0.614577 0.616354 0.652967 0.721012 0.801147 0.910515 0.892233 0.808903 0.814514 0.779229 0.728418 0.693208 0.679707 0.668364 0.649357
0 0 0 0 0 0 0 0 0 0 0 0 0 0 0 0 0 0 0 0 1 0.794481 0.666012 0.645711 0.647667 0.599609 0.550009 0.511307 0.484658 0.472043 0.45915 0.458719 0.479276 0.480339 0.48202 0.494647 0.515691 0.556551 0.658234 0.745645 0.797497 0.858217 0.885245 0.863655 0.90847 0.99933 0.942188 0.618528 0.599334 0.852275 0.755315 0.660075 0.577921 0.52213 0.518886 0.527319 0.55895 0.557094 0.576413 0.639032 0.742421 0.807134 0.880463 1 0.866373 0.735718 0.632529 0.593669 0.6105 0.662009 0.737263 0.795379 0.884518 0.931727 0.848543 0.798687 0.752728 0.745243 0.734793 0.714898 0.700691 0.660741
0 0 0 0 0 0 0 0 0 0 0 0 0 0 0 0 0 0 0 0.459768 1 0.652688 0.573026 0.580614 0.594911 0.571017 0.538022 0.518157 0.500704 0.480337 0.459001 0.445661 0.465111 0.463815 0.463575 0.479196 0.494546 0.531313 0.617061 0.713402 0.781989 0.841401 0.867929 0.837563 0.873145 0.992339 0.89839 0.592339 0.575511 0.82026 0.710903 0.577979 0.491097 0.471047 0.47045 0.469212 0.487831 0.501139 0.556768 0.620842 0.705997 0.77602 1 0.90179 0.814651 0.686594 0.619225 0.590746 0.581745 0.616281 0.715371 0.803622 0.888511 0.95758 0.854633 0.793801 0.76246 0.767999 0.774017 0.741689 0.7079 0.672608
0 0 0 0 0 0 0 0 0 0 0 0 0 0 0 0 0 0.132396 0.317714 1 0.780864 0.582259 0.504112 0.511371 0.543797 0.535799 0.511307 0.50595 0.507496 0.490708 0.467133 0.447554 0.45868 0.461648 0.446221 0.462917 0.484359 0.516084 0.586691 0.671564 0.755186 0.823709 0.845916 0.826785 0.845239 0.958945 0.866967 0.568882 0.552322 0.766622 0.619218 0.475484 0.418052 0.401272 0.394775 0.392155 0.422354 0.473041 0.537855 0.597936 0.675896 0.767282 1 0.834829 0.74987 0.62994 0.570237 0.547569 0.552238 0.579125 0.657804 0.771584 0.881085 0.978222 0.851511 0.803605 0.785233 0.785764 0.799328 0.791426 0.738909 0.676161
0 0 0 0 0 0 0 0 0 0 0 0 0 0 0 0 0.0116596 0.21379 0.414861 1 0.67137 0.53769 0.466728 0.457785 0.477103 0.489831 0.477467 0.475696 0.486875 0.486894 0.4655 0.452661 0.45577 0.47213 0.460025 0.46029 0.473352 0.505365 0.563146 0.645357 0.715253 0.787621 0.817907 0.798341 0.826169 0.956456 0.831076 0.373404 0.516703 0.663825 0.495258 0.397106 0.377793 0.376953 0.365404 0.367761 0.420964 0.493692 0.536404 0.598541 0.653864 0.743508 1 0.782797 0.676946 0.576274 0.51949 0.490277 0.493079 0.531082 0.603671 0.710445 0.845028 0.98212 0.895705 0.85946 0.835575 0.796432 0.798899 0.826772 0.781658 0.699583
0 0 0 0 0 0 0 0 0 0 0 0 0 0 0 0 0 0.210372 0.48082 1 0.606948 0.502502 0.455449 0.442116 0.439283 0.442009 0.43927 0.442777 0.450821 0.458002 0.448575 0.446639 0.450336 0.463334 0.464925 0.471272 0.470323 0.486181 0.530406 0.619101 0.703703 0.752753 0.778652 0.765276 0.806525 0.992638 0.547845 0 0.654252 0.547229 0.435105 0.375753 0.370977 0.365271 0.364205 0.390471 0.454987 0.503369 0.550559 0.600589 0.619312 0.719538 1 0.768582 0.611414 0.520846 0.46644 0.452707 0.436943 0.476797 0.547998 0.640305 0.761237 0.896878 0.964064 0.910238 0.883161 0.826508 0.803441 0.825994 0.801487 0.715171
0 0 0 0 0 0 0 0 0 0 0 0 0 0 0 0 0 0.2289 0.615183 1 0.571872 0.471765 0.440051 0.424701 0.42519 0.41976 0.411691 0.411199 0.420833 0.428693 0.422579 0.428804 0.440455 0.45062 0.456394 0.460328 0.466631 0.466702 0.49837 0.569247 0.673433 0.736979 0.769916 0.778133 0.831357 0.921516 0.511494 0.519559 0.570851 0.484707 0.419851 0.356183 0.320225 0.324997 0.336107 0.379799 0.441962 0.507895 0.567411 0.571918 0.589913 0.70698 1 0.819683 0.588081 0.471008 0.42128 0.42229 0.424342 0.449928 0.512413 0.589023 0.681398 0.80537 0.967504 0.949013 0.930665 0.869899 0.807617 0.792317 0.781077 0.702443
