wasim_mod/input/grids/GRD/fundus_25.exp
ncols	193
nrows	326
xllcorner	39436.98047
yllcorner	214976.5781
cellsize	25.0198
nodata_value	-9999
[rows 120 to 149 of 326, columns 67 to 133 of 193]
35.2685 36.9568 38.855 38.3749 37.5057 36.2509 39.2933 41.6027 42.4983 45.3756 51.3632 60.5932 67.3979 69.6317 69.5664 68.6755 65.5931 58.9533 53.9392 54.4101 57.911 61.5138 63.545 65.6226 70.2928 73.1219 73.4779 71.2438 71.3435 71.9917 74.1608 78.8747 86.0744 91.6774 92.6963 91.1298 88.0559 83.5323 79.6838 74.9862 71.1182 66.3315 56.3231 50.1156 31.9979 7.75443 332.36 308.964 302.506 302.597 300.765 301.013 300.753 300.823 297.771 296.78 294.099 292.107 289.629 286.893 286.848 287.268 284.828 281.332 273.295 252.842 113.152
34.5783 38.0449 38.8295 37.4503 35.7193 35.6017 37.6074 39.0046 41.5451 43.6436 47.8266 54.9882 56.6242 58.9314 63.9236 65.2804 63.0744 58.0929 56.7581 58.8181 61.3932 63.9014 65.8728 68.7597 71.6296 74.5762 74.996 72.1428 70.0035 68.9767 73.0863 80.5811 88.3826 92.6465 93.484 90.9503 84.7029 79.2677 72.5784 68.6093 64.7534 56.5531 47.6546 40.6841 21.7681 1.86318 334.195 315.189 307.831 306.855 306.428 305.322 304.94 304.84 303.731 300.517 298.196 294.958 292.605 289.724 286.758 285.279 283.412 279.232 266.639 222.176 124.129
37.7549 42.2612 42.5024 40.3481 39.6021 39.0129 37.9295 40.571 44.3049 44.7972 47.5477 49.7521 50.1294 54.0019 60.1861 62.5975 61.2851 60.3345 61.937 63.5117 64.486 65.5071 66.3929 68.532 72.1591 75.093 75.2048 72.5779 71.0883 71.9853 76.5892 83.337 88.4545 89.6465 90.3193 87.794 80.7343 72.1354 66.3495 63.682 57.6626 47.6367 42.0763 35.3588 18.5534 352.953 329.93 316.624 312.417 311.297 310.895 309.966 309.521 308.684 307.401 303.898 300.566 297.57 295.492 293.15 289.25 286.177 283.031 276.319 255.701 184.092 132.137
45.6747 51.3736 50.4536 47.5523 45.8485 42.2682 40.5122 44.7663 47.4398 47.0236 46.873 46.0088 47.6798 52.8637 58.2385 60.7707 60.2253 61.4969 64.0748 65.8422 66.3854 66.509 65.3519 68.1434 73.3022 75.0101 75.0821 76.3754 78.1198 81.3652 83.3957 85.7673 86.968 86.4916 85.7703 80.2057 71.9683 65.5158 62.9972 57.7134 50.1188 42.2482 40.864 32.547 9.21906 344.838 328.6 316.412 312.376 313.705 313.463 312.804 312.216 312.423 310.52 307.523 302.506 298.884 296.887 294.443 291.304 287.708 281.453 267.516 216.75 155.94 134.512
56.2196 59.3366 56.9091 52.5457 49.3755 45.1076 45.1073 49.131 50.4399 49.1987 47.3042 46.4121 48.5868 55.0367 58.7433 60.1403 60.2772 62.0386 65.6482 68.4762 70.8961 67.9018 67.0071 70.5809 74.0959 76.156 78.3144 82.8944 86.5288 88.5511 88.6805 87.6424 85.9728 83.4083 78.9607 72.0052 64.2218 61.8031 58.4362 52.3247 46.7616 41.7907 37.8221 23.1835 0 339.924 327.137 317.262 312.459 313.02 314.742 314.228 313.969 313.761 312.213 309.204 305.029 299.921 296.89 293.586 290.356 285.713 277.044 249.626 176.191 144.884 132.174
53.857 49.8085 42.4619 37.1729 36.0337 36.9977 42.047 51.998 56.9291 50.5196 49.6598 50.1778 53.6508 59.1181 61.6065 61.0759 61.3448 63.9471 67.4409 71.4202 74.4119 72.2318 72.406 74.9556 75.1357 76.7866 80.0709 86.338 91.7704 93.8016 93.4339 90.9036 85.9194 80.1561 72.3187 65.1679 60.8861 58.4479 52.8354 47.6246 43.5721 38.2746 29.595 12.7192 351.765 336.534 326.215 317.699 313.159 311.851 314.001 314.388 315.082 315.508 313.801 309.979 306.078 300.836 296.888 293.497 289.474 282.695 271.636 224.622 146.925 130.948 123.826
36.9328 34.4159 30.6518 30.5476 33.1567 36.593 42.0692 49.8446 49.9623 47.3792 54.4508 56.0171 60.7852 65.8501 66.5757 65.0966 66.1196 70.2799 71.9112 74.6172 76.4127 78.4407 80.2578 79.5817 77.1184 77.0448 81.3697 87.5627 93.2566 96.9143 96.461 92.7264 83.9686 75.1428 67.2359 62.2853 59.5648 54.7498 46.1699 42.7613 38.6682 31.3264 19.8367 4.43342 346.921 334.053 324.803 316.636 312.561 310.667 310.967 312.186 312.766 314.334 313.695 310.089 306.06 302.125 297.531 293.869 289.825 284.02 273.668 191.864 124.191 118.521 113.82
29.1827 30.2621 31.1548 33.0073 34.7026 35.8795 40.1504 45.156 46.8459 53.058 58.3569 59.3014 67.2846 72.5794 72.1279 72.5721 74.4676 77.7225 78.0233 78.2954 79.0823 83.0369 86.9915 84.0318 81.2762 81.1622 85.5502 89.2934 93.0031 95.2828 94.0844 88.8699 79.4343 71.2319 67.3039 63.4919 59.1648 49.4429 39.964 36.6337 32.6295 24.7208 11.8998 358.703 346.294 332.9 322.551 314.549 309.048 307.287 306.113 306.319 307.601 309.863 311.332 308.452 304.711 301.708 298.592 295.252 290.653 287.913 293.728 58.0505 96.7873 105.982 107.07
25.4923 30.3944 33.76 35.094 34.9117 36.9062 43.0829 49.4112 51.7393 56.6579 59.1794 61.1917 68.5833 69.3737 72.07 76.7087 80.1335 80.9825 81.9272 81.4077 80.9041 84.453 88.0932 87.2805 86.541 88.6503 90.7569 91.634 92.9174 92.2004 89.0075 82.8522 76.6065 72.187 69.4344 63.8528 57.1638 45.1396 36.4085 33.5885 30.2398 21.5454 9.04289 355.968 343.724 331.154 321.12 312.427 304.864 300.434 298.224 297.315 298.878 301.483 306.224 305.449 301.811 298.947 298.577 297.238 296.521 299.115 311.949 32.6443 84.4214 95.7052 100.362
23.8829 33.4675 38.7273 38.4547 36.9452 41.3485 50.2296 55.2353 54.7151 57.5695 58.4728 61.0043 64.5935 61.5292 69.0961 76.8354 81.1327 81.3544 83.2463 82.4185 81.3159 83.5335 85.776 88.5965 91.2549 94.3007 95.2987 93.8893 92.7566 89.1188 83.9053 78.6556 76.116 73.879 68.9672 63.899 57.0659 45.9123 35.7386 33.0734 29.4478 19.7256 8.4166 354.79 340.374 328.406 319.872 310.291 301.75 294.789 289.719 288.075 290.057 292.087 295.59 298.488 297.233 294.825 294.767 296.452 300.399 310.314 327.118 47.3848 80.4116 86.4201 90.8759
25.8027 39.6161 46.438 45.6317 43.9088 50.6488 55.9235 56.2361 54.958 56.8 56.911 60.5121 60.7955 67.058 73.8362 76.264 77.7372 80.9834 83.6598 83.5377 83.4033 84.2125 86.5217 90.1725 95.0455 98.0414 98.9549 96.4743 91.7695 86.2242 78.7956 75.0183 75.848 74.9665 69.0838 66.5674 58.6252 46.8836 35.5507 32.5757 28.6135 18.1246 6.58784 352.543 337.965 326.828 319.046 309.461 299.356 291.324 286.03 283.445 283.176 285.281 286.04 289.79 290.109 289.704 289.03 294.259 300.022 310.433 345.445 58.2358 72.8311 76.9595 84.1251
31.1415 46.7642 54.7199 54.9761 53.7798 58.2301 58.1952 58.0944 57.7513 56.4863 58.4171 64.0926 66.1436 73.999 73.6415 72.5984 75.7623 81.8512 84.8238 85.7968 87.3324 88.3228 89.6147 91.6339 95.9438 100.542 101.539 99.6188 92.7377 82.4854 74.555 73.1845 75.0928 75.3589 71.8146 68.3248 59.6439 48.873 36.896 33.1518 27.7793 15.9723 2.8489 349.454 336.468 324.917 317.731 308.777 297.973 289.437 285.043 282.81 279.444 279.531 279.354 281.31 282.416 281.966 284.114 290.671 298.626 309.563 354.569 53.2467 68.9482 73.2587 81.8785
34.6384 53.3133 61.2554 61.226 60.7206 62.2727 62.6629 62.6848 59.0806 58.5434 65.0868 72.2194 72.1563 72.9295 72.7675 74.325 80.5966 84.4574 84.9066 87.4705 90.2378 92.2049 93.007 93.9123 95.8976 99.4925 101.07 99.9001 92.7638 78.8641 71.7849 73.2441 74.5444 73.6302 75.4342 69.9055 63.0486 52.3136 38.1917 34.1467 26.625 13.84 359.058 344.804 334.494 323.768 315.961 307.391 296.119 287.478 283.32 279.99 276.783 274.086 273.806 272.253 273.963 274.273 277.562 281.636 290.705 306.256 356.695 55.1085 72.426 77.5771 81.1684
45.1365 62.1818 67.4025 66.3803 65.3763 65.8235 66.8791 63.915 60.4372 67.4471 73.1506 77.3104 76.8947 78.3712 79.8071 83.0966 86.3635 87.3599 86.0938 88.4619 90.9509 93.2746 95.4766 96.7911 96.818 97.1937 97.4468 95.7011 89.2597 76.7641 69.9921 72.3935 73.0184 73.6341 76.4973 73.7019 66.1078 53.2935 39.7568 30.1885 25.3022 19.9931 356.037 334.484 328.281 323.837 315 306.942 297.741 289.537 281.633 275.089 271.525 268.001 266.212 263.983 265.008 266.862 269.771 273.088 277.051 290.673 359.455 69.3088 81.987 85.9917 81.7629
63.8169 73.1675 74.0966 71.5335 70.297 71.526 74.0272 68.7547 72.1731 79.4397 79.8136 77.14 80.9559 84.1427 86.1087 89.399 89.8107 89.2933 89.1492 89.0452 91.4574 93.9447 96.5716 98.5511 98.2944 96.3077 94.8533 92.2424 86.2386 76.0297 73.8329 72.8212 73.2909 75.8137 75.8414 74.5339 65.6489 52.8779 38.3866 33.445 35.5612 26.9329 354 325.668 315.786 316.184 314.544 304.738 297.022 291 282.116 274.012 266.542 264.171 262.029 261.213 260.16 263.089 266.003 268.828 269.708 274.698 352.018 88.0885 96.0074 87.4519 89.2767
80.7632 83.1448 79.4775 75.4641 74.4168 76.5024 80.8336 82.0627 86.5265 87.8127 84.6695 78.5984 82.4838 86.2386 89.0061 90.5337 91.1062 90.2658 89.6691 89.1536 92.0943 95.2182 97.5433 99.9079 100.516 96.6339 94.7682 92.7588 84.6489 81.8287 84.6931 79.217 76.6171 76.9278 75.4748 71.6421 64.4726 53.1739 43.3794 45.4558 45.2744 31.7564 350.234 317.489 307.153 302.992 306.977 303.296 294.041 286.866 281.095 273.572 266.952 266.063 264.964 264.032 263.13 266.442 269.171 268.485 268.152 267.441 154.605 102.895 99.518 87.4519 92.2279
87.9764 87.0419 81.1646 76.9026 76.5904 78.3719 81.8034 87.2326 89.4846 88.4304 85.0464 79.9342 81.3458 83.8828 86.2512 87.6551 89.2386 88.479 86.994 89.0855 91.799 95.4182 97.2605 99.9076 100.073 98.9851 97.3912 96.1875 90.3837 93.1703 97.3806 90.6929 82.0864 78.0838 73.8384 68.5383 64.1577 56.9413 55.9584 57.928 52.6326 37.4666 347.045 309.025 292.676 289.885 293.255 297.419 291.35 284.258 278.73 271.768 271.498 270.109 268.684 268.376 270.044 273.099 274.582 271.968 268.521 263.355 132.924 105.002 87.2909 91.4017 87.5127
88.6048 85.4998 80.8841 77.7658 77.9778 78.3379 79.7287 82.4072 84.5624 83.9278 82.1254 79.7045 80.5888 79.828 80.3652 81.9318 83.1945 83.692 84.468 87.9702 90.5818 93.5085 95.8281 96.529 96.3047 98.4896 98.6269 98.0043 98.6323 102.775 106.388 104.182 90.5701 78.9329 73.1892 67.6776 66.6579 67.0305 66.1466 61.8341 61.1012 46.3781 347.411 296.755 286.166 281.923 281.367 284.954 283.859 277.534 276.031 273.642 273.917 272.555 272.67 275.664 277.712 278.176 277.434 275.785 272.905 267.874 92.7174 89.1973 85.6885 90.5909 86.6902
87.3778 83.2143 79.9588 79.6865 79.451 78.5698 77.6372 78.1217 79.3041 80.1461 80.2778 81.5315 79.9886 77.3714 77.4188 77.4633 77.2642 79.219 82.7021 86.0767 88.4207 90.0876 91.8378 91.6296 92.0552 92.7592 93.8344 95.5732 100.981 104.426 106.057 110.194 99.4977 80.9836 75.1823 71.0708 72.0996 75.5203 70.9324 70.8895 74.3608 55.6111 0.726049 292.146 280.033 279.577 273.863 273.104 273.621 273.119 275.927 278.749 274.088 273.669 275.085 279.485 282.785 281.638 280.104 279.29 278.072 276.061 45.1868 64.1231 81.8811 89.1715 84.8714
86.1644 80.9401 78.7442 81.3958 82.1898 79.7264 76.3702 75.4981 75.831 78.2825 80.6121 82.5202 78.6835 77.0001 76.8857 75.3232 75.1043 77.0503 81.4098 85.0595 86.0442 85.5747 85.9152 88.0883 88.5619 87.1453 86.5275 89.9114 96.239 98.4933 98.3715 98.6477 95.8679 86.2518 80.2657 78.4604 76.668 76.7057 81.5132 88.3704 93.576 68.2887 354.559 291.841 264.206 266.538 265.703 266.559 270.575 275.606 274.402 275.96 273.903 273.309 275.295 280.007 283.961 283.974 283.052 282.582 282.123 280.507 309.216 58.9786 72.2989 81.5206 78.9212
85.3046 79.6088 78.2336 82.4722 86.1257 83.7515 78.0653 75.9225 75.6084 78.6798 81.618 80.136 77.2266 76.5852 75.1202 74.8691 76.5542 79.6168 82.4052 84.8146 84.4395 82.2242 82.6809 85.4662 85.9619 83.4589 80.7773 83.2762 89.2503 90.1172 85.2445 74.923 76.8948 87.8517 85.5939 83.5255 77.9652 75.1747 86.845 98.7763 110.268 85.0027 355.482 265.481 247.768 248.358 255.862 261.15 269.336 274.724 270.609 269.313 272.893 272.315 274.025 275.739 277.975 279.258 277.895 277.616 277.977 280.764 308.722 59.1509 65.8108 76.7228 80.5756
79.9368 77.548 80.3729 83.9893 88.5543 93.0776 89.9347 81.8297 79.4331 80.5491 80.0543 77.1914 74.9015 73.699 73.1762 76.7504 81.3912 88.6441 83.6297 84.593 83.8516 82.4891 82.6472 82.9977 82.1672 79.465 77.5036 77.6641 78.4259 71.2449 60.1797 54.7052 64.7189 78.7999 82.0738 80.8145 75.1708 74.4722 83.2081 98.7022 104.334 270 180 85.7069 245.226 242.19 252.509 259.854 264.999 268.355 267.841 267.971 271.843 271.248 270.963 268.645 269.225 270.063 269.588 268.448 269.333 276.385 305.122 40.4156 66.4732 77.1637 80.8246
72.8492 75.9637 80.7219 81.6806 84.2689 92.0209 96.0397 83.5776 81.0523 80.7276 79.0461 77.6095 75.7563 74.4828 76.704 81.6162 85.2194 90.8709 84.0368 84.5941 84.8521 84.1862 83.5128 81.0647 79.1547 76.3013 74.7068 69.9666 61.6685 48.9036 43.9811 48.785 59.4137 67.53 71.3592 72.6867 72.8553 74.3856 78.1327 85.7046 90 270 192.692 29.7449 270 244.397 259.807 264.366 263.485 261.558 264.849 266.869 268.375 268.41 266.536 263.489 261.572 261.78 262.607 261.544 267.417 275.18 296.522 21.4387 64.9228 66.4581 66.0584
70.5266 75.3722 77.3272 76.4322 76.5601 78.5514 78.9116 74.065 74.4997 76.1182 76.4698 78.0809 77.9722 78.2432 79.3805 81.8149 84.0026 79.8222 84.3022 85.5669 86.3952 84.9935 82.3088 79.7908 75.9037 71.9348 68.2953 61.504 50.9544 41.5943 43.1418 50.3642 57.8754 61.483 65.2956 66.6782 68.8524 69.2735 72.4695 76.0454 90 0 240.255 180 90 268.815 269.046 266.118 264.114 261.806 261.502 265.116 263.67 264.009 262.092 259.972 257.032 256.749 255.958 257.559 262.823 271.364 290.668 354.647 56.4561 56.1984 58.9925
71.9299 75.2348 75.4908 72.7413 70.8094 66.3938 59.6979 62.2303 68.228 72.6117 73.8145 74.3398 75.6955 77.9508 76.4899 77.9734 80.5461 76.37 85.5761 86.5634 85.6015 82.632 77.7263 75.371 70.1821 67.2531 63.526 58.0547 48.7057 44.3195 49.1866 54.4127 58.8324 61.6058 63.9861 63.4826 64.6612 66.9955 71.2099 73.7932 70.8334 0 0 180 294.085 293.291 278.069 269.149 267.088 264.714 263.191 264.728 260.798 260.179 259.873 260.622 258.891 256.476 256.133 258.584 260.538 270.582 284.268 337.521 37.5648 50.7668 58.1133
75.4041 75.5206 73.4563 70.2337 65.9732 57.3971 52.1216 57.6402 70.5411 76.7462 76.4173 70.788 74.2053 75.491 75.4408 77.6039 79.0667 82.3371 86.3788 84.3872 81.4145 76.0674 71.4027 68.5248 66.5959 66.66 64.8197 59.8572 52.8454 52.3381 56.2486 58.3335 62.2856 66.042 65.745 65.9344 67.3222 71.4803 72.1914 69.2674 57.7245 55.3692 0 339.929 318.121 304.522 292.355 283.93 275.241 271.095 269.184 264.098 260.18 260.533 260.737 261.966 260.5 257.587 258.285 260.417 263.558 270.266 281.301 316.986 17.875 42.5623 54.7059
75.9697 73.0912 69.2662 66.9103 60.0628 54.1714 53.8095 59.0874 68.9409 75.0992 75.3571 76.5373 76.373 73.2074 79.4468 78.544 79.5144 82.308 81.2835 77.6711 74.8492 69.3018 65.9842 65.5676 67.4573 70.5486 70.5187 65.5095 61.9406 62.0297 63.1792 65.014 71.2081 74.0925 73.5791 72.8412 72.5018 75.0477 72.2156 65.9679 56.6262 47.0291 9.64885 325.297 321.426 314.373 305.991 301.012 290.206 283.807 273.88 264.72 263.086 263.008 262.404 262.254 261.236 259.01 259.405 262.313 265.349 269.327 279.679 298.059 352.959 33.3277 50.3934
71.2897 67.7774 64.0034 61.0435 56.6037 55.2185 54.6043 58.3415 63.0791 70.7812 71.7146 77.0062 79.9757 77.484 79.2312 75.2397 75.6644 74.0397 70.3332 68.2149 68.1074 64.9044 64.9572 68.2622 71.6454 75.8709 75.5472 72.4629 70.245 68.9523 72.9882 78.5563 83.7073 83.0199 83.7695 82.0468 78.5096 75.5268 70.9541 67.0261 56.6652 40.1836 12.5292 339.336 322.324 316.502 313.737 309.24 301.975 292.69 279.384 271.382 266.972 263.892 263.763 263.772 262.819 261.714 261.684 263.77 264.621 269.155 275.105 285.892 322.416 20.6432 45.3168
66.888 63.4121 59.4241 57.8549 56.0486 53.5686 52.7622 55.4004 59.0347 64.4229 67.5405 72.2408 77.4378 78.9291 72.3378 71.151 72.1782 69.0785 64.2692 64.6362 67.0166 67.251 69.2916 72.7038 76.4396 78.0072 77.8889 77.1745 77.1812 75.6044 81.2398 90.4716 93.3258 92.9966 91.9181 88.563 82.8244 78.9517 76.6181 70.5145 57.6837 40.2366 9.96063 341.99 326.91 319.321 317.898 315.773 307.623 297.029 285.056 276.847 270.772 265.921 266.069 266.452 267.76 266.564 263.856 263.153 264.168 266.163 269.88 278.142 300.331 358.271 40.3374
65.397 61.1168 58.5065 58.699 56.398 51.3518 51.8008 52.14 55.9725 61.1973 70.0238 73.489 70.8689 73.7361 70.4155 73.1343 75.7511 72.3023 66.2887 67.5741 67.9686 68.369 70.7405 74.9975 78.4144 77.9476 77.7775 78.6443 80.6631 80.3442 84.5923 92.9801 96.5036 99.521 97.2547 91.9316 90.4293 89.2814 84.6305 71.4204 57.2493 36.1294 7.8463 342.272 323.474 318.952 319.276 320.417 316.615 302.043 285.707 276.346 270.525 266.92 268.969 271.447 271.98 268.768 264.472 262.754 263.616 264.343 267.892 273.06 287.354 326.627 44.8084
