wasim_mod/input/grids/GRD/fundus_25.eor
ncols	193
nrows	326
xllcorner	39436.98047
yllcorner	214976.5781
cellsize	25.0198
nodata_value	-9999
[rows 276 to 321 of 326, columns 0 to 95 of 193]
90 55 54 81 134 172 51 204 58 17 2 67 51 107 95 114 107 48 51 177 187 69 74 60 163 28 74 1 118 36 138 13 106 55 195 102 50 142 173 105 72 165 19 155 135 62 167 3 102 202 158 69 33 121 198 23 30 104 42 68 77 50 90 192 123 106 86 68 71 68 96 107 8 68 129 81 137 10 196 136 82 50 62 107 101 182 111 56 197 18 98 75 100 83 67 20
105 101 113 97 110 162 73 50 9 204 102 60 43 58 17 63 105 86 73 133 124 94 95 68 51 62 194 104 105 145 39 72 61 74 157 51 50 176 168 66 38 184 79 102 198 94 97 5 122 101 127 71 139 93 134 95 103 164 67 99 67 34 59 149 79 166 4 104 77 29 191 55 54 68 202 185 61 54 186 40 96 195 37 103 109 171 181 18 53 53 103 85 104 24 197 104
148 76 84 50 161 79 67 102 75 72 12 77 102 44 98 188 189 102 84 68 61 85 193 95 33 198 107 58 5 68 123 142 92 74 94 4 47 22 15 100 49 96 51 174 52 182 56 50 20 58 87 69 54 80 190 35 9 194 163 96 25 60 180 66 102 178 49 199 2 62 167 102 69 200 42 141 197 99 165 93 121 93 99 175 62 202 155 64 129 195 97 66 48 101 196 91
151 100 71 171 110 56 135 26 50 72 66 91 96 67 99 51 94 4 73 39 199 97 23 38 5 67 61 179 137 76 97 53 146 87 83 168 193 136 14 94 122 49 49 116 86 37 63 188 65 181 172 162 43 79 54 64 62 79 100 64 65 150 2 98 187 189 103 74 96 15 63 100 74 127 57 197 113 109 61 55 177 119 194 9 100 67 93 90 3 16 56 196 200 88 13 40
65 74 178 78 55 142 115 41 7 50 67 112 96 80 16 97 24 4 67 192 83 77 62 58 85 35 48 180 63 96 96 54 11 184 161 107 69 92 84 183 93 156 197 141 193 92 170 5 48 27 64 44 2 96 66 95 49 185 167 96 21 140 91 15 79 101 194 126 20 68 99 196 188 195 148 200 176 89 67 129 187 70 139 3 94 117 202 69 60 73 91 9 70 53 94 14
51 73 93 94 61 197 48 94 192 103 201 67 76 56 28 53 86 63 160 83 61 13 48 4 193 89 127 74 122 90 75 173 153 7 65 12 88 109 91 5 80 61 174 125 93 194 169 92 73 48 118 196 2 45 152 79 15 195 84 60 66 49 146 85 55 198 95 200 116 182 108 102 98 85 38 53 151 162 72 62 187 92 113 166 37 3 175 39 184 183 77 18 76 63 64 145
176 167 193 29 57 66 77 149 92 90 129 92 70 112 51 139 196 80 201 171 8 120 17 115 194 15 66 92 10 4 46 198 87 48 104 89 47 156 195 75 89 59 97 87 64 138 88 73 49 67 124 79 161 100 130 134 71 88 5 91 7 135 133 168 137 86 78 131 181 2 86 60 136 93 132 54 90 41 50 24 68 20 83 200 78 14 91 111 47 177 83 172 69 67 103 55
95 122 88 194 14 195 90 53 89 16 73 73 142 60 47 88 62 160 77 87 143 51 74 61 42 84 146 128 79 170 145 22 105 82 144 180 18 6 166 25 11 153 76 99 89 141 178 90 72 56 86 66 8 14 116 89 68 4 126 33 74 49 54 197 28 84 87 118 53 140 64 96 72 62 85 176 69 88 83 191 50 107 48 88 81 85 47 1 152 200 186 69 45 7 47 78
81 83 83 182 92 102 43 110 48 177 127 74 59 54 80 124 37 106 66 71 156 58 111 82 36 38 81 78 183 85 174 46 51 115 14 149 82 93 65 9 76 39 184 57 169 197 60 1 46 190 191 26 29 88 23 67 71 20 62 50 108 35 82 161 63 94 98 189 19 57 68 32 142 117 56 16 120 143 46 192 60 69 47 186 52 50 175 75 82 148 155 196 70 67 144 188
58 80 191 104 13 163 5 73 11 79 46 160 138 47 86 172 130 81 96 182 109 103 135 116 168 15 134 179 64 153 54 75 137 188 113 136 133 62 196 192 111 131 122 183 132 186 118 195 90 70 13 80 177 53 17 187 62 63 10 157 173 2 61 70 69 62 50 112 142 76 185 193 56 194 78 47 33 127 143 152 46 100 59 74 59 106 31 141 91 46 48 184 174 66 28 53
165 166 13 49 170 7 186 147 79 78 74 73 65 176 51 105 148 67 46 185 194 53 60 182 70 68 58 193 45 45 167 69 142 46 143 29 98 129 78 65 138 64 57 61 189 43 77 74 71 5 73 76 184 171 60 114 72 75 155 107 104 101 141 32 72 73 125 144 46 137 112 188 190 50 95 130 68 136 48 179 161 77 26 158 134 82 135 15 113 131 109 47 69 133 88 177
47 75 153 72 190 160 175 63 111 75 52 67 10 184 187 12 128 62 66 115 83 169 6 112 16 63 74 59 59 100 34 147 110 138 90 53 47 9 102 20 5 140 129 55 50 40 73 45 152 74 73 164 114 45 142 45 145 105 143 191 58 183 176 186 166 28 65 59 48 12 31 92 17 91 117 113 165 93 56 7 1 8 86 97 2 76 24 170 13 60 44 122 53 137 57 148
73 29 18 25 101 61 172 46 191 98 48 95 49 124 173 57 19 87 140 50 58 11 145 61 168 158 183 70 45 14 188 51 51 192 185 45 174 64 118 144 125 2 187 141 178 43 72 194 193 126 112 16 71 26 51 138 80 189 115 195 68 120 3 103 62 161 17 111 127 147 72 106 154 5 6 113 71 186 70 182 58 184 175 163 12 128 142 114 44 1 143 69 190 64 88 13
16 65 46 63 64 9 8 177 93 57 136 43 66 43 189 149 102 119 45 20 12 185 167 2 142 46 131 49 18 3 151 54 100 62 143 97 104 28 190 150 44 182 43 47 56 65 94 171 64 50 116 56 82 61 68 107 162 135 11 50 55 47 14 132 191 50 172 46 53 147 60 155 24 44 43 109 183 184 159 173 65 122 181 43 138 134 133 68 178 56 17 192 115 51 145 106
143 61 191 11 42 126 125 63 103 137 87 157 43 44 169 10 129 53 51 43 2 59 44 49 153 60 63 66 21 45 192 166 4 96 108 58 7 67 147 117 42 110 43 181 63 149 183 50 88 67 152 57 45 33 67 23 145 177 91 156 65 27 11 64 146 61 62 92 170 141 54 89 42 14 42 54 130 90 160 182 99 49 46 49 180 56 5 59 65 190 189 187 150 55 46 9
100 175 143 5 60 32 164 25 79 95 63 189 16 53 53 46 63 63 134 147 65 118 190 161 44 122 60 158 59 168 63 133 45 64 61 50 165 146 50 188 63 58 149 53 2 182 153 61 85 180 176 58 98 43 65 111 187 62 145 19 186 54 57 120 157 105 42 137 47 152 10 65 15 45 44 11 103 169 179 96 123 41 141 56 55 14 56 26 65 63 150 21 41 46 51 108
97 87 56 180 172 163 10 159 6 40 130 51 43 92 55 20 68 60 116 58 46 12 187 44 60 136 121 81 24 154 27 104 55 50 149 22 5 53 59 164 106 167 146 173 39 186 59 179 102 174 158 161 49 114 57 35 153 115 10 18 142 38 59 57 185 181 131 36 188 143 2 93 17 37 113 14 145 11 58 34 43 150 175 82 109 59 51 157 152 54 63 45 151 183 135 56
181 163 107 186 180 50 141 50 126 13 4 45 166 154 146 9 127 10 32 53 43 138 117 185 187 171 57 42 20 101 45 56 99 53 128 26 161 158 121 145 48 153 14 119 150 56 54 12 60 57 55 84 22 97 148 61 178 184 46 152 51 172 151 164 57 9 43 110 129 157 180 41 104 11 2 41 54 62 64 136 143 24 46 55 167 106 116 47 182 183 160 42 45 9 29 48
118 161 137 124 150 44 105 55 42 39 42 54 50 138 62 6 134 23 55 16 153 61 25 157 52 93 170 13 133 151 132 63 112 47 148 152 125 51 8 1 183 42 20 103 95 94 160 9 38 182 53 177 107 121 30 7 156 48 126 179 15 166 47 99 181 101 185 48 46 54 55 162 111 14 96 2 171 147 159 37 22 35 45 28 8 34 49 39 146 55 39 36 144 178 52 12
129 64 6 180 156 137 46 115 8 80 47 169 73 147 46 135 74 165 159 40 51 54 53 48 75 52 38 184 108 29 2 98 13 53 45 54 42 114 62 7 158 42 45 16 120 52 130 124 183 44 162 53 179 49 176 142 31 81 72 49 146 149 178 134 67 155 23 180 42 1 38 27 55 8 113 44 47 157 131 161 9 20 182 46 170 49 82 44 118 177 125 25 101 133 184 105
1 178 180 65 43 91 173 19 181 168 14 28 117 7 109 127 163 42 10 86 155 183 85 51 146 41 92 157 68 51 100 37 43 50 42 41 95 26 102 149 24 54 46 6 38 93 21 135 8 5 119 165 44 96 94 182 16 69 141 47 36 34 46 35 178 177 162 104 2 128 56 106 123 33 49 175 63 48 71 60 3 13 40 161 50 47 154 181 169 9 156 50 49 148 160 116
111 146 3 173 171 149 179 66 99 125 46 53 105 15 172 118 121 42 180 110 45 163 22 154 177 42 156 62 55 178 59 4 176 12 140 107 16 6 135 162 180 168 138 165 45 38 44 148 5 161 179 43 24 144 174 126 43 160 175 150 19 58 45 1 159 145 7 143 45 155 153 50 176 102 41 40 38 177 147 100 158 41 30 122 11 10 179 64 134 26 109 44 142 28 141 178
32 96 63 29 144 177 98 36 143 67 18 89 159 7 155 20 115 87 61 3 175 27 158 112 40 103 153 79 124 48 95 40 173 43 111 176 114 145 6 174 168 113 1 4 157 90 150 140 134 147 22 120 70 141 177 80 136 94 86 93 91 92 2 99 177 81 138 82 41 47 152 166 31 164 83 177 42 36 40 12 175 151 154 5 105 84 49 156 38 85 43 24 133 176 142 125
152 142 36 138 122 44 39 141 5 168 1 151 147 174 164 2 133 45 155 42 137 135 73 166 25 175 60 42 37 35 173 119 149 153 41 40 34 106 163 39 35 76 136 143 169 101 162 171 175 173 98 140 62 174 159 139 172 13 132 175 35 161 160 175 33 40 154 134 146 116 27 97 175 43 41 144 123 157 158 113 29 112 170 141 156 22 167 15 165 140 59 103 173 18 148 138
2 37 161 172 142 165 7 169 28 157 170 95 174 144 174 160 158 38 102 159 133 64 156 107 129 150 171 23 151 172 126 146 138 77 21 134 153 167 121 135 66 136 155 148 8 61 173 128 15 19 30 57 11 127 25 164 17 69 137 172 140 104 38 40 39 131 94 9 173 171 36 141 154 152 145 14 53 166 117 39 93 109 163 136 88 132 170 10 173 13 139 51 172 149 49 168
47 172 123 38 108 139 171 26 12 20 149 18 43 83 134 151 32 170 154 129 132 168 150 169 166 82 120 111 37 60 138 172 133 34 81 14 163 140 37 80 79 15 172 16 100 105 35 153 52 171 172 170 118 39 135 142 137 147 124 7 145 28 141 38 134 128 31 152 1 23 139 162 50 62 102 165 170 170 170 13 67 158 169 148 125 110 167 157 159 143 130 127 58 126 136 171
152 122 148 134 149 133 132 139 150 37 5 135 34 114 22 115 169 151 44 113 137 94 130 36 1 29 96 46 165 38 131 128 12 170 103 75 162 37 26 65 136 170 168 112 36 13 53 140 15 33 38 49 41 138 37 33 145 132 161 38 120 170 123 64 170 158 160 157 108 159 141 139 169 143 156 166 100 127 137 134 133 33 168 129 167 111 38 32 93 138 43 105 155 33 124 135
119 30 33 167 12 135 35 138 66 99 73 137 24 127 139 134 130 122 36 44 1 162 88 45 42 128 136 8 133 10 36 37 34 135 129 116 109 168 106 157 167 103 6 164 158 161 134 114 5 115 167 87 48 156 26 140 143 22 85 166 94 126 160 86 77 36 135 159 155 132 167 113 57 165 37 29 131 123 154 134 69 58 120 60 63 125 133 33 9 124 84 168 142 95 145 3
41 20 93 167 34 72 135 166 132 125 136 162 46 140 39 7 134 32 122 117 27 53 119 143 126 166 132 133 35 110 124 157 103 167 95 137 123 32 158 131 161 142 67 156 13 101 30 37 127 24 10 21 35 94 165 2 160 167 166 155 167 33 159 16 106 167 132 130 120 154 125 128 131 3 138 36 131 163 150 141 164 131 153 148 151 18 34 149 26 116 109 131 99 129 152 115
163 19 166 129 126 119 48 161 165 123 100 70 130 111 132 138 97 90 160 36 93 128 122 125 15 158 133 129 129 131 159 120 27 129 129 127 141 145 13 157 2 164 156 134 121 117 10 17 12 30 165 54 129 155 33 3 110 41 39 33 24 149 32 150 106 148 20 135 154 103 129 30 151 128 11 153 164 30 139 147 152 146 124 57 130 89 162 144 165 61 32 109 66 58 7 126
138 127 29 93 16 164 30 128 144 40 77 141 163 159 127 46 164 104 112 96 35 10 121 143 83 134 126 164 11 125 81 119 158 59 146 12 127 82 147 127 31 148 120 29 163 157 94 3 31 156 36 149 111 129 27 99 127 139 155 126 163 14 33 142 123 110 106 2 135 152 29 150 161 128 163 151 132 162 154 117 50 131 102 153 31 19 24 125 29 73 68 163 145 124 109 60
162 125 31 107 72 162 148 8 157 6 94 126 12 112 48 3 25 23 161 28 125 156 119 120 34 160 92 90 27 38 149 111 70 125 65 124 146 143 54 139 43 28 155 62 93 135 96 117 145 28 125 33 150 161 122 27 64 161 161 71 51 161 151 154 152 18 110 161 40 123 131 127 161 27 132 57 153 9 116 161 125 128 140 106 104 2 126 159 130 161 58 124 144 109 160 136
159 107 158 144 147 155 102 50 116 97 123 146 150 121 139 135 128 25 91 122 159 17 12 124 111 30 159 87 31 159 99 154 27 159 26 35 151 115 15 79 26 26 159 123 159 38 145 78 118 152 86 153 159 110 140 52 23 148 157 80 2 120 85 136 131 96 4 10 114 125 123 122 158 132 119 26 77 141 103 117 106 8 84 130 109 60 142 18 124 5 40 126 158 123 121 158
57 25 125 157 154 118 64 62 27 14 31 58 157 119 105 123 121 30 4 152 114 111 25 116 135 153 62 140 22 120 156 40 25 126 7 157 149 146 48 61 121 157 65 5 2 97 141 101 122 42 54 10 142 70 67 119 32 12 120 157 110 72 143 117 92 17 148 118 156 38 144 91 25 96 156 109 121 33 93 136 127 132 71 115 113 150 155 147 156 44 119 56 6 18 106 156
115 66 61 111 88 64 98 154 6 21 40 97 38 152 155 104 24 145 150 116 128 120 92 149 110 13 153 121 154 149 24 42 34 2 57 150 150 153 149 61 135 52 146 118 150 93 148 122 109 91 96 147 60 10 151 154 100 113 17 149 14 154 151 152 105 154 58 148 123 28 153 152 25 12 7 87 36 24 153 151 151 124 59 79 152 26 117 108 5 150 78 136 151 148 119 153
145 122 113 119 134 130 123 143 146 142 25 103 144 28 43 36 141 116 2 5 108 7 124 114 115 17 10 140 54 59 104 31 26 145 100 135 60 13 129 24 75 139 98 34 29 118 120 6 12 89 105 144 136 99 21 112 35 30 48 14 37 138 137 143 3 128 4 18 23 8 92 106 9 125 23 111 110 142 46 39 121 101 49 109 117 27 58 63 40 107 141 23 62 90 41 15
37 4 130 52 114 77 115 14 112 122 119 72 101 103 125 59 111 18 90 108 110 47 24 21 81 68 104 22 28 102 129 69 86 123 11 35 58 118 25 89 15 105 76 103 113 22 67 128 22 39 109 71 29 23 82 22 117 61 120 106 70 33 104 127 85 112 54 26 124 36 34 91 62 114 7 19 22 116 111 107 30 16 5 83 40 84 60 121 10 115 105 1 38 22 27 110
4 123 21 113 77 118 79 58 115 38 12 120 117 116 60 39 3 46 1 90 32 34 13 80 110 11 21 24 20 112 23 2 28 121 17 61 31 86 25 40 114 33 89 47 22 76 59 81 35 122 54 73 119 37 14 7 57 113 111 46 5 26 85 115 88 10 18 52 41 44 64 120 82 118 6 116 29 117 21 56 121 8 20 9 114 112 20 15 55 20 20 83 84 20 19 27
58 34 10 4 18 55 88 56 24 36 27 20 63 12 9 57 19 8 41 66 18 77 31 2 78 3 87 6 13 85 25 76 30 5 47 48 17 73 51 61 79 52 88 80 17 49 17 17 32 81 84 17 14 33 16 44 1 35 19 21 18 20 37 82 7 38 28 83 22 39 15 65 53 46 17 8 26 9 10 23 57 75 11 4 59 58 40 16 36 45 2 54 6 43 87 34
18 55 29 6 17 1 4 16 5 57 19 67 22 83 10 3 40 7 14 56 27 1 44 86 15 33 72 46 35 20 2 14 31 14 76 47 11 25 66 82 1 8 14 59 85 75 23 61 6 52 14 1 4 81 17 43 77 63 12 18 45 21 13 5 3 9 28 32 53 2 1 51 16 80 7 30 19 1 54 55 15 50 37 26 65 71 38 78 56 29 14 10 79 74 1 48
68 36 6 82 13 5 43 16 2 12 19 10 21 11 30 39 47 59 8 4 27 67 35 15 55 75 3 12 42 33 76 23 29 41 51 71 28 25 7 20 52 50 61 74 9 17 14 5 3 11 66 81 2 1 54 53 32 57 56 6 18 83 13 4 63 34 10 22 77 48 16 3 12 49 19 40 8 31 11 26 44 73 80 65 21 24 7 30 4 3 5 15 9 37 78 6
48 7 9 6 14 4 44 61 55 35 76 1 74 57 38 50 67 23 63 51 32 45 5 80 19 15 52 34 25 41 54 22 53 43 77 1 31 46 2 13 66 8 73 4 21 39 30 11 70 29 28 3 58 26 12 78 17 6 27 47 79 16 33 1 60 7 9 44 10 48 24 20 14 42 36 5 18 65 62 2 1 49 40 15 45 37 32 35 23 46 50 2 43 4 34 19
66 1 17 21 38 15 2 3 32 42 24 12 52 48 62 4 46 13 59 11 18 39 20 31 30 35 25 43 29 14 65 53 28 26 6 27 36 8 2 34 23 3 40 49 55 1 5 56 44 54 33 7 61 19 3 22 3 41 57 9 45 50 37 11 2 10 12 47 16 32 64 15 21 13 3 4 24 1 17 51 28 29 25 31 30 42 27 26 60 14 38 58 20 3 48 18
44 5 60 23 11 2 40 52 6 4 36 49 20 26 15 25 24 12 14 22 8 27 16 41 7 59 33 3 9 53 17 47 28 34 32 10 5 18 21 31 50 13 54 23 4 42 37 29 45 30 19 24 11 25 55 6 43 22 26 20 9 5 56 38 35 8 7 12 27 51 39 23 57 21 3 10 1 4 24 46 28 52 48 40 32 33 15 5 14 25 31 6 30 29 2 22
46 18 11 26 48 37 34 49 44 52 24 32 17 38 22 50 3 42 27 54 8 10 1 7 20 19 13 39 16 28 6 12 9 14 25 49 4 29 15 55 23 5 21 18 51 11 30 35 33 26 56 40 2 45 31 49 10 8 24 43 27 7 17 36 47 22 19 9 53 6 37 28 20 48 5 25 50 29 38 18 4 16 3 12 41 48 32 13 23 11 34 21 1 26 14 8
23 12 27 31 35 34 42 21 15 46 8 51 13 7 44 6 2 38 24 36 14 18 16 4 19 40 45 28 3 9 25 50 5 17 22 32 53 30 26 10 37 20 33 34 47 7 11 15 43 46 8 1 35 48 6 41 23 16 27 12 4 39 45 44 49 29 5 13 21 24 52 3 18 14 31 36 9 42 17 25 19 15 7 38 33 32 51 2 34 28 8 26 6 10 16 43
