wasim_mod/input/grids/GRD/fundus_25.eor
ncols	193
nrows	326
xllcorner	39436.98047
yllcorner	214976.5781
cellsize	25.0198
nodata_value	-9999
[rows 46 to 91 of 326, columns 96 to 191 of 193]
259 225 256 100 279 101 148 304 262 101 280 225 126 148 207 322 138 326 260 118 151 285 275 282 279 324 274 228 272 253 146 233 219 222 253 278 291 320 270 234 262 271 276 150 258 271 155 191 276 173 107 307 269 283 233 314 287 277 169 276 279 278 239 266 277 308 279 319 173 277 270 159 312 311 310 297 281 255 149 239 194 244 156 290 279 131 237 116 168 110 276 275 132 289 267 147
232 268 323 305 291 256 325 236 264 249 162 236 305 133 176 175 115 151 278 252 283 257 150 237 245 233 173 267 150 276 311 320 282 279 278 122 238 277 142 289 212 279 273 296 122 252 290 277 100 280 278 264 198 150 261 234 315 310 272 275 174 281 221 136 237 306 303 271 183 252 279 227 286 200 206 273 212 140 252 204 282 223 150 243 148 310 145 249 130 109 278 276 257 150 294 178
240 224 219 203 99 214 238 171 153 173 309 117 276 314 144 302 279 225 278 312 254 238 277 275 149 281 277 263 129 326 217 263 211 163 253 143 275 174 120 291 184 251 252 276 227 280 241 172 150 275 209 169 265 252 232 281 311 160 255 282 311 242 232 322 106 242 325 252 288 225 273 139 278 287 295 148 126 276 322 230 277 166 102 101 99 243 238 111 319 242 276 235 197 302 299 127
269 269 292 257 133 132 311 170 226 239 288 98 128 175 281 176 125 232 252 234 101 298 242 250 312 138 278 242 242 291 177 276 260 169 275 289 108 306 268 100 98 244 232 192 263 275 174 236 252 164 320 273 237 317 208 286 278 276 149 196 131 252 254 100 298 148 278 314 292 265 169 109 234 149 284 275 326 277 275 180 149 267 225 326 275 255 138 233 213 239 251 146 233 249 307 267
311 276 309 280 169 308 252 251 116 279 258 175 238 315 178 274 141 261 147 297 270 318 103 280 96 174 312 275 150 276 312 278 238 322 323 195 295 252 242 98 271 318 303 96 300 279 253 226 278 188 188 147 296 280 269 250 230 223 274 178 207 110 294 231 149 134 274 316 277 97 280 279 290 274 285 275 232 204 252 287 148 171 161 296 273 266 310 259 218 140 119 274 251 251 268 244
189 174 272 266 235 165 256 231 272 222 320 118 228 98 274 251 306 234 219 304 104 262 277 155 253 149 292 279 276 210 268 269 277 293 238 313 270 274 324 289 239 279 271 215 273 237 177 267 206 236 95 148 149 149 101 279 238 190 209 194 279 273 281 252 182 107 275 154 260 149 264 302 321 280 233 278 149 242 276 112 264 139 301 247 99 281 147 286 228 144 143 275 159 308 217 288
326 280 305 299 238 97 275 150 301 316 325 272 98 149 278 265 170 221 246 175 144 231 312 130 251 299 130 251 312 174 273 217 200 303 274 307 251 226 294 244 146 310 251 243 252 251 229 313 274 175 278 202 138 283 271 288 162 131 287 96 318 258 235 233 278 212 148 295 231 221 193 123 122 311 241 234 243 183 254 238 151 278 276 284 141 324 224 285 106 273 273 174 135 99 271 276
323 279 269 272 264 229 150 121 308 304 273 100 281 184 253 115 231 117 252 275 174 234 150 312 233 220 277 224 157 268 238 204 239 255 270 269 245 137 276 286 174 230 250 170 255 271 129 266 250 183 167 149 240 219 306 258 147 234 98 132 178 198 196 251 274 95 274 261 243 160 243 174 149 232 277 208 296 219 298 120 193 147 272 179 103 277 185 293 249 274 325 291 274 140 163 257
224 186 314 251 312 276 277 201 321 277 295 263 309 272 322 243 248 108 309 300 136 319 214 146 143 288 292 119 94 317 231 97 227 177 180 268 239 297 143 96 252 268 263 194 251 275 240 243 260 277 273 281 166 256 146 139 250 172 223 170 146 294 302 107 106 103 170 149 275 144 296 265 124 95 102 310 169 108 272 100 300 104 261 267 274 260 243 277 267 268 105 123 242 287 205 233
262 146 304 169 152 303 253 313 175 138 260 274 196 228 276 238 198 275 170 289 236 98 134 293 281 290 265 243 107 176 281 267 141 232 276 324 265 325 322 249 291 269 246 254 315 271 127 128 263 243 306 245 273 113 271 116 271 148 95 276 161 270 250 278 273 271 244 251 203 202 126 105 252 264 274 276 286 306 292 275 259 125 289 261 256 150 206 191 293 325 256 299 195 262 254 149
273 267 226 315 124 228 266 271 271 148 204 248 276 258 301 269 275 194 140 312 244 132 145 242 201 264 222 146 247 235 230 276 275 235 148 283 266 261 311 326 268 190 321 203 142 270 189 156 302 292 141 253 148 281 272 271 149 266 295 285 259 273 148 148 106 116 175 222 276 251 241 299 118 294 178 293 148 317 149 148 99 275 214 145 119 148 244 320 189 172 270 273 296 279 291 148
230 231 101 270 245 270 270 187 186 144 273 270 316 181 176 147 224 272 250 300 250 93 306 100 251 237 257 310 121 169 255 148 234 230 274 256 228 234 274 320 307 274 274 97 252 275 146 277 135 294 264 272 139 193 267 122 273 250 233 93 207 249 274 286 265 162 153 100 294 208 313 261 273 236 120 214 157 269 249 273 284 185 277 213 232 258 294 233 305 237 102 255 216 297 250 274
275 108 290 324 230 311 266 244 136 129 293 272 176 209 160 258 273 273 184 273 140 321 323 250 169 269 234 250 145 282 217 272 144 269 251 211 257 275 269 325 128 270 289 184 148 247 280 322 313 227 290 298 172 176 173 102 253 314 230 273 299 289 267 269 267 273 117 244 177 269 240 225 321 291 175 317 285 265 228 274 271 271 178 317 306 123 93 268 98 177 273 233 252 251 171 302
266 123 244 210 250 263 146 147 306 246 294 167 286 219 171 178 238 147 196 148 295 316 274 144 223 180 289 93 266 262 249 147 250 268 287 145 230 254 197 176 276 145 257 269 271 271 206 242 309 152 268 263 252 289 276 247 244 325 324 310 115 273 267 263 254 268 104 221 261 143 182 318 250 207 256 293 168 260 201 296 264 111 296 284 261 249 308 177 322 234 293 241 220 245 272 125
176 229 106 249 271 265 307 255 250 95 250 196 204 326 319 245 267 265 233 131 235 230 114 268 274 195 128 244 244 172 274 164 135 107 285 252 231 173 259 254 147 313 302 264 177 303 176 146 239 269 232 159 161 279 222 228 279 147 110 95 233 267 305 265 225 145 226 205 253 230 213 304 108 240 295 291 212 271 124 195 249 275 206 244 112 231 191 270 250 241 155 245 249 147 248 271
141 244 147 229 145 245 260 130 313 231 271 245 114 147 267 249 315 289 147 290 145 322 317 232 306 198 257 248 250 260 228 291 109 194 224 113 269 288 286 147 147 247 200 177 132 134 314 320 294 308 147 289 259 258 269 262 251 229 146 266 323 321 261 236 316 307 264 282 222 125 235 146 147 187 267 255 242 92 301 270 101 147 264 142 255 179 291 266 324 320 295 146 248 289 214 193
257 229 288 264 147 270 229 92 153 285 271 207 188 138 273 267 120 250 243 198 197 290 202 267 248 248 281 145 272 138 102 259 103 94 92 213 229 179 252 276 169 248 232 304 138 209 146 236 162 141 227 151 135 251 249 176 274 268 139 281 252 250 231 142 272 304 298 95 270 239 119 269 307 138 310 203 309 269 215 312 297 235 326 297 270 138 170 174 264 249 253 265 204 270 245 143
267 139 142 267 294 262 191 293 254 141 253 237 137 263 257 111 142 202 258 263 197 140 261 132 177 273 249 229 250 246 272 284 275 145 98 248 170 256 247 258 254 143 228 296 143 246 294 272 301 232 296 173 248 103 282 227 302 292 247 264 295 261 249 234 280 141 250 269 107 263 264 145 260 225 275 297 287 138 295 131 145 266 172 244 271 187 258 216 268 231 269 133 300 256 264 242
245 177 295 144 143 253 262 258 140 229 184 137 266 243 196 208 263 104 163 245 172 104 298 285 248 121 91 241 135 268 136 172 93 290 251 143 217 269 292 265 247 227 178 252 99 245 251 177 247 314 248 235 172 305 249 269 180 267 277 252 297 284 130 119 291 265 246 146 283 270 94 234 268 208 304 230 316 278 144 318 227 205 222 303 253 247 231 307 177 167 152 279 298 201 326 291
168 321 127 92 297 112 210 314 298 144 135 106 300 268 110 225 159 260 134 242 233 181 261 246 295 282 293 265 97 231 146 248 146 261 182 149 315 249 195 139 322 228 137 282 266 92 268 133 219 296 228 248 161 246 183 255 249 233 231 242 247 184 251 106 262 320 144 144 210 255 146 115 247 246 248 263 257 256 138 299 264 302 227 260 224 136 135 134 91 297 134 246 290 288 198 145
315 261 326 313 247 178 131 263 129 285 229 156 290 287 247 256 299 249 154 265 302 177 252 135 132 122 121 296 249 204 288 136 147 109 262 129 243 136 292 212 194 264 114 269 174 317 234 98 286 205 145 134 90 246 179 228 132 235 299 314 178 267 246 280 266 317 191 91 262 94 299 144 135 144 133 293 246 247 238 102 308 247 298 248 258 146 144 136 301 245 321 267 118 245 145 145
307 135 113 261 261 284 234 136 254 95 260 135 134 94 250 316 265 133 117 267 241 298 194 186 299 290 290 132 274 146 146 305 133 267 249 134 137 283 274 296 181 255 197 293 266 127 227 256 291 291 247 96 135 264 259 178 298 260 265 248 303 298 109 178 134 249 259 271 160 110 108 319 258 261 226 175 232 254 264 248 143 157 174 198 134 263 124 314 162 226 322 144 132 245 290 244
271 297 287 271 246 270 226 105 265 293 260 244 187 306 248 297 245 131 251 214 107 248 264 230 120 89 299 178 132 310 252 202 153 131 245 179 91 282 138 236 136 266 261 178 144 246 232 145 230 319 193 266 132 244 228 176 92 259 251 285 318 248 303 296 281 279 125 178 296 252 119 128 142 228 243 301 247 222 246 104 291 223 97 131 248 196 180 209 89 139 281 315 262 247 189 144
280 246 299 231 173 260 224 134 249 144 113 129 255 253 283 163 224 259 234 264 131 90 89 265 244 226 228 257 227 123 229 105 145 141 91 132 304 269 146 259 230 225 317 314 265 300 311 179 133 257 249 321 243 223 292 248 260 90 300 262 258 296 199 316 240 289 237 244 247 287 226 131 299 293 232 247 136 244 185 171 283 250 228 246 130 264 244 299 138 148 326 135 316 184 254 234
179 249 321 232 301 271 141 242 241 324 145 268 251 291 286 139 248 247 145 106 300 231 300 254 88 247 308 256 260 300 234 298 262 234 259 263 292 246 238 91 256 93 220 252 265 255 101 140 94 243 192 227 90 263 243 121 227 188 248 159 263 88 262 228 196 93 95 173 281 260 276 245 298 243 170 231 122 295 250 249 141 261 307 95 301 256 303 275 192 267 294 260 203 313 299 284
316 137 233 258 253 144 291 248 311 219 244 91 218 294 296 242 244 156 253 145 281 226 247 228 290 262 179 201 262 179 96 107 245 257 315 190 90 92 271 243 265 242 89 296 304 262 249 246 128 134 248 244 181 244 88 297 282 239 298 210 91 289 191 248 205 229 250 130 248 143 129 242 130 250 259 222 175 135 291 130 149 210 257 118 256 88 102 130 251 246 293 257 243 270 133 232
259 262 97 145 227 180 130 87 247 230 140 143 258 263 258 259 255 251 245 261 241 160 297 294 270 242 223 141 195 310 177 248 142 293 176 126 162 301 300 143 301 271 115 260 245 252 144 285 125 100 128 249 274 250 228 108 314 250 208 232 150 182 231 233 181 118 325 261 261 240 236 242 108 165 255 253 228 282 245 138 250 157 91 123 240 301 227 243 248 252 227 227 191 120 292 245
247 248 246 283 129 94 107 260 244 258 304 233 242 250 298 243 261 246 221 301 244 227 180 301 230 305 229 88 254 182 126 258 237 180 256 240 299 261 86 256 123 253 89 243 226 255 244 247 284 224 269 323 289 260 223 232 261 259 279 233 314 180 305 240 185 242 139 227 183 184 258 239 272 125 235 233 111 248 144 231 230 318 231 255 143 241 243 90 254 90 95 301 185 225 315 242
244 213 117 295 244 283 193 110 190 226 241 144 262 295 316 246 239 258 99 205 158 256 315 269 144 255 249 257 253 186 252 174 200 186 92 252 266 254 259 235 231 142 140 121 281 161 194 258 247 197 259 144 228 229 280 138 87 292 269 260 247 141 257 245 227 209 275 153 254 246 251 90 181 86 119 238 242 151 322 243 290 257 214 117 282 322 251 260 207 173 263 135 138 250 166 238
315 222 226 270 188 258 254 241 178 299 223 271 239 169 143 250 307 296 129 102 164 247 102 302 182 253 242 243 288 292 245 258 256 269 241 106 105 271 279 292 98 244 309 257 319 259 232 293 290 282 245 182 255 225 247 97 244 90 266 181 267 293 249 241 237 232 100 227 257 299 312 256 311 252 188 301 86 312 294 306 295 243 246 139 175 132 293 252 181 246 240 259 288 241 97 92
306 281 246 284 91 131 294 227 183 93 269 183 142 246 181 287 259 232 89 292 250 90 226 181 245 116 126 251 120 98 267 264 87 232 189 181 219 256 89 232 230 243 286 264 217 127 241 301 162 259 277 246 243 245 244 253 245 182 218 140 231 325 250 143 283 179 239 293 199 84 248 143 309 244 294 210 121 314 257 324 285 301 255 87 298 226 184 142 114 242 143 252 251 303 90 246
287 143 265 298 302 291 256 254 130 90 210 94 310 323 320 270 245 299 255 231 225 128 142 230 244 302 272 316 299 249 315 241 191 242 230 248 245 228 255 254 304 91 224 99 152 142 142 253 251 95 228 257 112 221 89 229 243 109 259 180 263 256 223 305 183 300 257 105 241 250 229 160 84 242 303 182 289 245 243 137 243 225 244 232 171 182 114 242 156 198 253 249 310 228 92 186
269 294 96 141 132 237 245 182 244 252 281 295 231 244 257 259 300 238 181 115 227 182 89 297 242 128 170 293 142 228 263 258 255 231 124 182 278 254 248 302 285 279 194 183 250 251 301 182 182 283 234 83 273 187 88 302 125 125 251 243 231 127 141 130 247 256 131 140 91 301 326 258 242 290 284 224 272 289 241 236 321 268 225 130 228 244 316 226 104 256 258 100 231 206 256 284
236 248 173 323 240 227 93 140 113 315 288 266 268 255 236 166 243 97 282 258 183 175 249 236 120 270 232 295 142 94 184 224 128 290 286 209 83 98 113 229 164 103 250 142 247 194 202 287 171 188 294 227 212 111 223 150 228 264 320 226 244 255 239 298 278 228 269 89 302 90 230 242 244 197 294 88 98 309 235 185 242 242 244 259 266 168 84 254 183 256 248 240 200 228 241 230
90 88 210 277 227 110 109 241 215 240 128 83 251 265 307 219 244 292 139 296 323 245 225 127 237 222 185 242 117 238 162 239 189 183 94 117 296 113 237 186 309 137 294 268 86 252 228 84 254 95 147 320 247 184 119 310 303 231 183 317 248 101 298 240 276 183 270 221 310 158 247 243 226 184 175 273 227 85 317 297 243 183 253 190 151 242 299 229 236 124 250 232 230 291 249 240
204 227 141 294 283 141 190 255 240 300 238 125 228 184 251 184 126 141 104 303 271 230 193 285 253 248 266 223 254 187 255 241 230 292 88 257 126 269 247 252 192 82 187 242 196 303 138 257 141 321 246 227 289 141 185 263 83 243 228 128 239 105 85 283 191 270 235 295 267 239 283 122 246 141 99 246 242 269 111 165 239 199 230 184 138 141 159 302 118 251 254 242 238 189 250 230
256 203 201 254 100 120 281 110 264 259 268 313 177 228 195 276 184 175 93 241 294 319 281 184 188 184 235 109 186 302 220 324 148 263 227 127 289 224 246 255 82 305 286 208 282 123 225 296 258 92 223 240 184 288 271 131 237 254 233 228 290 240 272 116 108 185 135 225 245 103 222 253 89 247 232 222 102 236 224 83 322 171 136 323 287 234 301 256 241 279 278 229 97 170 247 210
303 262 256 119 248 140 241 187 222 229 261 240 132 104 93 248 268 249 230 87 254 253 137 251 122 134 295 242 324 250 247 249 189 144 90 185 113 262 246 312 82 303 244 244 114 192 125 185 256 253 121 242 185 231 253 235 94 252 247 244 132 227 127 185 323 186 81 297 253 301 194 243 325 91 115 226 253 245 185 225 185 325 106 118 280 295 178 153 87 227 185 253 285 229 253 164
128 166 241 232 81 321 190 187 87 239 140 140 100 303 263 224 292 229 161 261 168 86 188 195 295 193 149 299 229 140 326 293 140 260 283 140 176 244 271 284 316 303 311 252 276 83 131 218 99 264 175 294 120 200 115 101 230 229 228 223 140 222 320 315 186 240 239 234 118 90 173 140 229 212 116 295 319 229 255 245 295 240 209 253 268 143 277 224 302 269 251 267 253 265 226 136
206 221 203 241 227 295 324 297 113 228 80 289 304 259 254 237 96 245 296 225 150 300 284 254 81 229 88 191 85 91 129 83 121 124 221 296 253 139 284 93 302 196 240 315 253 235 188 239 133 187 84 236 295 258 109 304 249 304 259 232 87 186 204 284 295 307 89 308 295 317 302 125 245 105 80 140 244 133 90 273 226 229 264 239 189 187 242 257 251 245 105 108 287 240 100 284
226 111 86 230 127 298 254 221 139 248 147 112 261 222 199 89 207 234 272 225 179 237 223 208 93 80 314 254 165 254 254 127 276 122 305 246 82 290 282 253 239 303 125 94 281 88 171 139 188 102 242 195 235 221 139 234 270 226 293 303 238 184 290 279 269 304 254 94 297 239 244 210 95 304 84 249 251 239 233 278 139 240 227 187 139 301 135 250 114 228 313 239 241 115 88 87
299 249 194 252 138 277 239 301 317 249 243 101 124 240 303 291 176 326 175 134 88 253 122 325 260 86 233 163 254 260 222 87 129 99 238 225 79 80 228 322 109 255 299 186 186 169 304 191 298 320 268 304 118 225 188 170 267 251 239 198 245 91 303 321 187 242 102 125 295 272 124 309 228 243 189 221 85 236 259 189 258 89 312 121 220 236 286 224 252 229 253 104 252 237 193 285
232 81 255 319 251 235 252 240 187 211 90 138 233 121 253 242 234 326 253 138 197 237 252 315 304 244 88 250 189 190 122 173 300 187 138 296 128 79 255 269 138 227 264 138 145 244 98 305 131 273 238 305 292 230 188 296 226 202 223 287 238 283 246 269 249 189 251 131 315 129 119 225 238 277 323 254 217 296 193 241 234 200 118 322 263 251 242 86 302 243 244 244 231 267 255 298
222 120 85 233 304 288 273 291 259 93 270 258 114 305 196 138 99 246 238 92 209 247 157 255 290 245 242 87 91 100 166 127 190 78 85 117 301 189 318 158 248 240 125 78 114 88 265 303 223 201 294 238 305 227 259 181 294 256 225 90 187 221 96 250 191 266 137 100 319 137 251 299 132 124 221 241 203 137 109 268 251 252 125 226 326 258 252 136 250 200 113 188 107 262 230 126
102 255 137 117 108 316 88 244 192 192 84 83 149 220 105 259 251 124 325 285 301 304 230 179 245 80 257 102 208 141 122 302 235 304 190 146 82 111 78 232 299 130 284 256 260 193 119 87 226 229 118 232 274 278 262 194 276 175 259 306 232 284 238 144 266 85 268 254 88 293 279 78 295 131 136 177 241 227 258 247 135 94 263 234 305 270 224 320 84 173 260 282 236 88 97 249
298 287 119 245 321 224 259 226 296 258 233 242 240 323 303 305 136 190 137 303 322 245 234 248 79 88 239 87 264 319 226 198 308 238 266 238 218 256 251 271 227 210 248 227 263 244 140 292 276 241 116 264 300 132 198 123 325 242 293 305 242 165 322 307 221 265 263 233 120 291 283 77 110 222 286 250 227 240 301 125 234 243 135 224 87 121 238 258 174 86 298 251 147 257 116 299
