wasim_mod/input/grids/GRD/fundus_25.sd4
ncols	193
nrows	326
xllcorner	39436.98047
yllcorner	214976.5781
cellsize	25.0198
nodata_value	-9999
[rows 288 to 323 of 326, columns 81 to 161 of 193]
0 0 0 0 0.084601 0.282328 0.457427 0.590145 0.690783 0.791848 0.920858 0.955904 0.786131 0.600986 0.384517 0.183337 0.0550324 0 0 0 0 0 0 0 0 0 0 0 0 0 0 0 0 0 0 0 0 0 0 0 0 0 0 0 0 0 0 0 0 0 0 0 0.335107 0.437808 0.458624 0.471052 0.503498 0.565771 0.637449 0.718322 1 0.872121 0.823732 0.759258 0.66375 0.686723 0.689147 0.610663 0.589282 0.712554 0.674006 0.148443 0 0 0 0 0 0 0 0 0
0 0 0.0555065 0.216298 0.430243 0.584422 0.687942 0.754732 0.807836 0.874807 0.975015 0.93848 0.862624 0.743115 0.533378 0.284649 0.0985435 0 0 0 0 0 0 0 0 0 0 0 0 0 0 0 0 0 0 0 0 0 0 0 0 0 0 0 0 0 0 0 0 0 0.0655919 0.283371 0.392669 0.446113 0.450984 0.451416 0.469523 0.51403 0.588108 0.692402 0.837374 1 0.814869 0.720346 0.659806 0.661834 0.618659 0.580004 0.607759 0.691818 0.889556 0.678049 0.356898 0.149977 0 0 0 0 0 0 0
0.196528 0.241039 0.400818 0.598427 0.731324 0.83385 0.837842 0.824463 0.864718 0.946418 0.973597 1 0.935551 0.81131 0.673405 0.413515 0.180299 0 0 0 0 0 0 0 0 0 0 0 0 0 0 0 0 0 0 0 0 0 0 0 0 0 0 0 0 0 0 0 0 0.485335 0.430572 0.411791 0.420865 0.437615 0.436192 0.436594 0.447384 0.475082 0.540308 0.651054 0.817308 1 0.797961 0.676995 0.677374 0.66821 0.628092 0.611562 0.634199 0.689531 0.782548 0.969797 0.754854 0.495361 0.287887 0.0804268 0 0 0 0 0
0.498287 0.590798 0.771771 0.889148 0.926946 0.933106 0.880282 0.839191 0.864377 0.968161 1 0.769089 0.755939 0.66757 0.558086 0.49566 0.236288 0 0 0 0 0 0 0 0 0 0 0 0 0 0 0 0 0 0 0 0 0 0 0 0 0 0 0 0 0 0 0.562941 0.631542 0.58886 0.525369 0.475524 0.448153 0.437626 0.422138 0.412771 0.414432 0.437572 0.493266 0.593368 0.775652 1 0.78785 0.711145 0.739816 0.72606 0.684899 0.649155 0.651456 0.671004 0.743861 0.858697 0.95102 0.819126 0.610656 0.394464 0 0 0 0 0
0.750132 0.866762 0.978807 0.932624 1 0.910576 0.829483 0.817739 0.846099 0.898997 0.906669 0.734381 0.742657 0.981681 0.492464 0.419296 0.186701 0 0 0 0 0 0 0 0 0 0 0 0 0 0 0 0 0 0 0 0 0 0 0 0 0 0 0 0 0.37854 0.54719 0.627346 0.676008 0.653862 0.581663 0.526272 0.483767 0.449249 0.410576 0.381161 0.364757 0.382756 0.44614 0.538489 0.696956 1 0.851049 0.809846 0.797349 0.783695 0.758659 0.702458 0.661933 0.638421 0.719854 0.793869 0.796484 0.893612 0.966813 0.875675 0.171919 0 0 0 0
0.997554 0.927172 0.878777 0.887814 1 0.845629 0.762214 0.772314 0.79344 0.769701 0.735466 0.736581 0.673713 0.672665 0.647851 0.22267 0 0 0 0 0 0 0 0 0 0 0 0 0 0 0 0 0 0 0 0 0 0 0 0 0 0 0 0.0186761 0.347284 0.518333 0.57961 0.626833 0.655672 0.659248 0.617612 0.565851 0.517859 0.470821 0.405602 0.349323 0.318865 0.321449 0.375138 0.488155 0.62298 0.81133 1 0.869232 0.867081 0.867759 0.826562 0.74773 0.661462 0.6253 0.650301 0.671892 0.719775 0.715149 0.703189 0.768912 0.71347 5.10341e-12 0 0 0
0.837157 0.826309 0.8278 0.906613 1 0.784399 0.724767 0.714768 0.687804 0.611737 0.560236 0.556018 0.435563 0.469105 0 0 0 0 0 0 0 0 0 0 0 0 0 0 0 0 0 0 0 0 0 0 0 0 0 0 0 0 0.112578 0.312202 0.412591 0.504238 0.561358 0.599435 0.629064 0.645927 0.627934 0.581032 0.535671 0.478754 0.405154 0.329139 0.28007 0.261943 0.295022 0.388214 0.537567 0.70152 0.884956 1 0.956235 0.911299 0.850624 0.771291 0.673706 0.6234 0.626674 0.648168 0.667492 0.662883 0.64433 0.629356 0.739341 0.661896 0.114131 0 0
0.769042 0.794628 0.825895 1 0.873509 0.741751 0.676647 0.629038 0.560307 0.464393 0.389738 0.304475 0 0 0 0 0 0 0 0 0 0 0 0 0 0 0 0 0 0 0 0 0 0 0 0 0 0 0 0 0 0.140213 0.288959 0.387228 0.44756 0.48571 0.530335 0.570133 0.596339 0.616254 0.62393 0.591753 0.546555 0.48149 0.400051 0.312866 0.2435 0.203095 0.230724 0.291479 0.41567 0.578946 0.732815 1 0.990286 1 0.913673 0.837179 0.670616 0.606962 0.606095 0.613974 0.611946 0.616765 0.614282 0.616428 0.666001 0.803422 0.668529 0.267331 0
0.72281 0.781186 0.840815 1 0.834024 0.700968 0.609702 0.528502 0.427361 0.320249 0.228707 0 0 0 0 0 0 0 0 0 0 0 0 0 0 0 0 0 0 0 0 0 0 0 0 0 0 0 0 0.0375623 0.153821 0.246368 0.342177 0.405816 0.462532 0.482937 0.497182 0.536064 0.565698 0.577538 0.591826 0.596265 0.55792 0.486879 0.393825 0.279666 0.205625 0.164089 0.160472 0.208643 0.280071 0.428832 0.60104 0.533706 0.775229 0.964615 1 0.695248 0.529929 0.592838 0.588014 0.580867 0.580076 0.604146 0.624705 0.63219 0.632154 0.682744 0.901984 0.755143 0.333614
0.686662 0.756911 0.859338 1 0.789048 0.642952 0.53025 0.424207 0.299509 0.186259 0 0 0 0 0 0 0 0 0 0 0 0 0 0 0 0 0 0 0 0 0 0 0 0 0 0 0.0180561 0.149809 0.250174 0.271187 0.282268 0.304805 0.349638 0.381441 0.431671 0.471656 0.476753 0.479605 0.505683 0.536221 0.538839 0.541828 0.530038 0.469181 0.361765 0.246184 0.163743 0.125776 0.0997294 0.113951 0.167643 0.264113 0.32515 0.47407 0 0 0 0.483813 0.468274 0.544039 0.568665 0.565985 0.587672 0.629138 0.659111 0.637578 0.581547 0.638718 0.762295 0.845906 0.901642
0.65923 0.726979 0.869769 1 0.723124 0.571748 0.452749 0.32751 0.217615 0.107406 0 0 0 0 0 0 0 0 0 0 0 0 0 0 0 0 0 0 0 0 0.0894975 0.450196 0.626467 0.639052 0.463686 0.39578 0.399779 0.381728 0.384888 0.386967 0.371873 0.367916 0.369757 0.364063 0.3694 0.401283 0.428692 0.421977 0.41273 0.423521 0.435805 0.408022 0.379964 0.353901 0.247016 0.158513 0.0896974 0 0 0 0 0 0.32982 0.459888 0 0 0 0 0.497777 0.447988 0.586385 0.604146 0.644029 0.682241 0.686436 0.619027 0.62214 0.699681 0.762337 0.76904 0.777421
0.64281 0.704414 1 0.847916 0.652927 0.519891 0.389276 0.274767 0.210492 0.0898828 0 0 0 0 0 0 0 0 0 0 0 0 0 0 0 0 0 0 0 0.259684 0.441515 0.568847 0.694756 0.76515 0.693475 0.597975 0.557779 0.51974 0.480599 0.451046 0.430491 0.407674 0.380082 0.353648 0.311552 0.287078 0.288958 0.27864 0.27199 0 0 0 0 0 0 0 0 0 0 0 0 0 0.308751 0 0 0 0 0 0.413465 0.36789 0.560379 0.671882 0.727037 0.742186 0.720083 0.726221 0.743323 0.672584 0.60741 0.621277 0.745821
0.637829 0.837488 0.923982 1 0.785314 0.695589 0.276437 0.259129 0.227795 0.127788 0.0160128 0 0 0 0 0 0 0 0 0 0 0 0 0 0 0 0 0.175062 0.299935 0.427823 0.542848 0.632856 0.704215 0.767463 0.744484 0.668052 0.617644 0.587612 0.545682 0.49181 0.451791 0.419234 0.363871 0.299339 0.223916 0.13756 0 0 0 0 0 0 0 0 0 0 0 0 0 0 0 0 0.124107 0 0 0 0 0 0 0.320551 0.636462 0.772449 0.833439 0.822076 0.775066 0.736531 0.68779 0.618932 0.600481 0.646895 0.714611
0.464386 0.520901 0 0 0 0.442326 0.377296 0.217336 0.201215 0.152828 0.0936459 0.0162762 0 0 0 0 0 0 0 0 0 0 0 0 0 0.284965 0.305161 0.363841 0.430083 0.375223 0.54166 0.663741 0.730318 0.755946 0.747227 0.686 0.612959 0.590624 0.5617 0.494417 0.431059 0.37966 0.300851 0.165768 0 0 0 0 0 0 0 0 0 0 0 0 0 0 0 0 0 0.0596326 0.270374 0 0 0 0 0 0 0.409758 0.810119 0.911827 0.940555 0.900269 0.826185 0.74444 0.687192 0.657787 0.656055 0.67297 0.695663
0.739427 0 0 0 0 0 0.435947 0.0707383 0.149344 0.16096 0.157527 0.108803 0.0749106 0.0197952 0 0 0 0 0 0 0 0 0 0 0.308543 0.401774 0.399516 0.455159 0.485034 0.390947 0.404048 0.597291 0.723285 0.745953 0.74521 0.691866 0.613539 0.556839 0.506916 0.43128 0.35465 0.256213 0 0 0 0 0 0 0 0 0 0 0 0 0 0 0 0 0 0 0 0 0 0 0 0 0 0 0 0.653358 0.931454 0.941754 0.980705 1 0.852367 0.774152 0.725564 0.699638 0.693219 0.693719 0.700298
0 0 0 0 0 0 0 0.0281715 0.123398 0.176445 0.191657 0.159374 0.118466 0 0 0 0 0 0.190023 0 0 0 0 0 0.199194 0.389452 0.39752 0.513018 0.521867 0.457685 0.364966 0.446322 0.603768 0.669942 0.714829 0.671237 0.581052 0.514902 0.448369 0.355501 0.23587 0.0919998 0 0 0 0 0 0 0 0 0 0 0 0 0 0 0 0 0 0 0 0 0 0 0 0 0 0 0.350199 0.691481 0.790736 0.868504 0.94231 1 0.854634 0.788546 0.762941 0.750457 0.731279 0.726539 0.636216
0 0 0 0 0 0 0 0 0.118584 0.195105 0.204163 0.188546 0.114312 0 0 0 0 0 0.732106 0 0 0 0 0.251048 0.287357 0.346381 0.35292 0.406922 0.549664 0.448055 0.35117 0.301917 0.372132 0.437262 0.52358 0.541671 0.469529 0.412321 0.369963 0.303159 0.162656 0.0512911 0 0 0 0 0 0 0 0 0 0 0 0 0 0 0 0 0 0 0 0 0 0 0 0 0.36511 0.724925 0.68137 0.713826 0.786294 0.847997 0.911682 1 0.875348 0.786706 0.767254 0.723856 0.751897 0.80199 0.774725
0 0 0 0 0 0 0 0.0110062 0.100395 0.159231 0.178958 0.183906 0.0999222 0 0 0 0 0.111235 0 0 0 0 0.0509772 0.269079 0.285855 0.269852 0.25475 0.200745 0.333433 0.385544 0.238906 0 0 0 0.147586 0.261322 0.26252 0.235925 0.261051 0.261436 0.217652 0.169887 0.0889937 0 0 0 0 0 0 0 0 0 0 0 0 0 0 0 0 0 0 0 0 0 0.158879 0.378003 0.550309 0.65492 0.713364 0.744712 0.784682 0.841731 0.930906 1 0.818671 0.78042 0.838163 0.88879 0.943622 0.907628 0.828543
0 0 0 0 0 0 0 0 0 0.0785358 0.13151 0.142159 0.0793152 0 0 0 0.121812 0.218797 0 0 0.0450658 0 0 0 0 0 0 0 0 0 0 0 0 0 0 0 0.151983 0.201847 0.26181 0.295926 0.311187 0.2808 0.222287 0.0466817 0 0 0 0 0 0 0 0 0 0 0 0 0 0 0 0 0 0 0.0682774 0.160523 0.272684 0.395296 0.532239 0.630824 0.699855 0.784859 0.815895 0.846245 1 0.927452 0.895902 0.865476 0.865677 0.91204 0.969976 0.941697 0.845213
0 0 0 0 0 0 0 0 0.0366258 0.0755296 0.118641 0.118437 0.102439 0.0901124 0.0772362 0.130135 0.246675 0.36764 0.507066 0.918786 0.410028 0.140537 0 0 0 0 0 0 0 0 0 0 0 0 0 0.15678 0.308555 0.366114 0.393647 0.411695 0.423995 0.401573 0.357185 0.273252 0.170256 0 0 0 0 0 0 0 0 0 0 0 0 0 0.0172403 0.0159359 0.0120314 0.049296 0.124375 0.204087 0.271444 0.359723 0.582404 0.655359 0.655941 0.712301 0.857955 0.924392 1 0.948055 0.911805 0.862146 0.852627 0.90155 0.929645 0.910214 0.838015
0 0 0 0 0 0 0.119592 0.140608 0.149662 0.148211 0.155 0.163922 0.18406 0.217896 0.241044 0.266663 0.34411 0.424883 0.506141 0.727491 0.600308 0.173102 0 0 0 0 0 0 0 0 0 0 0.085383 0.199151 0.292607 0.369518 0.445908 0.490325 0.521988 0.551181 0.572655 0.59152 0.581195 0.562904 0.54853 0.528778 0.437634 0.342313 0.195717 0.0402218 0 0 0 0.0327729 0.0782073 0.112391 0.164008 0.206665 0.197999 0.186448 0.157523 0.156464 0.185718 0.233452 0.470996 0.427203 0.474227 0.652269 0.723985 0.769656 0.836831 0.918295 0.977414 1 0.906986 0.844335 0.834798 0.865851 0.865404 0.839736 0.802937
0.0776961 0 0 0 0 0.480032 0.387407 0.312943 0.274055 0.236509 0.212434 0.240521 0.267761 0.303653 0.332607 0.349317 0.386847 0.410333 0.466309 0.607927 0.925935 0.297275 0 0 0 0 0 0 0 0 0.0687727 0.22491 0.302364 0.370401 0.428074 0.463021 0.511119 0.55604 0.60363 0.650406 0.679193 0.730479 0.761045 0.740528 0.749293 0.761097 0.726358 0.658309 0.574972 0.482223 0.409249 0.343843 0.297135 0.297977 0.319736 0.373542 0.390219 0.372643 0.348702 0.331991 0.309235 0.47146 0.458 0.375285 0.3888 0.535496 0.470512 0.538931 0.611787 0.712944 0.799949 0.881872 0.963635 1 0.897074 0.841584 0.811593 0.793371 0.791027 0.790807 0.802332
0.800492 0.746493 0.686946 0.693594 0.707208 0.632696 0.517979 0.434501 0.366327 0.304858 0.289356 0.295703 0.306722 0.330852 0.351295 0.373984 0.384865 0.384993 0.428724 0.543419 0.715672 0.609805 0.0749872 0 0 0 0 0 0 0.0685305 0.205821 0.31963 0.390349 0.43055 0.460508 0.481574 0.521823 0.581709 0.642486 0.710631 0.736489 0.780684 0.832276 0.836789 0.840411 0.859567 0.849876 0.820105 0.770182 0.696605 0.631285 0.576178 0.51496 0.486692 0.488761 0.516694 0.51536 0.481858 0.577894 0.560886 0.427688 0.414382 0.509254 0.513286 0.349076 0.380015 0.434182 0.497083 0.565139 0.635568 0.739373 0.845066 0.925826 1 0.889501 0.823038 0.773941 0.745743 0.759613 0.78697 0.808219
0.771608 0.730363 0.715804 0.719188 0.706739 0.641592 0.558352 0.503218 0.413227 0.353297 0.336664 0.307229 0.308307 0.337106 0.360981 0.375082 0.375692 0.374033 0.417148 0.509606 0.630245 0.993041 0.434672 0.163965 0.0196431 0 0 0 0.0474175 0.147883 0.260536 0.340465 0.392265 0.42295 0.446209 0.457354 0.493311 0.570923 0.646708 0.731019 0.761066 0.783389 0.84101 0.869328 0.886478 0.908989 0.90609 0.884558 0.858877 0.806602 0.746102 0.688764 0.633101 0.596755 0.589018 0.666263 0.664788 0.521642 0.495263 0.563919 0.548791 0.392273 0.374127 0.365746 0.370364 0.363815 0.391517 0.435286 0.50757 0.5689 0.665114 0.802058 0.906954 1 0.902552 0.805085 0.748684 0.733571 0.753687 0.795563 0.811957
0.741587 0.716851 0.715103 0.707632 0.677279 0.617983 0.565822 0.507423 0.423349 0.381092 0.350812 0.318536 0.32548 0.353993 0.371767 0.371864 0.372652 0.373584 0.437321 0.530307 0.670119 0.984266 0.606505 0.393092 0.264859 0.215423 0.169711 0.171829 0.168276 0.189139 0.277381 0.334254 0.369902 0.403368 0.421887 0.429326 0.441334 0.518824 0.62883 0.706661 0.742307 0.76942 0.818201 0.84849 0.888411 0.921676 0.918981 0.913141 0.884308 0.831749 0.801474 0.757596 0.741313 0.709414 0.603208 0.583253 0.645666 0.636061 0.517538 0.473722 0.450869 0.43082 0.401382 0.377583 0.372875 0.363637 0.369213 0.39607 0.454567 0.518914 0.609188 0.742338 0.871186 1 0.93237 0.818584 0.745284 0.737119 0.773203 0.816554 0.81248
0.696847 0.691924 0.68339 0.655335 0.616003 0.572435 0.531321 0.476375 0.416074 0.384745 0.34942 0.337272 0.34761 0.352099 0.356604 0.353962 0.356335 0.381396 0.471902 0.563102 0.721589 0.943439 0.65032 0.469017 0.345535 0.312003 0.281502 0.242562 0.218911 0.20874 0.26296 0.31234 0.336614 0.365731 0.366611 0.386793 0.387338 0.430208 0.542815 0.64541 0.673851 0.702782 0.762344 0.815222 0.845159 0.8713 0.883665 0.892154 0.88344 0.85549 0.828306 0.703157 0.655212 0.697289 0.69431 0.636187 0.609143 0.580639 0.537123 0.494446 0.467527 0.453277 0.436027 0.404029 0.382925 0.380578 0.382221 0.401288 0.439787 0.501609 0.580817 0.69516 0.806822 0.940424 1 0.850706 0.7673 0.759261 0.790221 0.81428 0.797394
0.630091 0.636438 0.614738 0.567137 0.53175 0.500563 0.469634 0.42604 0.383415 0.350601 0.324606 0.333395 0.327606 0.318059 0.310459 0.307467 0.322756 0.38639 0.468045 0.560368 0.76433 0.890105 0.663458 0.484261 0.349015 0.32114 0.313869 0.250645 0.213385 0.210359 0.227695 0.26433 0.288515 0.306939 0.283534 0.271705 0.25482 0.259069 0.345125 0.478135 0.545583 0.576168 0.641855 0.701428 0.751212 0.782499 0.82598 0.841773 0.764648 0.757097 0.791454 0.75226 0.66914 0.625357 0.617681 0.630127 0.625428 0.591637 0.529953 0.5 0.488158 0.472829 0.461656 0.443312 0.419247 0.416441 0.419184 0.437354 0.460138 0.511464 0.58411 0.679911 0.76801 0.851317 1 0.856459 0.802615 0.786617 0.780078 0.769096 0.75952
0.514483 0.515425 0.488011 0.440714 0.424197 0.40412 0.393047 0.359321 0.331301 0.298568 0.299847 0.293559 0.282893 0.267318 0.249635 0.247555 0.275163 0.346076 0.416131 0.540418 0.781139 0.852247 0.655997 0.456791 0.31172 0.266666 0.249687 0.199407 0.180973 0.194904 0.186749 0.201587 0.205944 0.214344 0.204227 0.12108 0 0 0 0 0 0 0.393665 0.608357 0.661301 0.612927 0.634155 0.741081 0.757251 0.742441 0.729535 0.681839 0.630833 0.581232 0.563085 0.584232 0.606225 0.585912 0.515557 0.474016 0.479764 0.482924 0.479016 0.473174 0.460535 0.45116 0.444977 0.455685 0.475848 0.499408 0.566508 0.64613 0.73406 0.828119 1 0.895243 0.822493 0.783121 0.77933 0.762148 0.740435
0.313754 0.324365 0.282396 0.280804 0.307209 0.324334 0.334706 0.312576 0.283482 0.257843 0.257008 0.225643 0.2029 0.184806 0.176224 0.178447 0.197593 0.247236 0.334023 0.471986 0.732546 0.818195 0.585061 0.370291 0.218298 0.150483 0.109231 0.103972 0.126967 0.127852 0.102084 0.106205 0.096603 0.0835141 0.0873101 0 0 0 0 0 0 0.256865 0.258981 0.323462 0.494248 0.547041 0.494202 0.536612 0.585782 0.618538 0.624595 0.596372 0.563644 0.525606 0.491766 0.500101 0.53834 0.551732 0.498409 0.444631 0.446953 0.457358 0.474879 0.48217 0.480463 0.473921 0.45674 0.452231 0.468564 0.482881 0.515579 0.577073 0.656277 0.76469 1 0.931827 0.846111 0.804542 0.793936 0.768462 0.737352
0 0 0.085864 0.17276 0.235769 0.280943 0.312332 0.288526 0.248076 0.238103 0.210001 0.167988 0.126894 0.107947 0.101165 0.100412 0.0882554 0 0 0.255113 0.513733 0 0 0 0 0 0 0 0 0 0 0 0 0 0 0 0 0 0 0 0 0 0 0 0 0 0.211243 0.24304 0.304002 0.393435 0.439062 0.448194 0.45919 0.451039 0.423032 0.414125 0.444803 0.476941 0.461885 0.415747 0.398706 0.410076 0.43894 0.469916 0.471196 0.468325 0.455499 0.440706 0.457278 0.48588 0.498027 0.52687 0.584168 0.669525 0.801102 1 0.890002 0.849177 0.819605 0.787416 0.754455
0 0 0 0.113785 0.201011 0.261179 0.28636 0.254758 0.235762 0.238994 0.208563 0.191644 0.167967 0.116126 0.0652414 0 0 0 0 0 0 0 0 0 0 0 0 0 0 0 0 0 0 0 0 0.0409993 0 0 0 0 0 0 0 0 0 0 0 0 0 0 0.238918 0.307298 0.338079 0.362073 0.364876 0.349819 0.352718 0.364559 0.374916 0.34888 0.3407 0.358088 0.37946 0.430226 0.455453 0.452124 0.459095 0.449094 0.463974 0.507023 0.535134 0.547263 0.57002 0.618949 0.697143 0.867408 1 0.89836 0.856784 0.81173 0.772714
0 0 0 0.0591904 0.168007 0.239004 0.240919 0.227088 0.239492 0.243403 0.24558 0.282224 0.264337 0.207611 0.111585 0 0 0 0 0 0 0 0 0 0 0 0 0 0 0 0 0 0.153711 0.0858684 0 0 0 0 0 0 0 0 0 0 0 0 0 0 0 0 0.0788714 0.196227 0.247707 0.279408 0.306248 0.291332 0.252353 0.248671 0.241955 0.232068 0.255434 0.284527 0.3226 0.389852 0.449089 0.460502 0.46427 0.479395 0.490049 0.532548 0.574415 0.590459 0.598324 0.603947 0.658141 0.780851 1 0.949804 0.900188 0.852179 0.793625
0 0 0 0.0387619 0.154572 0.201639 0.221945 0.216051 0.244478 0.252212 0.305098 0.36539 0.351553 0.312132 0.235349 0.117219 0 0 0 0 0 0 0 0 0 0 0 0 0 0.189682 0.191999 0.112445 0 0 0 0 0 0 0 0 0 0 0 0 0 0 0 0 0 0 0 0.0698959 0.14911 0.179097 0.195497 0.19486 0.139286 0.143732 0.126941 0.151198 0.182073 0.192909 0.243221 0.336737 0.417694 0.464101 0.470563 0.489095 0.508098 0.533518 0.587517 0.615087 0.61972 0.605528 0.628904 0.710143 0.858803 0.987987 1 0.897863 0.820839
0 0 0 0 0 0.103397 0.162322 0.206366 0.248479 0.289545 0.372014 0.412318 0.399212 0.380543 0.346306 0.264701 0.0602046 0 0 0 0 0 0 0 0 0 0.148109 0.177482 0.144553 0 0 0 0 0 0 0 0 0 0 0 0 0 0 0 0 0 0 0 0 0 0 0 0 0.0803081 0.0596193 0 0 0.0557529 0.0793626 0.121313 0.149124 0.145981 0.175302 0.261558 0.352144 0.413056 0.445825 0.468482 0.507717 0.53501 0.575906 0.619614 0.620018 0.60732 0.609078 0.674331 0.787584 0.885732 1 0.925951 0.850314
0 0 0 0 0 0 0 0.174054 0.229491 0.301806 0.370314 0.401945 0.410865 0.408513 0.378756 0.31332 0.178022 0 0 0 0 0 0 0 0.0126146 0.109598 0 0 0 0 0 0 0 0 0 0 0 0 0 0 0 0 0 0 0 0 0 0 0 0 0 0 0 0 0 0 0 0 0.0751189 0.110817 0.136987 0.139427 0.156921 0.197537 0.273325 0.342596 0.387808 0.418548 0.471414 0.519561 0.567275 0.615437 0.619753 0.603959 0.610023 0.63699 0.718112 0.820007 0.898758 1 0.906314
0.0140505 0 0 0 0 0 0 0.0861808 0.172191 0.256541 0.312025 0.345132 0.363771 0.364902 0.285289 0.195722 0.218919 0.142974 0 0 0 0 0 0 0 0 0 0 0 0 0 0 0 0 0 0 0 0 0 0 0 0 0 0 0 0 0 0 0 0.0124464 0.019357 0.0212041 0.0335092 0.0339268 0 0 0 0.00926023 0.0872691 0.119501 0.134747 0.143923 0.144938 0.138598 0.175591 0.245781 0.299925 0.345233 0.395131 0.455129 0.520613 0.58507 0.609749 0.59855 0.613069 0.626247 0.660676 0.761308 0.851003 0.935364 1
