wasim_mod/input/grids/GRD/fundus_25.sd4
ncols	193
nrows	326
xllcorner	39436.98047
yllcorner	214976.5781
cellsize	25.0198
nodata_value	-9999
[rows 288 to 323 of 326, columns 0 to 80 of 193]
0 0 0 0 0 0 0 0 0 0 0 0 0 0 0 0 0 0 0 0.025956 0.123757 0.208074 0.233092 0.245682 0.271941 0.306444 0.34895 0.351484 0.381178 0.422043 0.443891 0.436147 0.434755 0.444281 0.497046 0.585339 0.658271 0.710914 0.752497 0.750896 0.702003 0.623918 0.552719 0.490109 0.429659 0.349324 0.280675 0.251353 0.19993 0.129027 0.0623681 0.00402 0 0 0 0 0 0 0 0 0 0 0 0.161373 0.192619 0.188064 0.182484 0.177624 0.16335 0.0994088 0.0125066 0 0 0 0 0 0 0 0 0 0
0 0.0017561 0 0 0 0 0 0 0 0 0 0 0 0 0 0 0 0 0 0 0.145105 0.184212 0.22378 0.252932 0.294176 0.34304 0.361491 0.367822 0.412348 0.456527 0.454035 0.433892 0.42698 0.460453 0.531155 0.604261 0.652962 0.700182 0.7146 0.672608 0.586695 0.507929 0.452439 0.395886 0.343105 0.291327 0.274062 0.250513 0.201407 0.164603 0.128019 0.0903619 0.0327164 0 0 0 0 0 0.0133872 0 0 0 0 0.073491 0.129862 0.17508 0.216424 0.246186 0.237571 0.198345 0.16054 0.127266 0.108799 0.0905482 0.0649276 0 0 0 0 0 0
0.0796885 0.112227 0.0273937 0 0 0 0 0 0 0 0 0 0 0 0 0 0 0 0 0 0.107235 0.147811 0.23217 0.27428 0.331007 0.366029 0.374218 0.412108 0.460606 0.482204 0.461681 0.438753 0.447971 0.493103 0.558668 0.605011 0.637727 0.666441 0.651684 0.594156 0.508871 0.447987 0.400919 0.355063 0.323034 0.3085 0.301491 0.287145 0.267425 0.238846 0.201812 0.18323 0.169626 0.17945 0.20377 0.221456 0.241265 0.249323 0.224733 0.151818 0.118778 0.0902763 0.0430327 0.0731198 0.134174 0.219093 0.274558 0.309676 0.30481 0.298115 0.304736 0.291503 0.274555 0.259686 0.220841 0.204225 0.182391 0.147842 0.203995 0.3592 0.34592
0.159855 0.196569 0.174792 0.069695 0 0 0 0 0 0 0 0 0 0 0 0 0 0 0 0.0905143 0.162422 0.228303 0.269876 0.323293 0.370229 0.401937 0.429739 0.470877 0.498701 0.50038 0.486708 0.475534 0.490387 0.531932 0.575614 0.597634 0.616499 0.628655 0.611374 0.558697 0.48377 0.443153 0.409821 0.382597 0.365155 0.365831 0.375833 0.371838 0.355624 0.313821 0.290341 0.292662 0.322355 0.356644 0.393089 0.416306 0.442868 0.433268 0.373812 0.341446 0.307579 0.266727 0.241145 0.218107 0.243709 0.294951 0.336082 0.356892 0.366958 0.377225 0.376457 0.361424 0.334111 0.314302 0.297218 0.312427 0.298652 0.322174 0.41702 0.543536 0.527185
0.208546 0.23627 0.245556 0.221985 0.186214 0.129749 0.0587493 0 0 0 0 0 0 0 0 0 0 0 0.0151005 0.276291 0.326888 0.346882 0.366605 0.402697 0.441709 0.463931 0.491256 0.5212 0.532081 0.536235 0.526515 0.513662 0.52979 0.559109 0.574177 0.577203 0.595067 0.615875 0.59302 0.531299 0.476943 0.44961 0.434922 0.435721 0.433741 0.441051 0.459143 0.446017 0.406992 0.372343 0.362594 0.395535 0.44227 0.482181 0.517059 0.554228 0.564889 0.523021 0.479357 0.467159 0.428821 0.400459 0.391953 0.384075 0.38816 0.400332 0.407905 0.405558 0.407558 0.400428 0.382413 0.365952 0.347707 0.330188 0.338179 0.346362 0.380265 0.443977 0.577201 0.698689 0.717465
0.234089 0.237895 0.284769 0.334241 0.341131 0.338519 0.34836 0.292127 0.115768 0.318879 0.531287 0 0 0 0 1 0.5 0.540736 0.547233 0.481344 0.435904 0.438915 0.464468 0.490104 0.516093 0.524857 0.558798 0.57403 0.571571 0.571666 0.552465 0.546161 0.552304 0.560042 0.564002 0.555443 0.570576 0.584269 0.558595 0.50077 0.464935 0.452179 0.467946 0.481834 0.478881 0.495402 0.506174 0.475462 0.4417 0.419998 0.433832 0.485823 0.519425 0.557294 0.596412 0.611119 0.599015 0.565964 0.548773 0.521684 0.487817 0.473368 0.46705 0.469751 0.475105 0.467943 0.45059 0.444543 0.423488 0.39121 0.369859 0.341808 0.31519 0.311694 0.321164 0.332588 0.417877 0.5357 0.693507 0.835847 0.947654
0.257619 0.252797 0.326005 0.394708 0.43994 0.46128 0.462292 0.425106 0.439236 0.896461 0.743061 0.615082 0.896307 0.814433 0.795705 0.856617 1 1 0.702473 0.554721 0.493744 0.48895 0.524199 0.574884 0.581311 0.595684 0.618619 0.620445 0.610714 0.597415 0.574089 0.56089 0.553354 0.557126 0.540274 0.523869 0.543918 0.547911 0.504464 0.462901 0.455708 0.457349 0.48431 0.495771 0.499509 0.520335 0.511921 0.483058 0.461106 0.448991 0.487205 0.525273 0.561095 0.600386 0.611015 0.607448 0.603574 0.589247 0.566744 0.535777 0.514504 0.501159 0.499133 0.50766 0.508018 0.482014 0.470286 0.455966 0.421213 0.383549 0.342996 0.30623 0.289974 0.292686 0.28632 0.327407 0.460939 0.629648 0.790691 0.99247 0.854798
0.330483 0.303325 0.380596 0.459833 0.512062 0.531406 0.549665 0.545304 0.796961 0.793953 1 0.676294 0.802046 0.941626 1 0.836246 0.929897 1 0.701022 0.550801 0.502445 0.527325 0.652796 0.691929 0.668887 0.657535 0.654488 0.647285 0.634744 0.611208 0.58001 0.554944 0.542698 0.535759 0.508357 0.498407 0.500684 0.476805 0.436634 0.430144 0.428034 0.436811 0.473485 0.487991 0.498153 0.502958 0.484471 0.461428 0.442376 0.453891 0.496394 0.534445 0.569024 0.585994 0.580586 0.578171 0.588672 0.571065 0.536231 0.515491 0.503771 0.495375 0.500333 0.50333 0.490951 0.473559 0.470008 0.447889 0.403786 0.349207 0.302036 0.29116 0.289663 0.290188 0.29554 0.383762 0.564121 0.754157 0.960843 0.850082 0.768546
0.451857 0.488908 0.52671 0.582049 0.633622 0.662518 0.66772 0.676849 0.754743 0.772756 0.839698 1 0.723004 0.896306 0.576767 0.6128 1 0.911929 0.719241 0.601768 0.586693 0.733835 0.943851 0.892874 0.779393 0.70935 0.669731 0.644594 0.630738 0.602543 0.553304 0.517797 0.498331 0.484898 0.472261 0.456825 0.425034 0.401296 0.379605 0.380459 0.366231 0.393383 0.431136 0.450199 0.459001 0.448205 0.433542 0.412463 0.409297 0.439739 0.473 0.507161 0.521684 0.530017 0.516912 0.522408 0.529031 0.491224 0.468184 0.457299 0.454962 0.45192 0.466453 0.469717 0.462755 0.458251 0.453769 0.424496 0.364612 0.309478 0.280032 0.272166 0.284437 0.307549 0.347726 0.481065 0.660079 0.864101 0.85821 0.743104 0.710324
0.560833 0.676786 0.659498 0.694421 0.782902 0.838154 0.816836 0.812037 0.870682 0.834729 0.72594 0.590141 0.762904 0.962467 0.967855 0.956877 0.873158 0.757117 0.696697 0.685837 0.742249 0.90312 0.985381 1 0.822127 0.719624 0.658167 0.618678 0.593812 0.537479 0.481714 0.448311 0.438251 0.438562 0.420126 0.368699 0.345885 0.336763 0.311823 0.307784 0.301584 0.331613 0.354787 0.369539 0.375874 0.375515 0.3672 0.36953 0.384993 0.40747 0.43125 0.439308 0.437196 0.433034 0.413405 0.419476 0.394745 0.358624 0.342184 0.339075 0.352899 0.374948 0.402901 0.422535 0.423306 0.426158 0.421682 0.393865 0.346761 0.304703 0.277217 0.264582 0.303837 0.341657 0.421672 0.569079 0.757016 0.967392 0.809058 0.684003 0.664627
0.614673 0.634403 0.651059 0.720849 0.826613 0.9131 0.873179 0.854688 0.918443 0.864772 0.716582 0.720022 0.905933 0.960993 0.995104 1 0.657075 0.627439 0.644092 0.746248 0.843144 0.926838 0.93899 0.862366 0.765388 0.667722 0.606854 0.573777 0.527482 0.457998 0.410587 0.377429 0.378736 0.363887 0.324915 0.284264 0.27969 0.257707 0.25233 0.247398 0.243232 0.261778 0.271388 0.280943 0.290013 0.291111 0.303337 0.340742 0.362527 0.383424 0.389563 0.360454 0.337739 0.28056 0.242531 0.200315 0 0 0 0.145125 0.180224 0.243262 0.279873 0.324319 0.351297 0.379813 0.380389 0.362704 0.335676 0.308236 0.281412 0.302889 0.345703 0.397862 0.499588 0.648036 0.85742 0.942404 0.807128 0.682592 0.635481
0.675467 0.590089 0.73232 0.747923 0.786401 0.845267 0.802799 0.804582 0.883541 0.889992 0.732977 0.636401 0.612272 0.698136 0.748618 0.893669 1 0.628978 0.591437 0.750959 0.855194 0.876627 0.832031 0.74075 0.668869 0.610553 0.569522 0.523728 0.462832 0.405655 0.354593 0.326254 0.3056 0.282419 0.24149 0.224825 0.21953 0.197441 0.197598 0.178464 0.187389 0.20792 0.216062 0.208415 0.198377 0.217261 0.275039 0.324478 0.356609 0.366089 0.343476 0.305159 0.234302 0.107489 0 0 0 0 0 0 0 0 0 0.14897 0.250988 0.299556 0.324511 0.323697 0.300608 0.287156 0.306605 0.352174 0.401798 0.472563 0.568817 0.717604 0.922525 0.875778 0.789252 0.714485 0.641859
0.725603 0.907414 1 0.800848 0.760338 0.738419 0.696443 0.734742 0.83261 0.886513 0.744707 0.580112 0.596068 0.743563 0.849557 0.824044 1 0.594212 0.559418 0.705109 0.803265 0.793407 0.707504 0.628684 0.591094 0.569429 0.536326 0.484475 0.432317 0.396675 0.361905 0.330008 0.286639 0.247992 0.195737 0.177562 0.178045 0.151881 0.133229 0.134439 0.169235 0.181265 0.195683 0.160713 0.15626 0.223019 0.289857 0.324043 0.342846 0.331193 0.304289 0.253747 0.148474 0.038177 0 0 0 0 0 0 0 0 0 0 0 0.146818 0.191738 0.207174 0.224914 0.25954 0.309755 0.364903 0.441522 0.517754 0.617966 0.751359 0.959625 0.837456 0.761678 0.703931 0.631263
0.794904 0.770519 0.663189 0.957499 1 0.658921 0.626939 0.710066 0.826459 0.851505 0.860149 0.771786 0.744685 0.792184 0.855985 0.933756 0.680726 0.431669 0.545392 0.63818 0.713638 0.68526 0.597677 0.559381 0.562866 0.554183 0.527499 0.484068 0.460491 0.444789 0.416801 0.37772 0.335089 0.266703 0.212014 0.173143 0.139085 0.133552 0.131381 0.149219 0.185979 0.213965 0.232899 0.221123 0.237442 0.289806 0.321413 0.330317 0.338103 0.316065 0.281925 0.222333 0.150388 0.0848318 0 0 0 0 0 0 0 0 0 0 0 0 0 0 0.117408 0.204891 0.26316 0.357965 0.462369 0.559006 0.660072 0.769074 0.899828 0.88909 0.741358 0.727734 0.793853
0.791993 0.791653 0.725096 0.794694 0.722776 0.589073 0.603808 0.701024 0.791093 0.798994 0.783335 0.760334 0.746959 0.730488 0.674 0.574048 0.403937 0.431581 0.506523 0.571964 0.612282 0.586509 0.543047 0.547279 0.561649 0.557555 0.539539 0.51495 0.516345 0.5064 0.478849 0.444223 0.404007 0.337691 0.271766 0.223261 0.181742 0.166329 0.168459 0.191802 0.234042 0.286787 0.305601 0.336897 0.373198 0.387491 0.38718 0.392321 0.381152 0.341418 0.296587 0.267334 0.245786 0.227604 0.216501 0.174857 0.0538959 0 0 0 0 0 0 0 0 0 0 0 0 0 0.210781 0.352555 0.482029 0.561044 0.647665 0.720302 0.8 0.937947 0.939764 0.482198 0.578851
0.811597 0.81164 0.715391 0.675773 0.599428 0.578452 0.612809 0.685417 0.732579 0.715671 0.681489 0.656028 0.60115 0.535881 0.461536 0.415382 0.397186 0.434938 0.484155 0.521587 0.542486 0.541529 0.541092 0.55653 0.566461 0.570027 0.558065 0.562588 0.559694 0.538971 0.509263 0.489602 0.449852 0.375833 0.322351 0.286698 0.251339 0.236085 0.233985 0.272192 0.330621 0.389331 0.412455 0.447208 0.475017 0.487498 0.487077 0.481975 0.432161 0.381869 0.355449 0.344981 0.344749 0.36801 0.390751 0.371942 0.316304 0.238067 0.183234 0.0751469 0 0 0 0 0 0 0 0 0 0 0.145077 0.325299 0.422521 0.478903 0.55204 0.570951 0.643539 0.958522 0.724508 0.589053 0
0.841513 0.853361 0.74454 0.652313 0.610831 0.606843 0.630398 0.66133 0.66085 0.625386 0.582571 0.547004 0.492917 0.452087 0.409803 0.405497 0.420169 0.455706 0.485892 0.50409 0.515939 0.548426 0.565449 0.574866 0.589466 0.586326 0.5798 0.587299 0.566395 0.538364 0.523278 0.514077 0.457785 0.391123 0.365895 0.341111 0.327802 0.332122 0.344647 0.390908 0.447555 0.5 0.520857 0.537353 0.550442 0.555417 0.545155 0.527345 0.481878 0.446945 0.427722 0.414437 0.428773 0.463263 0.477008 0.447562 0.417632 0.402644 0.378691 0.294527 0.20414 0.0799608 0 0 0 0 0 0 0 0 0 0.207833 0.283095 0.358903 0.375254 0.369046 0.442595 0.501185 0.519755 0 0
0.873282 0.893763 0.790034 0.705883 0.656727 0.634943 0.631847 0.626354 0.59881 0.558603 0.53078 0.504966 0.4795 0.458884 0.443678 0.440106 0.448182 0.469889 0.493932 0.505658 0.528829 0.575113 0.59664 0.604878 0.60547 0.589978 0.590733 0.586265 0.561228 0.540143 0.539525 0.520624 0.456761 0.414935 0.410355 0.409325 0.41745 0.430839 0.457077 0.490523 0.548992 0.600056 0.603215 0.59109 0.596289 0.58868 0.574502 0.559294 0.523386 0.491211 0.476738 0.467975 0.477863 0.507185 0.504395 0.46935 0.460176 0.492069 0.493787 0.440706 0.383201 0.316383 0.167826 0.275436 0.521364 0.233012 0.023224 0 0.149332 0.318408 0.11876 0.113368 0.263398 0.298614 0.268302 0.265523 0.433524 0.549288 0 0 0
0.8965 0.90735 0.84699 0.753141 0.680048 0.639216 0.606386 0.576687 0.539544 0.522842 0.507733 0.486937 0.470011 0.461873 0.459031 0.458041 0.460955 0.478722 0.512985 0.527994 0.557616 0.591452 0.616591 0.610327 0.599541 0.589262 0.589565 0.578098 0.556627 0.545969 0.540819 0.507154 0.445312 0.437403 0.458467 0.468331 0.486134 0.508483 0.530071 0.555677 0.61233 0.651856 0.639565 0.617518 0.61764 0.603571 0.589453 0.559264 0.522013 0.49926 0.492237 0.483274 0.496643 0.522802 0.510488 0.487172 0.511222 0.568893 0.560265 0.515485 0.480989 0.433171 0.394642 0.67778 0.591452 0.388955 0.463268 0.524197 0.637818 0.550336 0.423816 0.341501 0.346446 0.363284 0.363584 0.350282 0.419897 0 0 0 0
0.889522 0.912502 0.81867 0.721891 0.66326 0.608407 0.553039 0.515745 0.502113 0.500173 0.4848 0.467072 0.455808 0.464076 0.467735 0.459242 0.46741 0.501874 0.538584 0.550097 0.563702 0.586436 0.591645 0.583946 0.586994 0.580666 0.578603 0.562416 0.549276 0.531467 0.517499 0.473988 0.433452 0.459916 0.487855 0.500479 0.523093 0.546393 0.560107 0.578071 0.626319 0.652716 0.639179 0.61861 0.612128 0.601728 0.57806 0.534496 0.496819 0.478268 0.476366 0.480153 0.501876 0.516204 0.513016 0.517254 0.575066 0.621274 0.5904 0.550867 0.525902 0.485806 0.553447 0.726759 0.592068 0.533796 0.551255 0.61662 0.732236 0.601655 0.52968 0.505612 0.521715 0.546005 0.517012 0.503826 0.970708 0 0 0 0
0.844708 0.84459 0.768407 0.670911 0.604083 0.542616 0.495835 0.476283 0.48087 0.485129 0.478268 0.458049 0.449304 0.457589 0.453848 0.452934 0.485763 0.518322 0.537369 0.545042 0.543496 0.543929 0.535835 0.543278 0.550235 0.556568 0.543807 0.528718 0.52246 0.503545 0.484204 0.43662 0.427518 0.462762 0.484141 0.499266 0.525029 0.55281 0.553295 0.56926 0.60413 0.616804 0.601222 0.590645 0.580519 0.557863 0.530007 0.484732 0.438334 0.426118 0.439295 0.450968 0.468204 0.485102 0.509114 0.552608 0.615464 0.634174 0.598066 0.557547 0.535155 0.503038 0.58532 0.63944 0.647521 0.593891 0.54118 0.606396 0.726162 0.678695 0.57772 0.546392 0.561038 0.6662 0.65 0.631268 0.649909 0.861707 0 0 0
0.754572 0.747279 0.664243 0.555205 0.488841 0.41371 0.383243 0.383338 0.415659 0.440709 0.434988 0.41038 0.402237 0.422819 0.425617 0.447275 0.476787 0.501776 0.516019 0.505825 0.488774 0.481713 0.475551 0.481644 0.504866 0.520214 0.511708 0.506352 0.486506 0.466414 0.434243 0.401857 0.406871 0.430712 0.444209 0.471267 0.503691 0.521148 0.522684 0.541878 0.554807 0.558034 0.550642 0.538943 0.506454 0.486615 0.460601 0.40294 0.362973 0.356815 0.357606 0.360165 0.376261 0.423545 0.477295 0.536557 0.580623 0.599472 0.572509 0.539313 0.521222 0.512521 0.520955 0.624066 1 0.504174 0.456081 0.575559 0.786926 0.762177 0.500456 0.466965 0.536426 0.696908 0.736376 0.712591 0.690676 0.642419 0.4827 0.441357 0.339983
0.617879 0.610469 0.504336 0.381805 0.265377 0.148136 0 0.173772 0 0 0.264269 0.269224 0.313326 0.355682 0.375622 0.406314 0.436967 0.468037 0.4708 0.440574 0.427771 0.417301 0.408621 0.440761 0.480981 0.509334 0.497887 0.476553 0.438777 0.409764 0.373411 0.352046 0.363718 0.374752 0.383913 0.416499 0.454136 0.467921 0.474986 0.486794 0.495499 0.492868 0.485596 0.461454 0.432574 0.418225 0.382513 0.316657 0.281824 0.270298 0.249311 0.244188 0.252548 0.306726 0.375446 0.446643 0.499539 0.531891 0.518716 0.500276 0.496407 0.505438 0.527837 0.599644 0.554109 0.521018 0.580588 0.741668 0.884311 0.525054 0.415711 0.596823 0.702015 0.752804 0.766459 0.744513 0.716607 0.69688 0.693422 0.729596 0.781171
0.439915 0.38738 0.268659 0 0 0 0 0 0 0 0 0 0 0.206005 0.276318 0.324964 0.378521 0.40899 0.393174 0.371567 0.360742 0.356561 0.364069 0.415579 0.472417 0.499831 0.482533 0.44579 0.395017 0.352453 0.310092 0.291785 0.310181 0.314 0.325521 0.347697 0.37997 0.386167 0.392366 0.410151 0.41773 0.414558 0.40917 0.383944 0.366873 0.354626 0.304589 0.236602 0.205164 0.203041 0.177706 0.156032 0.158573 0.177059 0.244735 0.312237 0.378234 0.426385 0.435032 0.437274 0.459053 0.487754 0.531673 0.579056 0.609296 0.633917 0.64696 0.676562 0.641339 0.514029 0.622523 0.682349 0.707305 0.734081 0.750045 0.736499 0.727759 0.710271 0.699563 0.724272 0.765467
0.225119 0 0 0 0 0 0 0 0 0 0 0 0 0 0 0 0.266486 0.306715 0.308936 0.314315 0.316237 0.315583 0.343824 0.412273 0.483085 0.497099 0.472453 0.404499 0.368695 0.322605 0.265966 0.246396 0.264051 0.261934 0.284377 0.298784 0.28519 0.284535 0.291205 0.315247 0.318633 0.326269 0.322754 0.31221 0.300257 0.286181 0.232096 0.185769 0.148313 0.135141 0.134242 0.121942 0.105895 0.108939 0.143429 0.175096 0.231239 0.2596 0.290322 0.328426 0.376499 0.426324 0.493512 0.553316 0.590975 0.606312 0.609082 0.600566 0.588787 0.598534 0.640594 0.641326 0.666304 0.696816 0.71457 0.719315 0.717639 0.701821 0.690956 0.706975 0.741706
0 0 0 0 0 0 0 0 0 0 0 0 0 0 0 0 0 0.156586 0.224388 0.251408 0.271448 0.284087 0.350305 0.446305 0.482168 0.473402 0.414885 0.361609 0.343063 0.295764 0.245126 0.229981 0.228026 0.229387 0.247061 0.233976 0.200069 0.171748 0.16928 0.182192 0.179733 0.193296 0.207202 0.220965 0.234916 0.210884 0.176854 0.13407 0.0992859 0.0904123 0.0958124 0.103203 0.0974096 0.110136 0.118081 0.12746 0.0940696 0.0971178 0.113518 0.147555 0.199071 0.288508 0.386268 0.461379 0.500977 0.527216 0.532493 0.541152 0.55354 0.563847 0.566235 0.58316 0.619467 0.649487 0.664993 0.678409 0.685433 0.678231 0.670842 0.672533 0.689109
0 0 0 0 0 0 0 0 0 0 0 0 0 0 0 0 0 0 0 0.132804 0.180127 0.264358 0.357911 0.411396 0.416844 0.402103 0.342009 0.325988 0.294869 0.255947 0.22452 0.221976 0.193577 0.182509 0.168769 0.141441 0.10532 0 0 0 0 0 0.0750585 0.111188 0.136536 0.131868 0.103866 0.0986472 0.0998208 0.102525 0.121203 0.136503 0.148243 0.173551 0.165945 0.164597 0.123588 0 0 0 0 0 0 0.26905 0.349966 0.411305 0.440678 0.462159 0.471858 0.494647 0.507664 0.532061 0.561776 0.588735 0.597774 0.614222 0.621528 0.624075 0.618078 0.602981 0.609661
0 0 0 0 0 0 0 0 0 0 0 0 0 0 0 0 0 0 0 0 0 0.198598 0.28773 0.306498 0.322484 0.286279 0.269916 0.261089 0.229538 0.201706 0.202323 0.19753 0.147197 0.112867 0.08541 0.055766 0 0 0 0 0 0 0 0 0.0467824 0.0765065 0.0599285 0.0928686 0.133825 0.158367 0.191945 0.210723 0.245202 0.264893 0.269179 0.211552 0.15483 0 0 0 0 0 0 0 0.204608 0.304347 0.344724 0.383206 0.419265 0.44731 0.460574 0.476085 0.49088 0.510053 0.521126 0.529728 0.543188 0.537074 0.497572 0.481033 0.504724
0 0 0 0 0 0 0 0 0 0 0 0 0 0 0 0 0 0 0 0 0 0 0.135685 0.188373 0.155871 0.124849 0.158061 0.148584 0.129916 0.140677 0.155693 0.12959 0.0908833 0.0558313 0.0276025 0 0 0 0 0 0 0 0 0 0.0386475 0.0571704 0.0764176 0.0985162 0.170358 0.220348 0.249783 0.290109 0.334438 0.343447 0.329804 0.239684 0.113245 0 0 0 0 0 0 0 0.172604 0.252944 0.293562 0.343787 0.37612 0.392495 0.411765 0.413811 0.440903 0.459138 0.46346 0.466123 0.452377 0.397615 0.350858 0.334602 0.323986
0 0 0 0 0 0 0 0 0 0 0 0 0 0 0 0 0 0 0 0 0 0 0 0 0 0 0 0 0 0 0.0676583 0 0 0 0 0 0.00969962 0.0247287 0 0 0 0 0 0.00531348 0.0368597 0.0447405 0.0892241 0.137574 0.212877 0.270803 0.310598 0.358069 0.386101 0.380977 0.331866 0.263251 0.123299 0 0 0 0 0 0 0.105504 0.223513 0.263288 0.298337 0.322092 0.345112 0.353808 0.363491 0.376395 0.413228 0.420613 0.421008 0.405792 0.349696 0.294694 0.232802 0.172741 0.133164
0 0 0 0 0 0 0 0 0 0 0 0 0 0 0 0 0 0 0 0 0 0 0 0 0 0 0 0 0 0 0 0 0 0 0 0 0.0443131 0.0652015 0.0470069 0.0408796 0.0422029 0.0482258 0.0677074 0.077121 0.0720902 0.0773252 0.113854 0.190597 0.254306 0.303526 0.344965 0.38488 0.387997 0.366128 0.325156 0.27273 0.170181 0.0523742 0 0 0 0 0.202368 0.357212 0.362897 0.357108 0.338404 0.324152 0.32168 0.316104 0.313773 0.354271 0.374936 0.387106 0.381483 0.346664 0.289665 0.230848 0.146391 0.062676 0
0 0 0 0 0 0 0 0 0 0 0 0 0 0 0 0 0 0 0 0 0 0 0 0 0 0 0 0 0 0 0 0 0 0 0 0 0.0404579 0.0516839 0.0736414 0.109189 0.11689 0.124383 0.11724 0.123186 0.118892 0.116196 0.158981 0.228075 0.255501 0.283726 0.330362 0.363474 0.365895 0.354404 0.332012 0.283327 0.236279 0.205552 0.182907 0.200371 0.244337 0.353538 0.549849 0.54365 0.491995 0.439236 0.372058 0.314007 0.262019 0.251802 0.272824 0.312023 0.322108 0.339735 0.323013 0.29799 0.255296 0.18633 0.110755 0.0271037 0
0 0 0 0.0248201 0.0495752 0.0339235 0 0 0 0 0 0 0 0 0 0 0 0 0 0 0 0 0 0 0 0 0 0 0 0 0 0 0 0 0 0 0 0 0.074475 0.127907 0.15312 0.148209 0.143102 0.136185 0.124168 0.135357 0.194525 0.220548 0.2284 0.251842 0.300766 0.332518 0.345883 0.335336 0.310179 0.276066 0.27475 0.292589 0.330128 0.388465 0.453921 0.589007 0.720057 0.665348 0.564714 0.452591 0.350387 0.255804 0.178203 0.153946 0.170823 0.186527 0.21526 0.232494 0.243961 0.237123 0.210406 0.160733 0.110355 0.0291451 0
0 0 0.00464893 0.0546885 0.0817666 0.0700382 0.0296822 0 0 0 0 0 0 0 0 0 0 0 0 0 0 0 0 0 0 0 0 0 0 0 0 0 0 0 0 0 0 0 0 0 0.104018 0.108759 0.117546 0.107992 0.10803 0.156979 0.19426 0.198611 0.213941 0.226273 0.257381 0.269803 0.26916 0.258131 0.24763 0.250405 0.284988 0.323473 0.386342 0.452508 0.527776 0.664026 0.755946 0.675962 0.537469 0.407361 0.278563 0.157109 0 0 0 0 0 0 0.112854 0.110991 0.133657 0.120738 0.0729351 0.0524474 0
0.0448792 0.0646247 0.0794309 0.107393 0.117606 0.119824 0.092754 0.0484386 0.0393883 0.00965191 0 0 0 0 0 0 0 0 0 0 0 0 0 0 0 0 0 0 0 0 0 0 0 0 0 0 0 0 0 0 0 0 0 0.0446933 0.0925176 0.145719 0.151584 0.144863 0.143486 0.148834 0.143664 0 0 0.118759 0.148341 0.20315 0.253863 0.309062 0.383454 0.465277 0.559604 0.676081 0.712305 0.610712 0.479094 0.34768 0.194695 0 0 0 0 0 0 0 0 0 0 0 0.0238321 0.0536852 0.0436597
0.0990915 0.128009 0.160407 0.171933 0.162109 0.169321 0.155237 0.123126 0.104304 0.102118 0.0708937 0 0 0 0 0 0 0 0 0 0 0 0 0 0 0 0 0 0 0 0 0 0 0 0 0 0 0 0 0 0 0 0 0 0.056081 0.0753249 0.0676803 0.0521176 0.0451707 0 0 0 0 0 0 0 0.124856 0.237298 0.350405 0.457676 0.556794 0.64065 0.630279 0.517049 0.393912 0.248908 0.0916272 0 0 0 0 0 0 0 0 0 0 0 0 0.0360101 0.055944
