wasim_mod/input/grids/GRD/fundus_25.sd3
ncols	193
nrows	326
xllcorner	39436.98047
yllcorner	214976.5781
cellsize	25.0198
nodata_value	-9999
[rows 224 to 255 of 326, columns 72 to 143 of 193]
0.250732 0.213753 0 0 0 0 0 0 0 0 0 0.133816 0.282115 0.307987 0.445193 0.484078 0.425731 0.388144 0.33861 0.227461 0.12673 0.249373 0.428815 0.486565 0.46182 0.443603 0.460806 0.526414 0.61034 0.658229 0.687109 0.698507 0.677798 0.596978 0.530367 0.482035 0.424127 0.350043 0.283147 0.153377 0 0 0 0 0 0 0 0 0 0 0 0 0 0 0 0.0178705 0.0695026 0.164329 0.262947 0.314139 0.298369 0 0 0 0 0 0 0 0 0 0 0
0.281418 0.226038 0 0 0 0 0 0 0 0 0 0.0371279 0.230645 0.286734 0.415992 0.461132 0.405271 0.332725 0.273639 0.152983 0.0786558 0.293578 0.477313 0.492652 0.451613 0.46458 0.522233 0.616069 0.67232 0.689642 0.70221 0.701677 0.669117 0.604803 0.541361 0.487512 0.427902 0.367963 0.321283 0.167158 0 0 0 0 0 0 0 0 0 0 0 0 0 0 0 0.026012 0.0920631 0.22156 0.346908 0.39849 0.364063 0.261893 0 0 0 0 0 0 0 0 0 0
0.294154 0.223837 0 0 0 0 0 0 0 0 0 0 0.299923 0 0.291235 0.474829 0.379447 0.277706 0.223219 0.123809 0.113245 0.447859 0.598632 0.534008 0.509158 0.602268 0.679003 0.740813 0.68391 0.704382 0.70329 0.68876 0.657361 0.602801 0.528004 0.471094 0.428615 0.398884 0.34557 0 0 0 0 0 0 0 0 0 0 0 0 0 0 0 0 0.022394 0.11771 0.284384 0.4039 0.424106 0.38107 0.31853 0.223801 0 0 0 0 0 0 0 0 0
0.293547 0.191393 0 0 0 0 0 0 0 0 0 0 0.25527 0 0.339608 0.429036 0.296268 0.272367 0.209572 0.121274 0.405493 0.627382 0.573942 0.547747 0.637053 0.693851 0.697561 0.721809 0.710764 0.721806 0.714459 0.679301 0.63957 0.581129 0.494008 0.446422 0.446318 0.438297 0.33131 0 0 0 0 0 0 0 0 0 0 0 0 0 0 0 0 0.0387751 0.156282 0.330926 0.41168 0.410947 0.394593 0.351286 0.271027 0.186346 0 0 0 0 0 0 0 0
0.255473 0.139251 0 0 0 0 0 0 0 0 0 0 0.191548 0.202608 0.305854 0.306753 0.296472 0.286207 0.237827 0.274927 0.486046 0.477443 0.523503 0.599645 0.643709 0.619623 0.655048 0.689496 0.760111 0.727224 0.731008 0.665484 0.62021 0.562089 0.459405 0.443925 0.469728 0.41466 0.228766 0 0 0 0 0 0 0 0 0 0 0 0 0 0 0 0.0313255 0.125651 0.23178 0.322848 0.382549 0.421507 0.42673 0.375278 0.303433 0.220404 0 0 0 0 0 0 0 0
0.173929 0.080792 0 0 0 0 0 0 0 0 0 0 0.102192 0.199479 0.244963 0.2738 0.304644 0.294965 0.252498 0.350813 0.460417 0.512394 0.604233 0.627992 0.637957 0.655084 0.711394 0.710454 0.739171 0.75392 0.72437 0.640977 0.592141 0.518292 0.430216 0.434518 0.432145 0.3313 0.16631 0 0 0 0 0 0 0 0 0 0 0 0 0 0 0 0.0958439 0.225488 0.279494 0.312539 0.391552 0.456714 0.455317 0.400779 0.315589 0.214456 0 0 0 0 0 0 0 0
0.0473193 0 0 0 0 0 0 0 0 0 0 0 0.00863261 0.139646 0.227087 0.280894 0.296158 0.285461 0.282935 0.409554 0.489549 0.583585 0.626367 0.630278 0.644461 0.692511 0.748846 0.750894 0.748243 0.768091 0.682854 0.594705 0.540114 0.468084 0.409427 0.406495 0.364316 0.258586 0.115425 0 0 0 0 0 0 0 0 0 0 0 0 0 0 0 0.165922 0.270599 0.317519 0.337642 0.402023 0.460822 0.445397 0.386312 0.279711 0.180788 0.0955232 0 0 0 0 0 0 0
0 0 0 0 0 0 0 0 0 0 0 0 0 0.0922073 0.200814 0.262329 0.281684 0.268868 0.340846 0.441219 0.530716 0.585954 0.610389 0.633517 0.654678 0.740518 0.774919 0.778178 0.741872 0.733535 0.620281 0.535214 0.486237 0.428918 0.398962 0.375261 0.308548 0.21274 0 0 0 0 0 0 0 0 0 0 0 0 0 0 0 0.0563238 0.203123 0.282828 0.322103 0.331313 0.369443 0.4 0.39331 0.33003 0.208941 0.138238 0.111998 0 0 0 0 0 0 0
0 0 0 0 0 0 0 0 0 0 0 0 0 0.0887787 0.193151 0.238445 0.265038 0.28961 0.363639 0.493698 0.60143 0.612737 0.651313 0.700745 0.760008 0.718669 0.802775 0.796894 0.757405 0.687347 0.560716 0.493493 0.447516 0.409221 0.400508 0.353905 0.285095 0.198734 0 0 0 0 0 0 0 0 0 0 0 0 0 0 0 0.122655 0.215348 0.283484 0.308648 0.30332 0.308924 0.313246 0.313124 0.255322 0.157251 0.120238 0.118938 0.0640429 0 0 0 0 0 0
0 0 0 0 0 0 0 0 0 0 0 0 0 0.0786432 0.188361 0.248426 0.313577 0.348057 0.458444 0.612426 0.67331 0.693552 0.754717 0.758351 0.759002 0.815728 0.92624 0.837177 0.749041 0.625211 0.527802 0.481834 0.425248 0.407493 0.402938 0.352274 0.281968 0.219809 0.140405 0 0 0 0 0 0 0 0 0 0 0 0 0 0.0375194 0.174183 0.227828 0.2758 0.287488 0.257907 0.229006 0.213721 0.230582 0.211446 0.154791 0.127499 0.117612 0.0914811 0 0 0 0 0 0
0 0 0 0 0 0 0 0 0 0 0 0 0 0.103627 0.221327 0.318826 0.405123 0.467764 0.60895 0.710262 0.730497 0.752945 0.800437 0.775239 0.830002 0.897098 0.972031 0.829573 0.68331 0.58793 0.521397 0.470123 0.4262 0.435439 0.417968 0.353785 0.298613 0.275053 0.225163 0.108959 0 0 0 0 0 0 0 0 0 0 0 0 0.0851644 0.186431 0.240314 0.26574 0.241205 0.186772 0.155135 0.162751 0.15792 0.112022 0.110188 0.136684 0.132521 0.122926 0.0850966 0 0 0 0 0
0 0 0 0 0 0 0 0 0 0 0 0 0 0.177724 0.334077 0.463178 0.568255 0.665036 0.799039 0.855251 0.79864 0.809424 0.838534 0.984362 0.915286 0.916434 1 0.76718 0.648471 0.576946 0.525363 0.474806 0.454564 0.455781 0.415222 0.370356 0.345985 0.325769 0.283808 0.182176 0 0 0 0 0 0 0 0 0 0 0 0 0.126321 0.157365 0.193408 0.176289 0.143438 0.113247 0.0748604 0.0460884 0.03187 0.033334 0.0897355 0.144517 0.13784 0.127381 0.10879 0 0 0 0 0
0 0 0 0 0 0 0 0 0 0 0 0 0.0791754 0.318513 0.519056 0.68449 0.81678 0.944931 0.942722 0.897806 0.96065 0.963578 0.965764 0.87931 0.855649 1 0.810028 0.700952 0.638105 0.57891 0.529202 0.486229 0.478474 0.461887 0.425716 0.413537 0.404547 0.380811 0.335144 0.23745 0 0 0 0 0 0 0 0 0 0 0 0 0.0348434 0.0722013 0.0421813 0.0257423 0.0276723 0 0 0 0 0 0.0334239 0.096981 0.123334 0.152952 0.135002 0 0 0 0 0
0 0 0 0 0 0 0 0 0 0 0 0.0652553 0.283705 0.514235 0.698608 0.891209 0.940882 0.837619 0.822028 0.814832 0.816749 0.82531 0.851332 0.893046 1 0.889216 0.754347 0.674953 0.622271 0.568939 0.525224 0.502673 0.504253 0.486423 0.473035 0.474004 0.472476 0.451205 0.399581 0.291919 0 0 0 0 0 0 0 0 0 0 0 0 0 0 0 0 0 0 0 0 0 0 0 0.00641828 0.0849478 0.166215 0.16621 0.0961994 0 0 0 0
0 0 0 0 0 0 0 0 0 0 0 0.241537 0.483721 0.66658 0.823199 0.970468 0.903061 0.827271 0.82975 0.850015 0.863481 0.880023 0.914148 1 0.946631 0.844323 0.738258 0.658538 0.600231 0.563928 0.548782 0.54704 0.540156 0.524566 0.533495 0.538551 0.543038 0.528694 0.468237 0.310128 0 0 0 0 0 0 0 0 0 0 0 0 0 0 0 0 0 0 0 0 0 0 0 0 0.0406067 0.162446 0.204202 0.171197 0.101864 0.0417971 0 0
0 0 0 0 0 0 0 0 0 0 0.0017515 0.455931 0.676416 0.819851 0.909426 0.987129 0.935583 0.888484 0.873793 0.915161 0.94162 1 1 0.908634 0.846189 0.782524 0.697722 0.633506 0.593173 0.576106 0.577866 0.564092 0.556263 0.556756 0.568154 0.575565 0.592635 0.560833 0.473337 0.291774 0 0 0 0 0 0 0 0 0 0 0 0 0 0 0 0 0 0 0 0 0 0 0 0 0.018706 0.181403 0.243256 0.249482 0.228283 0.165144 0 0
0 0 0 0 0 0 0 0 0 0 0.379257 0.736487 0.872348 0.948739 0.959591 0.978938 0.957695 0.937806 0.933566 1 1 0.878875 0.828999 0.800426 0.742749 0.685176 0.634745 0.595282 0.566884 0.563236 0.564552 0.557457 0.550962 0.554351 0.568935 0.587346 0.58599 0.541477 0.456631 0.22095 0 0 0 0 0 0 0 0 0 0 0 0 0 0 0 0 0 0 0 0 0 0 0 0 0.0177707 0.222504 0.309894 0.347056 0.332693 0.292171 0.211975 0
0 0 0 0 0 0 0 0 0 0.0773313 0.79164 0.98649 0.962882 0.980161 0.992659 0.959225 1 1 1 0.849474 0.777887 0.739156 0.722212 0.698029 0.664633 0.617891 0.579886 0.544949 0.528103 0.538504 0.543916 0.534029 0.511869 0.531907 0.551953 0.563813 0.551834 0.505061 0.40866 0 0 0 0 0 0 0 0 0 0 0 0 0 0 0 0 0 0 0 0 0 0 0 0 0 0.0651655 0.28747 0.391245 0.417857 0.402859 0.395549 0.351945 0.226999
0 0 0 0 0 0 0 0 0 0.523975 0.920433 1 1 1 1 0.912702 0.824285 0.761377 0.713253 0.683354 0.664877 0.652279 0.649897 0.636829 0.614055 0.569871 0.529353 0.504787 0.503176 0.512481 0.500389 0.46975 0.468201 0.492291 0.511363 0.522112 0.505017 0.465497 0.371688 0 0 0 0 0 0 0 0 0 0 0 0 0 0 0 0 0 0 0 0 0 0 0 0 0 0.0891332 0.343659 0.438698 0.446439 0.443034 0.428623 0.407712 0.323235
0 0 0 0 0 0 0 0 0 0.63778 0.84436 0.921282 0.958332 0.971676 0.909697 0.819662 0.72795 0.667089 0.622995 0.588655 0.59511 0.604482 0.612628 0.615066 0.587947 0.548917 0.525381 0.504203 0.482012 0.461682 0.443001 0.427806 0.423545 0.453156 0.482579 0.489181 0.475697 0.44959 0.350612 0 0 0 0 0 0 0 0 0 0 0 0 0 0 0 0 0 0 0 0 0 0 0 0 0 0.0553133 0.366381 0.425981 0.439161 0.432858 0.427429 0.417498 0.354748
0 0 0 0 0 0 0 0 0.273271 0.638124 0.763248 0.817412 0.852454 0.844337 0.769592 0.703725 0.643746 0.606 0.556564 0.536124 0.557755 0.575176 0.597453 0.612372 0.587483 0.570976 0.552166 0.493621 0.449064 0.42796 0.417572 0.404704 0.413069 0.449644 0.473022 0.482935 0.477905 0.437052 0.344119 0.185936 0 0 0 0 0 0 0 0 0 0 0 0 0 0 0 0 0 0 0 0 0 0 0 0 0 0.304056 0.371296 0.393241 0.392427 0.414474 0.397262 0.352718
0 0 0 0 0 0 0 0 0.376288 0.606316 0.67256 0.70079 0.711361 0.680905 0.646988 0.603831 0.581851 0.554459 0.517112 0.518876 0.538067 0.559305 0.586262 0.608882 0.595392 0.589632 0.543071 0.460618 0.409779 0.399644 0.413067 0.421445 0.437185 0.465201 0.494626 0.496542 0.480095 0.429986 0.362957 0.221747 0 0 0 0 0 0 0 0 0 0 0 0 0 0 0 0 0 0 0 0 0 0 0 0 0 0.187366 0.306513 0.316654 0.352633 0.37858 0.356382 0.331142
0 0 0 0 0 0 0 0 0.397503 0.554883 0.595908 0.605281 0.603159 0.590777 0.573256 0.549704 0.544487 0.533333 0.505267 0.507067 0.527675 0.546727 0.583986 0.603958 0.601724 0.566416 0.499013 0.413913 0.38104 0.399633 0.437183 0.45848 0.476715 0.507374 0.528995 0.512568 0.482861 0.431377 0.362936 0.231706 0 0 0 0 0 0 0 0 0 0 0 0 0 0 0 0 0 0 0 0 0 0 0 0 0 0.0894048 0.182062 0.226958 0.311272 0.313626 0.290863 0.291487
0 0 0 0 0 0 0 0 0.391491 0.527463 0.550157 0.546069 0.551522 0.552171 0.535801 0.529644 0.531729 0.52465 0.49562 0.506627 0.521571 0.541752 0.58954 0.610958 0.594633 0.538061 0.462873 0.401036 0.395605 0.433259 0.475362 0.501599 0.528473 0.559798 0.557676 0.527122 0.482582 0.423077 0.338454 0.225991 0.102824 0 0 0 0 0 0 0 0 0 0 0 0 0 0 0 0 0 0 0 0 0 0 0 0 0 0 0.125008 0.230298 0.230268 0.216684 0.221991
0 0 0 0 0 0 0 0 0.407003 0.506606 0.521428 0.524511 0.535901 0.533924 0.526905 0.524233 0.52741 0.516339 0.505835 0.4986 0.502829 0.547825 0.594528 0.610384 0.581186 0.52342 0.460961 0.432776 0.439077 0.485613 0.524271 0.556075 0.587451 0.600992 0.579403 0.53737 0.464384 0.386587 0.295253 0.218394 0.141672 0.0551856 0 0 0 0 0 0 0 0 0 0 0 0 0 0 0 0 0 0 0 0 0 0 0 0 0 0 0.0523452 0.103265 0.112593 0.135221
0 0 0 0 0 0 0 0 0.36822 0.48288 0.500771 0.510249 0.526191 0.526614 0.53152 0.529724 0.528365 0.523452 0.506873 0.480821 0.505706 0.54119 0.567154 0.578121 0.563287 0.530194 0.504284 0.493644 0.519208 0.555802 0.5866 0.613171 0.625887 0.615562 0.581012 0.523148 0.434878 0.332387 0.243734 0.21343 0.183445 0.119135 0 0 0 0 0 0 0 0 0 0 0 0 0 0 0 0 0 0 0 0 0 0 0 0 0 0 0 0 0 0.0403374
0 0 0 0 0 0 0 0 0.265398 0.418062 0.454385 0.481146 0.510596 0.519921 0.537361 0.535133 0.532047 0.532948 0.502345 0.474241 0.487569 0.493386 0.522167 0.545297 0.558177 0.567517 0.571328 0.573221 0.603314 0.626806 0.645917 0.653014 0.642372 0.619769 0.581118 0.50976 0.388704 0.281656 0.213398 0.173868 0.15807 0.14387 0.106609 0 0 0 0 0 0 0 0 0 0 0 0 0 0 0 0 0 0 0 0 0 0 0 0 0 0 0 0 0
0 0 0 0 0 0 0 0 0.0547638 0.312501 0.382348 0.443955 0.474255 0.509642 0.52623 0.529008 0.529928 0.518162 0.480847 0.445328 0.436744 0.445258 0.480065 0.522426 0.564103 0.60365 0.62676 0.640986 0.656822 0.679382 0.688958 0.688955 0.668831 0.638658 0.588867 0.47616 0.332115 0.23347 0.179834 0.142806 0.150356 0.177796 0.189838 0.172892 0 0 0 0 0 0 0 0 0 0 0 0 0 0 0 0 0 0 0 0 0 0 0 0 0 0 0 0
0 0 0 0 0 0 0 0 0 0.204948 0.317418 0.381538 0.43595 0.482285 0.505139 0.513103 0.509419 0.497099 0.448001 0.404254 0.396427 0.410837 0.441353 0.504749 0.570045 0.619918 0.637347 0.656624 0.694671 0.717972 0.720813 0.70708 0.697258 0.661446 0.581538 0.447051 0.308641 0.190775 0.150278 0.142735 0.166998 0.220897 0.270778 0.281181 0.2 0 0 0 0 0 0 0 0 0 0 0 0 0 0 0 0 0 0 0 0 0 0 0 0 0 0 0
0 0 0 0 0 0 0 0 0 0.127991 0.261913 0.346428 0.40487 0.448914 0.490557 0.497215 0.495267 0.465544 0.406196 0.374123 0.370728 0.376461 0.407977 0.481735 0.567451 0.614036 0.623411 0.648858 0.698623 0.715522 0.715089 0.70752 0.687648 0.638212 0.559116 0.435067 0.304269 0.16298 0.13162 0.142364 0.182165 0.280291 0.338219 0.335759 0.272545 0.161355 0 0 0 0 0 0 0 0 0 0 0 0 0 0 0 0 0 0 0 0 0 0 0 0 0 0
0 0 0 0 0 0 0 0 0 0.0671719 0.233186 0.330877 0.387904 0.438337 0.467732 0.476942 0.461947 0.423315 0.380272 0.353816 0.348867 0.368829 0.389714 0.467299 0.563187 0.600801 0.612505 0.640555 0.676045 0.685357 0.688181 0.686583 0.654002 0.619267 0.540397 0.41639 0.308405 0.17993 0.117461 0.134058 0.238837 0.313422 0.335964 0.359012 0.326209 0.207681 0 0 0 0 0 0 0 0 0 0 0 0 0 0 0 0 0 0 0 0 0 0 0 0 0 0
0 0 0 0 0 0 0 0 0 0.0421413 0.234483 0.329702 0.382469 0.417075 0.437775 0.441191 0.421403 0.389782 0.36605 0.345096 0.353082 0.37939 0.389068 0.466936 0.557448 0.601124 0.620637 0.645869 0.653799 0.6447 0.64744 0.65151 0.65633 0.619051 0.514895 0.416347 0.33015 0.215639 0.129802 0.13234 0.221565 0.298937 0.355044 0.384944 0.350174 0.216877 0 0 0 0 0 0 0 0 0 0 0 0 0 0 0 0 0 0 0 0 0 0 0 0 0 0
