wasim_mod/input/grids/GRD/fundus_25.eor
ncols	193
nrows	326
xllcorner	39436.98047
yllcorner	214976.5781
cellsize	25.0198
nodata_value	-9999
[rows 230 to 275 of 326, columns 0 to 95 of 193]
127 34 167 198 168 73 162 185 61 222 192 166 308 213 42 23 111 33 150 184 190 150 82 33 1 183 109 177 117 70 274 115 319 183 146 180 22 14 195 160 30 22 179 265 165 153 160 138 58 75 136 157 218 106 27 24 129 45 118 168 5 189 186 313 33 102 37 42 125 147 196 194 184 35 182 26 321 196 140 46 193 34 151 195 45 307 212 178 137 196 136 20 272 221 131 152
169 24 20 194 31 186 40 26 139 194 181 23 24 120 44 172 185 216 138 74 193 186 48 189 101 193 219 75 97 267 188 42 191 117 25 83 30 138 192 194 27 185 184 41 22 176 109 90 182 20 40 155 194 184 172 21 166 188 173 191 187 98 190 50 186 18 183 45 193 134 191 192 92 7 189 179 193 45 178 135 190 159 39 153 152 189 73 192 176 191 192 154 96 31 191 177
149 129 323 194 203 20 19 69 19 142 301 185 301 176 84 300 319 207 183 46 217 204 152 165 10 107 9 141 139 39 142 202 184 28 11 312 19 184 97 78 19 20 93 324 32 326 182 181 103 73 19 66 47 208 25 146 20 173 90 41 36 16 19 134 89 184 170 115 133 269 317 130 57 37 184 143 26 21 155 178 177 100 179 322 29 183 105 183 20 22 40 41 37 167 118 27
23 141 133 51 116 181 141 144 178 23 124 15 180 162 95 86 49 303 162 304 24 42 26 32 20 180 166 73 309 1 44 132 81 23 144 105 33 64 127 270 112 21 20 19 19 179 82 19 40 77 104 219 116 107 321 109 168 178 117 177 143 91 162 111 160 40 274 326 38 180 119 4 126 94 149 31 24 175 165 121 171 213 190 136 179 137 87 123 19 38 135 33 25 20 29 176
147 200 129 317 178 21 35 34 170 39 78 130 20 31 20 17 32 129 39 21 206 33 45 100 60 34 73 306 210 305 102 36 48 88 178 114 273 160 78 178 216 139 32 120 77 160 19 173 108 28 161 37 21 151 156 5 30 58 38 318 21 36 272 77 177 27 28 85 169 56 82 37 153 302 146 95 314 55 172 110 74 147 177 152 163 118 50 198 320 159 155 312 41 53 39 319
149 217 117 124 25 187 123 135 98 146 130 27 175 170 104 22 220 170 179 317 24 25 166 189 150 154 102 140 274 90 29 30 266 174 16 76 173 22 115 111 21 24 37 115 174 21 2 141 214 164 172 125 19 23 37 195 162 128 21 323 109 29 119 80 37 176 96 144 168 318 7 173 171 63 310 22 122 158 54 163 14 209 32 49 163 160 165 83 92 75 322 51 120 267 142 19
21 19 116 34 27 44 219 197 321 316 110 42 325 74 32 17 303 319 88 118 161 20 130 149 169 33 139 105 19 104 172 216 11 72 94 148 168 142 18 98 176 145 308 136 157 191 19 145 133 212 161 131 34 174 125 36 314 117 48 163 21 132 315 138 137 174 145 52 150 150 110 107 304 317 269 55 82 72 305 96 18 173 132 53 36 22 38 26 18 131 139 135 28 31 172 175
317 170 46 24 59 31 270 186 22 124 201 159 105 140 139 35 316 174 23 147 172 164 5 168 162 208 35 91 302 188 131 25 174 124 207 159 18 18 155 19 86 169 219 87 218 202 101 165 127 166 56 160 72 19 123 19 24 311 272 163 19 271 148 130 175 33 173 166 84 34 154 103 43 138 69 102 134 156 121 28 22 109 203 35 93 41 35 21 66 80 317 114 74 172 23 158
205 137 136 102 314 64 139 82 161 72 167 26 103 25 165 13 143 118 163 121 142 134 90 310 34 213 170 107 318 304 173 133 173 107 34 106 141 101 317 133 89 152 144 177 22 97 29 96 19 141 140 32 23 84 80 18 159 79 76 155 319 173 135 140 128 4 25 98 95 164 109 20 119 68 72 157 117 18 34 7 48 16 52 127 27 139 172 24 132 101 135 172 100 31 20 99
204 146 46 108 315 159 124 85 45 117 106 187 120 17 96 211 131 28 132 123 18 93 90 88 200 207 50 20 170 172 153 20 17 26 112 128 192 167 156 195 93 78 31 111 164 20 206 147 3 9 77 30 28 20 324 169 33 148 317 164 78 33 122 104 55 306 147 20 40 158 19 134 53 99 167 20 20 120 92 135 116 17 18 197 307 72 20 33 74 321 115 29 72 171 109 20
103 32 27 168 43 162 131 18 164 22 32 81 1 119 311 160 25 51 144 167 65 17 2 132 318 157 107 23 146 216 17 52 24 24 18 17 320 75 18 80 178 18 143 166 165 71 98 32 169 134 105 142 17 180 30 165 96 63 110 95 30 145 169 162 155 182 141 11 315 20 173 138 86 141 71 170 31 144 127 170 61 29 150 209 191 125 29 165 163 83 159 157 6 317 111 140
162 153 147 143 89 175 146 77 167 169 215 82 93 161 108 196 163 133 31 31 72 79 212 85 101 127 168 88 18 168 123 26 158 15 167 129 17 36 18 199 12 217 121 165 319 155 132 45 101 46 160 165 90 159 156 50 73 25 32 145 112 25 7 124 27 128 188 112 71 163 119 109 154 19 87 167 147 39 33 53 168 29 20 206 204 30 28 157 163 153 94 114 21 19 116 30
181 149 29 30 156 5 302 107 162 31 21 183 203 165 19 49 165 215 156 163 308 193 70 113 71 141 140 1 95 28 313 29 16 164 142 164 161 26 202 18 210 37 97 121 217 208 143 144 139 83 122 23 135 163 160 146 106 93 154 68 18 307 13 150 108 172 88 317 144 2 155 197 164 16 185 16 20 17 164 158 120 71 72 159 139 130 151 157 19 153 154 67 104 149 92 9
157 323 29 322 119 176 30 44 29 28 19 153 29 19 128 315 28 27 62 169 145 161 130 18 4 92 16 102 60 25 205 134 19 50 209 163 316 321 160 78 47 26 198 152 122 24 133 73 113 34 10 103 16 77 142 20 24 154 73 162 76 153 17 107 19 161 154 115 192 157 117 148 23 151 303 19 31 158 71 70 22 129 45 159 120 46 19 19 141 314 70 178 155 94 86 99
99 16 212 157 26 101 86 211 150 28 161 196 148 110 204 155 53 310 98 157 87 146 159 200 156 137 85 100 164 71 25 145 80 153 151 28 3 11 97 119 158 147 93 88 194 153 150 146 154 91 17 149 80 122 85 152 85 16 312 95 207 18 161 139 116 159 325 96 49 16 186 18 136 5 160 21 136 131 98 319 29 154 141 214 155 27 70 22 160 132 84 56 76 171 143 125
159 83 17 156 109 117 28 70 17 141 126 82 148 142 31 135 54 173 89 152 143 175 156 127 157 130 17 157 112 107 316 108 103 18 158 112 159 71 188 17 181 75 140 81 147 48 131 116 138 19 305 134 128 17 159 12 156 307 197 105 27 70 151 139 183 50 43 314 155 106 179 158 154 72 94 24 154 156 114 138 308 22 153 16 123 156 151 158 77 144 157 17 157 100 23 150
136 190 153 150 95 148 108 153 137 119 37 27 29 153 135 66 124 45 46 209 100 69 213 104 129 30 97 69 28 199 27 149 311 144 26 315 16 133 152 24 149 78 78 123 15 132 214 102 13 141 52 146 139 143 151 140 70 122 137 16 142 139 206 26 33 55 16 61 110 3 92 17 303 77 27 138 215 152 2 135 7 103 121 127 24 111 10 143 17 152 97 18 187 152 25 147
73 19 113 19 151 134 210 16 73 25 32 91 154 151 174 215 87 141 79 53 120 17 312 89 14 119 15 38 135 127 85 139 136 8 126 140 133 125 105 192 18 82 16 18 201 22 107 189 203 99 85 50 28 26 316 35 94 18 141 116 138 194 322 21 96 129 321 42 317 150 26 74 172 165 64 147 17 11 149 130 103 140 320 143 130 202 159 27 26 118 87 137 147 132 148 214
140 119 139 183 70 148 120 149 39 324 147 58 142 214 177 133 146 14 167 179 136 116 17 69 145 14 308 138 149 141 141 22 95 47 80 68 148 12 16 140 96 88 25 54 95 74 91 114 14 209 125 117 303 142 129 7 17 94 199 59 191 26 24 98 134 23 44 25 74 105 195 139 147 137 213 112 130 137 188 18 185 149 110 36 14 114 111 57 21 142 83 15 119 14 87 31
67 21 102 141 16 25 139 100 141 144 2 173 91 8 138 139 137 121 83 30 200 67 13 325 16 15 182 136 78 71 86 306 134 50 80 33 157 103 124 76 142 207 148 18 16 169 16 137 56 126 151 126 180 93 24 4 143 148 196 22 129 190 115 125 16 126 100 213 113 66 187 138 142 14 88 6 211 24 147 134 23 17 311 127 153 41 112 16 146 210 70 135 1 146 3 130
147 143 140 144 141 143 113 146 146 146 145 145 145 145 145 144 144 144 144 144 143 143 143 142 142 142 142 141 146 140 120 15 208 176 16 2 51 75 140 42 14 83 194 134 326 104 212 70 25 15 213 136 139 80 139 102 23 124 115 105 121 7 1 90 19 86 110 90 135 122 66 84 28 133 66 138 119 67 137 107 24 139 209 92 21 15 16 135 103 67 134 128 123 192 186 134
107 10 13 137 110 88 308 94 113 84 13 21 17 68 313 23 18 71 15 96 179 13 136 135 17 26 46 195 1 44 166 320 68 15 17 134 133 87 212 321 143 206 77 134 45 136 15 77 132 152 116 22 6 23 22 16 76 23 13 83 133 211 16 14 123 135 68 13 50 319 89 114 66 322 52 20 136 185 16 82 108 306 177 119 172 119 147 65 196 16 15 164 39 86 304 69
180 109 13 36 79 203 154 16 40 15 150 91 18 78 96 114 86 84 16 15 198 14 175 94 133 122 20 318 118 201 149 109 2 142 13 15 1 69 22 33 132 73 22 315 131 134 14 21 111 74 3 23 19 202 133 14 209 95 324 311 187 121 314 98 128 94 10 65 134 90 93 15 32 212 93 93 51 92 65 110 14 184 70 8 83 96 126 112 312 26 12 30 85 130 126 41
112 99 18 15 19 151 108 195 14 89 9 199 148 140 53 27 129 37 20 305 97 11 114 122 74 2 192 310 18 124 64 16 13 186 43 15 70 88 325 95 25 162 306 7 120 31 128 66 181 139 15 65 132 15 125 46 17 71 28 88 196 133 309 136 77 176 120 132 87 133 138 137 206 119 117 14 121 115 21 118 20 210 116 14 308 24 80 72 90 135 100 133 211 44 4 50
12 16 101 19 22 52 17 326 16 16 26 204 65 114 68 193 16 17 132 98 97 71 125 122 68 185 126 174 16 209 165 143 119 13 63 105 11 17 20 198 16 73 99 16 4 167 160 7 66 2 169 14 131 119 15 191 125 201 147 188 9 111 67 16 212 75 203 132 71 12 102 177 127 94 89 5 211 202 14 28 62 312 84 14 112 39 145 67 320 75 12 311 132 66 16 95
208 131 58 109 130 149 187 87 101 87 129 91 72 13 56 323 24 23 196 4 82 79 72 69 41 199 207 115 7 107 91 11 64 90 15 154 6 124 310 212 83 15 15 184 97 175 190 5 12 14 70 81 9 206 89 90 14 76 142 192 96 64 87 82 46 88 42 211 306 112 15 127 55 105 68 2 210 130 13 31 197 28 22 122 86 209 71 318 19 117 59 112 308 131 107 111
118 117 14 116 193 211 129 83 13 106 111 11 21 97 73 4 307 173 181 6 123 88 210 96 119 104 75 189 204 128 122 64 141 66 13 161 124 74 14 90 198 65 29 9 80 25 14 14 201 194 11 113 312 11 125 120 5 325 62 110 72 14 311 95 130 14 73 38 35 98 12 176 53 14 124 207 130 121 109 122 1 11 130 116 72 157 78 123 13 13 13 125 208 12 11 71
20 1 185 112 92 3 92 130 119 133 13 15 9 74 121 114 89 143 134 40 130 89 138 26 106 13 13 135 6 137 136 145 13 13 112 36 147 61 73 4 307 79 14 72 67 11 127 97 15 51 81 174 68 101 91 177 128 14 5 197 308 84 41 15 87 1 310 66 192 15 86 68 15 64 13 70 14 10 118 8 90 1 77 130 63 61 99 1 88 104 89 125 115 130 13 82
125 69 12 69 194 29 75 103 12 61 48 198 172 113 129 50 90 128 163 154 110 114 307 71 12 311 206 75 10 312 72 84 3 112 120 15 96 115 210 156 1 12 12 70 113 126 19 11 12 201 6 24 124 111 12 28 18 142 60 116 184 13 111 307 14 108 195 158 4 95 5 60 175 70 205 83 103 128 146 67 120 12 178 12 38 117 160 82 99 104 122 26 109 106 1 8
95 59 107 126 78 91 40 108 10 116 103 59 14 120 13 127 36 105 47 125 10 49 121 192 181 129 3 13 96 14 27 129 11 325 141 107 96 114 108 21 165 197 206 6 90 110 76 12 62 10 102 64 119 98 41 95 105 314 60 68 173 130 11 2 162 59 176 112 10 204 2 87 100 10 89 58 5 310 97 128 193 26 79 4 179 88 11 209 86 14 13 121 8 12 11 52
125 195 65 311 13 11 113 155 171 317 107 74 113 58 109 97 63 128 100 2 110 29 168 55 3 44 206 14 45 185 68 201 203 198 99 115 20 105 69 12 81 117 32 114 93 33 23 38 132 99 14 10 57 48 159 101 101 9 6 202 34 10 115 31 77 14 113 11 26 128 50 59 10 8 122 2 139 75 117 60 12 87 4 16 2 63 59 116 112 174 315 5 11 191 14 209
8 63 182 199 320 122 70 205 87 98 58 3 2 169 206 124 65 308 120 95 62 122 207 128 124 69 85 126 118 1 114 21 90 18 2 310 41 10 189 12 105 81 58 11 103 209 193 166 146 12 6 11 17 12 84 4 9 121 125 19 72 90 47 116 89 37 107 129 98 64 49 100 324 70 13 67 126 88 112 151 124 118 194 119 58 10 5 26 197 110 100 73 11 91 88 161
170 4 9 11 114 143 5 2 186 127 95 46 127 95 51 309 52 12 60 86 27 39 314 115 207 9 123 12 125 206 130 115 65 126 80 64 9 99 71 11 71 208 102 96 13 7 113 121 110 67 3 22 9 123 204 118 85 96 58 63 188 89 9 97 44 10 181 66 10 1 198 107 108 318 97 10 145 72 45 11 191 109 84 40 116 70 16 92 48 57 13 12 12 99 60 53
100 62 24 101 126 10 114 84 71 89 9 30 116 87 56 194 199 54 79 90 126 111 2 183 3 3 126 37 9 108 3 206 123 80 171 153 120 142 91 202 104 90 121 160 10 125 109 73 105 67 6 118 201 94 78 94 11 59 200 3 207 9 101 8 189 313 315 11 3 208 205 77 112 124 89 25 124 132 96 15 1 116 139 38 144 4 88 100 42 7 71 82 309 120 12 185
322 148 113 55 113 86 88 134 85 323 7 103 78 126 10 321 60 62 209 127 108 86 9 3 18 58 208 96 2 81 83 63 5 11 17 9 125 116 84 121 69 106 46 11 169 4 10 124 141 74 76 67 205 137 1 58 9 93 10 80 191 135 206 12 70 56 203 73 25 115 14 136 51 83 16 8 4 92 118 44 82 24 10 122 143 125 61 52 74 45 112 95 182 70 63 324
112 125 10 9 89 208 184 95 33 71 65 147 118 8 24 32 4 6 325 4 1 66 12 310 55 27 128 65 8 2 111 91 186 116 31 56 162 92 53 319 125 96 204 123 42 37 119 108 66 5 7 140 9 97 10 124 4 311 123 126 105 120 120 189 8 112 205 119 108 88 11 75 22 206 170 124 28 8 38 17 90 26 79 114 4 98 84 154 9 15 142 20 164 81 105 84
16 312 318 1 119 100 24 97 8 55 11 41 5 68 150 11 12 156 124 111 6 129 127 5 202 7 8 208 125 10 117 80 76 191 149 118 132 87 72 46 201 161 69 187 9 139 315 146 9 1 121 120 67 112 8 44 23 123 11 192 193 91 75 54 104 4 67 9 200 93 11 5 59 11 101 151 121 29 54 79 6 10 45 71 14 2 118 205 3 1 85 199 78 5 7 106
92 61 81 3 48 103 107 116 97 6 25 9 123 123 112 68 99 6 196 128 78 10 65 17 2 8 1 9 9 130 180 134 82 317 85 35 6 7 84 124 145 117 36 5 120 43 85 7 21 110 115 9 67 105 13 8 7 137 106 70 63 114 37 16 11 8 116 50 82 34 135 38 69 73 103 124 104 83 6 160 4 3 7 153 24 2 136 108 86 314 22 121 6 189 10 10
106 105 83 70 96 44 8 75 70 54 7 120 47 7 312 3 2 66 55 112 175 207 121 119 172 191 192 7 182 6 9 8 7 9 87 90 22 10 154 123 84 31 5 311 65 82 54 7 320 206 131 195 107 198 56 184 4 70 118 203 111 42 7 7 313 97 8 114 324 96 129 20 144 8 124 8 8 193 9 4 8 7 9 2 46 9 8 8 8 8 7 7 60 19 104 7
90 5 170 115 101 120 84 118 132 63 62 179 6 139 106 87 104 3 205 188 150 64 6 1 114 176 326 6 202 23 74 6 91 120 196 6 6 119 15 151 203 5 4 93 78 62 6 149 56 7 59 143 83 53 87 2 122 73 57 100 53 194 76 110 122 58 311 108 113 66 39 29 315 181 6 40 3 173 5 113 17 8 4 128 122 21 74 125 13 80 113 1 121 77 115 10
134 95 106 85 117 314 67 102 61 70 105 116 57 4 64 81 140 93 34 100 52 115 204 76 114 56 120 119 3 5 121 121 88 2 85 1 142 117 121 81 79 162 103 57 195 67 24 73 45 112 186 171 103 94 53 47 21 1 43 106 154 313 203 115 81 110 75 68 126 135 137 104 109 158 12 105 174 96 73 5 1 8 129 1 33 11 156 4 120 62 72 50 65 84 46 116
89 1 7 77 201 74 53 86 127 100 8 86 21 113 3 99 41 104 117 40 124 22 189 114 5 175 98 117 111 55 90 95 39 141 4 49 102 139 194 31 96 2 69 120 132 116 122 97 312 197 89 115 199 110 198 42 203 108 190 17 11 106 53 130 65 75 114 108 109 94 53 204 83 157 38 6 118 116 18 3 200 20 70 7 2 172 13 5 167 69 9 116 191 2 143 112
113 12 4 134 106 87 313 65 183 109 55 113 3 46 114 100 76 78 58 110 64 170 56 103 71 149 131 29 93 47 140 24 62 5 315 92 81 84 57 114 105 155 6 106 1 107 173 52 314 20 105 3 22 203 153 188 4 193 63 154 77 59 123 142 111 86 93 2 129 34 97 54 99 135 94 27 114 76 145 52 7 101 121 137 104 196 102 73 177 202 44 74 119 3 59 66
53 139 109 81 54 182 144 55 66 130 85 69 205 191 84 57 61 164 141 21 112 83 171 111 25 102 104 185 112 106 20 110 51 93 50 111 6 32 82 178 96 112 45 67 127 58 37 186 206 81 63 133 65 63 73 61 53 109 107 4 62 202 28 8 78 5 161 124 147 88 79 84 3 192 91 43 187 195 75 52 19 203 120 85 73 122 67 1 109 175 18 36 65 201 98 31
125 102 197 1 39 89 17 13 71 69 165 100 104 20 146 7 132 26 2 44 18 101 6 198 91 41 155 202 205 8 91 92 34 86 83 53 93 111 95 109 116 75 142 81 21 38 160 69 129 19 72 184 88 70 151 14 110 110 201 54 123 5 83 121 53 51 11 94 16 4 62 190 64 56 70 177 66 152 106 194 150 110 107 56 57 191 76 200 64 154 173 51 76 153 185 3
10 188 199 135 103 75 168 201 164 103 72 109 166 78 124 61 43 85 137 92 196 200 32 82 205 136 68 131 115 202 19 93 8 97 20 56 67 35 6 57 51 127 105 51 76 144 54 88 79 159 105 175 198 102 117 71 61 148 17 80 197 97 5 4 2 107 193 87 171 52 109 64 72 60 101 108 122 1 79 183 132 73 140 40 103 83 39 189 106 15 63 55 107 67 18 100
