wasim_mod/input/grids/GRD/fundus_25.sd1
ncols	193
nrows	326
xllcorner	39436.98047
yllcorner	214976.5781
cellsize	25.0198
nodata_value	-9999
[rows 180 to 215 of 326, columns 0 to 81 of 193]
0 0 0 0 0 0 0 0 0 0 0 0 0 0 0 0 0 0 0 0.0473882 0.0496606 0 0.127507 0.122858 0.134666 0.0366791 0 0 0 0 0 0 0 0 0 0 0 0 0 0 0 0 0 0 0 0 0 0 0 0 0 0 0 0 0 0 0 0 0 0 0 0 0 0 0 0 0 0 0 0 0 0 0 0 0 0 0 0 0 0 0 0
0 0 0 0 0 0 0 0 0 0 0 0 0 0 0 0 0 0 0.0442298 0.0894918 0 0.136848 0.154306 0.153603 0.0104274 0 0 0 0 0 0 0 0 0 0 0 0 0 0 0 0 0 0 0 0 0 0 0 0 0 0 0 0 0 0 0 0 0 0 0 0 0 0 0 0 0 0 0 0 0 0 0 0 0 0 0 0 0 0 0 0 0
0 0 0 0 0 0 0 0 0 0 0 0 0 0 0 0 0 0.0277987 0.074615 0.0976208 0.087968 0.200508 0.21572 0.158141 0 0 0 0 0 0 0 0 0 0 0 0 0 0 0 0 0 0 0 0 0 0 0 0 0 0 0 0 0 0 0 0 0 0 0 0 0 0 0 0 0 0 0 0 0 0 0 0 0 0 0 0 0 0 0 0 0 0
0 0 0 0 0 0 0 0 0 0 0 0 0 0 0 0 0 0.025116 0.0695544 0.107339 0.100253 0.178308 0.187166 0.0765624 0 0 0 0 0 0 0 0 0 0 0 0 0 0 0 0 0 0 0 0 0 0 0 0 0 0 0 0 0 0 0 0 0 0 0 0 0 0 0 0 0 0 0 0 0 0 0 0 0 0 0 0 0 0 0 0 0 0
0 0 0 0 0 0 0 0 0 0 0 0 0 0 0 0 0 0 0.0461926 0.0874369 0.114077 0.0829887 0.0377572 0 0 0 0 0 0 0 0 0 0 0 0 0 0 0 0 0 0 0 0 0 0 0 0 0 0 0 0 0 0 0 0 0 0 0 0 0 0 0 0 0 0 0 0 0 0 0 0 0 0 0 0 0 0 0 0 0 0 0
0 0 0 0 0 0 0 0 0 0 0 0 0 0 0 0 0 0 0.0259501 0.0319989 0.0927997 0.0312635 0 0 0 0 0 0 0 0 0 0 0 0 0 0 0 0 0 0 0 0 0 0 0 0 0 0 0 0 0 0 0 0 0 0 0 0 0 0 0 0 0 0 0 0 0 0 0 0 0 0 0 0 0 0 0 0 0 0 0 0
0 0 0 0 0 0 0 0 0 0 0 0 0 0 0 0 0 0 0.00171989 0 0.0533503 0.0477385 0 0.0332986 0.0928192 0.0923558 0 0 0 0 0 0 0 0 0 0 0 0 0 0 0 0 0 0 0 0 0 0 0 0 0 0 0 0 0 0 0 0 0 0 0 0 0 0 0 0 0 0 0 0 0 0 0 0 0 0 0 0 0 0 0 0
0 0 0 0 0 0 0 0 0 0 0 0 0 0 0 0 0 0 0 0.0375207 0.0589593 0.0873306 0.0927495 0.0833936 0.138619 0.176668 0.125686 0 0 0 0 0 0 0 0 0 0 0 0 0 0 0 0 0 0 0 0 0 0 0 0 0 0 0 0 0 0 0 0 0 0 0 0 0 0 0 0 0 0 0 0 0 0 0 0 0 0 0 0 0 0 0
0 0 0 0 0 0 0 0 0 0 0 0 0 0 0 0 0 0 0 0.070451 0.114638 0.144088 0.153401 0.160454 0.193334 0.239222 0.245481 0.125207 0 0 0 0 0 0 0 0 0 0.0879354 0 0 0 0 0 0 0 0.0408744 0.0701118 0.0676057 0.0844347 0.114993 0.129511 0.131617 0.129109 0.151781 0.117113 0.0559207 0 0 0 0 0 0 0 0 0 0 0 0 0 0 0 0 0 0 0 0 0 0 0 0 0 0
0 0 0 0 0 0 0 0 0 0 0 0 0 0 0 0 0 0 0 0.100552 0.16494 0.204245 0.217764 0.237385 0.255588 0.297559 0.34786 0.318231 0 0.313707 0 0 0 0 0 0.159328 0.197237 0.192806 0.157596 0.127105 0 0 0 0 0.0723493 0.119724 0.144046 0.14676 0.179786 0.190619 0.195049 0.219227 0.244675 0.247155 0.18612 0.092039 0.0121402 0 0 0 0 0 0 0 0 0 0 0 0 0 0 0 0 0 0 0 0 0 0 0 0 0
0 0 0 0 0 0 0 0 0 0 0 0 0 0 0 0 0 0 0.10928 0.117243 0.1811 0.228287 0.262834 0.290962 0.309834 0.343286 0.404553 0.541694 0.346416 0.347518 0 0 0.76269 0.483477 0.369034 0.362966 0.356268 0.309213 0.276508 0.273075 0.272854 0.264712 0.231366 0.186757 0.197639 0.201232 0.19602 0.217358 0.230329 0.217961 0.203662 0.215016 0.23054 0.178031 0.143213 0.0976864 0.0334381 0 0 0 0 0 0 0 0 0 0 0 0 0 0 0 0 0 0 0 0 0 0 0 0 0
0 0 0 0 0 0 0 0 0 0 0 0 0 0 0.0728447 0.0970031 0.0976915 0.143205 0.0777371 0.079361 0.118957 0.202676 0.278317 0.319979 0.344828 0.374494 0.442229 0.657501 0.73366 0.364803 0.819996 0.785994 0.882601 0.758678 0.557509 0.518684 0.477925 0.426906 0.384778 0.376635 0.374798 0.345548 0.290622 0.25235 0.243526 0.233079 0.228816 0.263182 0.268821 0.235202 0.194307 0.146977 0.107248 0.0532099 0.0706828 0.106994 0.0597431 0 0 0 0 0 0 0 0 0 0.017143 0 0 0 0.0777947 0.0896162 0.102002 0.156758 0 0 0 0 0 0 0 0
0 0 0 0 0 0 0 0 0 0 0 0 0 0.0935544 0.15735 0.187827 0.184815 0.18115 0 0 0 0.124299 0.20124 0.285387 0.335454 0.36611 0.445617 0.681564 0.969546 0.914946 1 0.699915 0.740947 0.97947 0.751066 0.64105 0.570961 0.493284 0.432025 0.393699 0.373886 0.329953 0.254382 0.215962 0.208196 0.208512 0.237849 0.277934 0.279541 0.255144 0.18182 0.0625558 0 0 0.0214522 0.117105 0.0883577 0 0 0 0 0 0 0 0 0 0.0376931 0.114624 0.170268 0.230027 0.237005 0.234778 0.277981 0.262377 0.197676 0.145765 0.051716 0 0 0 0 0
0 0 0 0 0 0 0 0 0 0 0 0 0 0.149354 0.219633 0.239937 0.231735 0.207828 0.0958001 0 0 0.0663163 0.118775 0.183213 0.257257 0.324358 0.415448 0.620669 0.886336 0.95977 0.864932 0.80409 0.81323 0.933638 0.849044 0.705646 0.605894 0.500444 0.41104 0.360633 0.33062 0.271875 0.214827 0.197294 0.182038 0.151638 0.18963 0.238537 0.258117 0.258004 0.198371 0.0772875 0 0 0.0982837 0.137418 0.116235 0.0934801 0 0 0 0 0.00286227 0 0 0.0568222 0.113697 0.219867 0.288762 0.327781 0.331971 0.349488 0.391499 0.346562 0.274788 0.210783 0.131683 0 0 0 0 0
0 0 0 0 0 0 0 0 0 0 0 0 0.147327 0.18483 0.235722 0.258252 0.236227 0.227155 0.122674 0 0 0.0682233 0.117142 0.123395 0.175143 0.280899 0.41116 0.573808 0.730867 0.828344 0.853589 0.842545 0.856634 0.963546 0.853332 0.716068 0.60402 0.485801 0.393819 0.349084 0.285805 0.213175 0.195178 0.204469 0.16087 0.0967736 0.106213 0.185882 0.22755 0.243346 0.230708 0.168549 0.37395 0.2371 0.211425 0.222666 0.162662 0.112632 0.0980129 0.0980661 0.0979659 0.0598039 0.0234348 0.0497365 0.0761736 0.127533 0.218994 0.278545 0.342145 0.356472 0.382543 0.425445 0.41799 0.367677 0.285399 0.233695 0.196069 0.14532 0 0 0 0
0 0 0 0 0 0 0 0 0 0 0.132822 0.164618 0.202711 0.213621 0.221553 0.248278 0.220368 0.206633 0.241453 0.238018 0.187506 0.0948302 0.0798583 0.0822922 0.13232 0.245207 0.393434 0.532717 0.651539 0.75154 0.824867 0.854279 0.898342 0.968764 0.813444 0.689534 0.581672 0.473513 0.397033 0.339671 0.262391 0.201921 0.192758 0.180238 0.125539 0.0804007 0.120252 0.188096 0.217638 0.225351 0.221673 0.221949 0.354184 0.180319 0.241019 0.296269 0.194373 0.135198 0.16254 0.185886 0.156575 0.124527 0.0938202 0.110971 0.111521 0.167395 0.247381 0.304113 0.349885 0.375939 0.413792 0.426634 0.392355 0.347807 0.302153 0.256374 0.20542 0.168843 0.101059 0 0 0
0 0 0 0 0 0 0 0.0216233 0.0801907 0.137399 0.178245 0.178544 0.186353 0.217432 0.217077 0.228889 0.199623 0.0939291 0.247261 0.268682 0.220963 0.115349 0.0441816 0.0491488 0.116422 0.224339 0.355814 0.469807 0.585118 0.695771 0.780651 0.852839 0.961844 0.907285 0.779908 0.647826 0.549725 0.456619 0.378714 0.310762 0.251035 0.221003 0.209918 0.189343 0.140799 0.139626 0.232086 0.269545 0.249401 0.195175 0.168418 0.226274 0.242438 0.0642085 0.242733 0.283774 0.183986 0.158513 0.19656 0.225927 0.207266 0.174371 0.163908 0.152638 0.155348 0.183928 0.241362 0.310754 0.345265 0.386621 0.410806 0.396964 0.373963 0.334737 0.290069 0.242135 0.213453 0.199367 0.189882 0.139008 0.0819401 0.133678
0 0 0 0 0 0 0.0450176 0.109964 0.167987 0.17668 0.18157 0.201186 0.195901 0.216339 0.233151 0.236481 0.232931 0 0.178287 0.215477 0.18183 0.128613 0.0906669 0.0963196 0.161634 0.245611 0.339169 0.429783 0.512179 0.612903 0.736882 0.867666 0.970888 0.907457 0.750865 0.588848 0.491386 0.403764 0.31084 0.247192 0.227711 0.240668 0.263014 0.258318 0.239959 0.279158 0.352389 0.346108 0.268566 0.179199 0.111141 0.216245 0.0630071 0.044606 0.230271 0.181791 0.136209 0.159042 0.199792 0.246029 0.241276 0.219492 0.206811 0.205843 0.197777 0.224218 0.264217 0.308823 0.355941 0.384252 0.395932 0.358282 0.340519 0.29064 0.232282 0.217949 0.226877 0.213198 0.212178 0.210438 0.219003 0.263539
0 0 0.0702101 0.105702 0.0980498 0 0.15482 0.215682 0.239865 0.23603 0.224678 0.24897 0.258187 0.253491 0.269096 0.267142 0.312651 0.214538 0.17565 0.19233 0.180177 0.155056 0.152192 0.175047 0.237179 0.308173 0.348344 0.417997 0.489941 0.54107 0.68364 0.906206 0.959124 0.901845 0.708122 0.529059 0.431397 0.339469 0.233639 0.185454 0.201721 0.254196 0.294702 0.301055 0.311993 0.35936 0.389967 0.347938 0.283913 0.225075 0.135228 0.203983 0 0.174437 0.104421 0 0.0539662 0.136406 0.212005 0.266364 0.25341 0.241253 0.246272 0.231814 0.22736 0.243899 0.277802 0.340537 0.358344 0.386988 0.376243 0.341335 0.307591 0.239998 0.209874 0.208978 0.213939 0.22425 0.23076 0.280991 0.322658 0.36546
0.0912083 0.110625 0.132797 0.158652 0.195248 0.241578 0.2852 0.289052 0.282943 0.276649 0.276086 0.300658 0.315162 0.312142 0.322774 0.313097 0.385292 0.302696 0.245809 0.219798 0.222592 0.208275 0.20863 0.234548 0.279105 0.34282 0.371114 0.416262 0.488079 0.536988 0.638731 0.870257 0.989891 0.92041 0.660116 0.456621 0.381719 0.298378 0.217906 0.173696 0.18206 0.229014 0.265172 0.281916 0.303225 0.347958 0.370942 0.343572 0.320299 0.259416 0.161944 0.183768 0.124172 0.212471 0 0 0 0.149394 0.25204 0.258751 0.239192 0.245363 0.257888 0.261834 0.278038 0.29762 0.348097 0.38059 0.393735 0.428027 0.375131 0.324785 0.268691 0.254122 0.266108 0.267825 0.252599 0.277295 0.325673 0.374827 0.407328 0.469987
0.194165 0.195312 0.223262 0.242527 0.30106 0.366434 0.383983 0.361563 0.330241 0.322543 0.330798 0.340987 0.344293 0.34162 0.347597 0.353454 0.441211 0.37465 0.307044 0.298269 0.292427 0.288161 0.28446 0.293496 0.3199 0.347684 0.386282 0.427051 0.498728 0.572357 0.66436 0.858035 0.973968 0.879141 0.545808 0.360062 0.309056 0.258384 0.212081 0.14211 0.111558 0.136549 0.177509 0.189452 0.222497 0.292617 0.328531 0.318497 0.295497 0.211991 0.123161 0.12999 0 0.0767047 0.128144 0 0 0.215249 0.259494 0.22639 0.234989 0.25346 0.27107 0.305583 0.332545 0.36889 0.403923 0.43654 0.473712 0.462151 0.392156 0.324674 0.297604 0.318292 0.327448 0.329723 0.340328 0.381827 0.425568 0.432135 0.478017 0.566536
0.310046 0.3445 0.328264 0.342678 0.380612 0.447313 0.476998 0.458107 0.405342 0.394333 0.399852 0.388603 0.37489 0.359109 0.357678 0.379426 0.295352 0.441373 0.350827 0.349632 0.359419 0.35943 0.352898 0.348252 0.359403 0.367384 0.39882 0.448497 0.522983 0.610285 0.731447 0.933564 0.819844 0.650111 0.312675 0.206071 0.157923 0.165688 0.140782 0.0594728 0 0 0 0 0.0856554 0.195014 0.216629 0.215452 0.189612 0.121187 0.0636662 0.0810794 0 0 0.111945 0.117043 0.188214 0.243906 0.2263 0.209531 0.228952 0.250695 0.280919 0.317725 0.357565 0.393039 0.442618 0.503488 0.520424 0.493987 0.419592 0.373171 0.36402 0.367907 0.369244 0.378247 0.419609 0.464316 0.474811 0.499387 0.581017 0.672205
0.423822 0.472719 0.431277 0.421558 0.433292 0.488752 0.5475 0.545203 0.48498 0.457836 0.462101 0.44721 0.425249 0.40354 0.386477 0.500834 0 0.39519 0.389497 0.383439 0.395861 0.406888 0.403604 0.399623 0.400001 0.41226 0.435383 0.482315 0.552061 0.631633 0.775561 0.83665 0.473857 0.211859 0 0 0 0 0 0 0 0 0 0 0 0 0.019582 0.0525554 0.0677343 0.0296163 0 0.0417899 0 0 0.00544246 0.168379 0.234411 0.195939 0.188487 0.1833 0.180597 0.203813 0.261025 0.317995 0.356057 0.4059 0.475845 0.533527 0.54458 0.505008 0.439194 0.422779 0.421598 0.420107 0.421907 0.430055 0.480373 0.520624 0.54529 0.607613 0.695704 0.761565
0.515735 0.557408 0.514247 0.486921 0.475828 0.520861 0.594419 0.597272 0.543168 0.506522 0.510236 0.505477 0.479231 0.464909 0.436843 0.5201 0.495726 0.41696 0.412869 0.41172 0.420275 0.429095 0.429973 0.44185 0.451116 0.456027 0.46602 0.507624 0.579241 0.67686 0.788349 0 0 0 0 0 0 0 0 0 0 0 0 0 0 0 0 0 0 0 0 0 0.0750817 0.137057 0 0.195874 0.179562 0.136421 0.139885 0.143047 0.124223 0.15232 0.229464 0.287129 0.337056 0.402942 0.47764 0.530998 0.540717 0.507103 0.473802 0.471495 0.468417 0.463222 0.463626 0.471043 0.540766 0.59 0.642205 0.718822 0.805551 0.843115
0.580941 0.610352 0.569587 0.544064 0.521109 0.552739 0.629176 0.642494 0.594703 0.549841 0.55064 0.554033 0.533514 0.517006 0.487804 0.573308 0.516733 0.427076 0.434029 0.432466 0.444471 0.454175 0.447214 0.456128 0.482967 0.502769 0.518477 0.569471 0.751393 0.00918322 0 0 0 0 0 0 0 0 0 0 0 0 0 0 0 0 0 0 0 0 0 0 0 0.137444 0.180881 0.120147 0.0775989 0.0440182 0.0511403 0.0734462 0.0790851 0.121512 0.173927 0.229898 0.299822 0.37463 0.451201 0.499776 0.535754 0.508981 0.497637 0.490579 0.484781 0.480838 0.481188 0.5326 0.626912 0.703648 0.760554 0.84294 0.916854 0.922282
0.624802 0.643215 0.592811 0.594934 0.581755 0.594786 0.650349 0.675399 0.65663 0.609788 0.581705 0.57737 0.570495 0.557486 0.523674 0.632724 0.571651 0.439099 0.44825 0.452635 0.468227 0.485573 0.48025 0.476284 0.49408 0.534411 0.605949 0.856598 0.403069 0 0 0 0 0 0 0 0 0 0 0 0 0 0 0 0 0 0 0 0 0 0 0 0 0.0328473 0.052921 0.0254319 0.0122717 0 0 0.0114868 0.0327068 0.0613559 0.0985584 0.152269 0.230532 0.32337 0.376587 0.457033 0.515276 0.496203 0.485089 0.479541 0.486623 0.507996 0.546374 0.616614 0.717321 0.805688 0.878472 1 0.974503 0.964463
0.660312 0.666667 0.564997 0.54812 0.567203 0.66132 0.689276 0.704285 0.694034 0.6738 0.633152 0.592623 0.575366 0.565765 0.530106 0.655158 0.640155 0.469478 0.465011 0.467707 0.480981 0.499185 0.505502 0.508072 0.520899 0.564736 0.708866 0.656267 0.114938 0 0 0 0 0 0 0 0 0 0 0 0 0 0 0 0 0 0 0 0 0 0 0 0 0 0 0 0.00936366 0.0361069 0.0303871 0.0200982 0.0208914 0.0224115 0.046685 0.095661 0.176558 0.246021 0.287631 0.428212 0.4812 0.46908 0.458501 0.493272 0.529413 0.562187 0.597952 0.665846 0.785149 0.89829 1 0.91965 0.966622 0.849059
0.686531 0.708899 0.626397 0.559995 0.463761 0.559955 0.674635 0.680992 0.733076 0.722621 0.673485 0.617759 0.589225 0.56147 0.512 0.46606 0.630906 0.479224 0.474921 0.481726 0.497896 0.497549 0.504515 0.526706 0.57218 0.646276 0.89532 0.284411 0 0 0 0 0 0 0 0 0 0 0 0 0 0 0 0 0 0 0 0 0 0 0 0 0 0 0 0 0.0142085 0.0457153 0.0619139 0.0578281 0.0654183 0.0493806 0.0646168 0.1273 0.175232 0.183899 0.251167 0.391913 0.427071 0.438168 0.465351 0.524905 0.563534 0.588504 0.645379 0.720844 0.83199 1 0.8942 0.823115 0.86552 0.963944
0.699805 0.711698 0.663915 0.609944 0.530036 0.516691 0.65013 0.518604 0.633904 0.741595 0.695411 0.633242 0.6001 0.568009 0.656285 0 0.442529 0.437274 0.447325 0.36225 0.361996 0.425579 0.489777 0.496629 0.581346 0.776118 0.261011 0 0 0 0 0 0 0 0 0 0 0 0 0 0 0 0 0 0 0 0 0 0 0 0 0 0 0 0 0 0.0643027 0.107134 0.107695 0.120479 0.112837 0.103276 0.131634 0.173153 0.181133 0.118325 0.225903 0.354482 0.386011 0.438553 0.486331 0.550094 0.57766 0.619627 0.692744 0.786382 0.893041 1 0.823206 0.75225 0.746933 0.862195
0.695554 0.692405 0.632458 0.589878 0.569401 0.581977 0.689305 0.517206 0.507399 0.702696 0.700544 0.630079 0.588456 0.559707 0.638063 0.565443 0.387972 0.368113 0.402031 0.261238 0.128869 0.224537 0.367136 0.357296 0.263834 0 0 0 0 0 0 0 0 0 0 0 0 0 0 0 0 0 0 0 0 0 0 0 0 0 0 0 0 0 0 0.0555605 0.1061 0.137747 0.164822 0.166773 0.152131 0.196782 0.226946 0.223262 0.185791 0.198155 0.334316 0.399646 0.446176 0.494398 0.498819 0.566067 0.638998 0.675896 0.729154 1 0.971024 0.900702 0.784916 0.726924 0.770918 0.786314
0.684136 0.678699 0.605086 0.562321 0.531189 0.541401 0.636339 0.612882 0.523191 0.619 0.678148 0.610768 0.560184 0.527078 0.60833 0.536556 0.345444 0.322944 0.167242 0.271151 0.149539 0.16336 0.0988591 0 0 0 0 0 0 0 0 0 0 0 0 0 0 0 0 0 0 0 0 0 0 0 0 0 0 0 0 0 0 0 0 0.0665681 0.119677 0.157041 0.206887 0.191084 0.210427 0.272113 0.302808 0.278658 0.265414 0.349315 0.440731 0.479576 0.544492 0.537929 0.559679 0.666932 0.737673 0.780494 0.852681 1 0.863677 0.807126 0.751288 0.719101 0.785611 0.827368
0.674725 0.67016 0.571003 0.508885 0.498251 0.546282 0.538162 0.554163 0.56606 0.633005 0.618726 0.568743 0.530088 0.499892 0.54006 0.486578 0.328616 0.264996 0 0.190538 0.0787307 0 0 0 0 0 0 0 0 0 0 0 0 0 0 0 0 0 0 0 0 0 0 0 0 0 0 0 0 0 0 0 0 0 0.0478345 0.103107 0.156016 0.203379 0.217204 0.22317 0.267501 0.31326 0.334629 0.330116 0.359948 0.436554 0.519833 0.566937 0.598584 0.610342 0.677418 0.756913 0.852771 0.940326 1 0.869971 0.795898 0.74639 0.739423 0.719068 0.810887 0.851393
0.67219 0.66603 0.525484 0.49962 0.469144 0.527142 0.532374 0.516768 0.531266 0.565977 0.550075 0.512359 0.471321 0.455336 0.344238 0.409034 0.288108 0.262394 0.204865 0 0 0 0 0 0 0 0 0 0 0 0 0 0 0 0 0 0 0 0 0 0 0 0 0 0 0 0 0 0 0 0 0 0 0 0.0840807 0.158696 0.186363 0.211525 0.235526 0.263719 0.321376 0.347385 0.349041 0.378753 0.432369 0.5245 0.590049 0.616725 0.641812 0.686226 0.749238 0.834969 1 0.872048 0.832074 0.796106 0.738487 0.708687 0.709677 0.730401 0.740115 0.876055
0.652958 0.677896 0.430142 0.450629 0.44907 0.45122 0.493217 0.375406 0.396906 0.45757 0.461258 0.445016 0.405734 0.462786 0 0.278968 0.172268 0.169519 0.233749 0 0 0 0 0 0 0 0 0 0 0 0 0 0 0 0 0 0 0 0 0 0 0 0 0 0 0 0 0 0 0 0.0259885 0.0324148 0.0581898 0.0979076 0.138564 0.191669 0.216115 0.268578 0.298937 0.330885 0.376282 0.377919 0.389126 0.432817 0.512561 0.593535 0.630693 0.656306 0.702392 0.766502 0.823837 0.918472 1 0.803849 0.776979 0.761921 0.701307 0.666876 0.666362 0.706767 0.756479 0.917889
0.567012 0.597932 0.359443 0.392706 0.361675 0.103257 0.0742822 0 0.0805502 0.218257 0.283378 0.308785 0.282222 0.289181 0.365104 0.169716 0.0309902 0 0 0 0 0 0 0 0 0 0 0 0 0 0 0 0 0 0 0 0 0 0 0 0 0 0 0 0 0 0 0 0 0 0.0116541 0.0623738 0.12061 0.143856 0.175568 0.195323 0.277736 0.35974 0.362756 0.403085 0.429363 0.429798 0.459072 0.519351 0.59241 0.644965 0.680664 0.716173 0.779625 0.838309 0.896488 1 0.90397 0.801689 0.753853 0.735587 0.680157 0.628073 0.620129 0.661034 0.795897 0.961372
0.442448 0.345773 0.176524 0.104932 0 0 0 0 0 0 0 0 0 0 0.188278 0 0 0 0 0 0 0 0 0 0 0 0 0 0 0 0 0 0 0 0 0 0 0 0 0 0 0 0 0 0 0 0 0 0 0 0.0347891 0.0881258 0.157019 0.192869 0.244499 0.288986 0.383275 0.423533 0.440545 0.493211 0.494269 0.495247 0.537572 0.596103 0.655278 0.708742 0.75313 0.787807 0.820428 0.861772 0.915498 1 0.863358 0.817092 0.753469 0.697971 0.648416 0.593456 0.578924 0.623341 0.752742 0.916521
