wasim_mod/input/grids/GRD/fundus_25_svfdir.grd
ncols	193
nrows	326
xllcorner	39436.98047
yllcorner	214976.5781
cellsize	25.0198
nodata_value	-9999
[rows 132 to 164 of 326, columns 74 to 147 of 193]
0.950345 0.932983 0.926892 0.956539 0.982147 0.983603 0.985919 0.98571 0.988884 0.997385 1 1 1 1 1 1 1 1 1 1 1 1 0.996824 0.988127 0.989903 0.991851 0.991028 0.994349 0.987545 0.978191 0.962684 0.929448 0.911508 0.877212 0.846241 0.799886 0.749117 0.718435 0.715058 0.72871 0.731872 0.735139 0.727249 0.713077 0.708952 0.71175 0.720811 0.724094 0.73238 0.722573 0.7146 0.702624 0.71159 0.744436 0.823903 0.917922 0.978435 0.99243 0.995584 0.99835 0.998119 1 1 1 1 1 1 1 1 1 1 1 1 1
0.956969 0.941955 0.966519 0.982469 0.992698 0.993168 0.995032 0.996608 1 1 1 1 1 1 1 1 1 1 1 1 1 1 0.995885 0.985926 0.988381 0.989358 0.99064 0.995329 0.992926 0.984623 0.966137 0.933302 0.917643 0.90661 0.891311 0.842702 0.792729 0.768012 0.756993 0.766904 0.761421 0.747687 0.734201 0.737679 0.744687 0.749074 0.760279 0.770228 0.77603 0.765578 0.748796 0.736291 0.742141 0.782178 0.854856 0.937886 0.993805 0.999464 1 0.998903 0.999757 0.999451 0.997492 0.995864 1 0.997072 0.999831 1 1 1 1 1 1 1
0.97589 0.982615 0.995335 0.995578 0.992249 0.997627 1 1 1 1 1 1 1 1 1 1 1 1 1 1 1 1 0.996134 0.992391 0.98912 0.989507 0.993932 0.994522 0.99399 0.985208 0.968161 0.941344 0.9382 0.946632 0.9237 0.870088 0.823826 0.801893 0.794154 0.797373 0.780673 0.763947 0.758855 0.767745 0.773123 0.787562 0.78995 0.798564 0.791776 0.782693 0.75609 0.74373 0.754708 0.80549 0.872192 0.973226 1 1 1 1 1 1 0.997822 0.997108 0.99644 1 0.999705 1 1 1 1 1 1 1
0.998994 1 1 1 0.99415 0.999362 1 1 1 1 1 1 1 1 1 1 1 1 1 1 1 1 0.999388 1 0.997178 0.994623 0.99488 0.99385 0.990375 0.984109 0.972554 0.961923 0.968246 0.970353 0.943488 0.888498 0.849798 0.837527 0.833163 0.821171 0.80057 0.791812 0.790464 0.792501 0.802496 0.792549 0.78356 0.786932 0.783498 0.754992 0.719448 0.716771 0.750202 0.805783 0.888654 1 1 1 1 1 1 1 1 1 0.993762 1 1 1 1 1 1 1 1 1
1 1 1 1 0.995987 0.997892 1 1 1 1 1 1 1 1 1 1 1 1 1 1 1 1 1 1 1 0.999286 0.995945 0.99137 0.985984 0.983301 0.978529 0.981872 0.985666 0.982276 0.961716 0.911572 0.887699 0.880869 0.858563 0.842306 0.823506 0.81774 0.815836 0.819815 0.813911 0.775937 0.767743 0.77128 0.753799 0.703733 0.670995 0.684511 0.739881 0.808821 0.904874 1 1 1 1 1 1 1 1 1 0.999344 0.997831 1 1 1 1 1 1 1 0.998864
0.999314 1 1 0.9989 0.995734 0.996876 0.996145 0.996915 0.998743 1 1 1 1 1 1 1 1 1 1 1 1 1 1 1 1 1 0.996926 0.990804 0.983958 0.985922 0.990147 0.991439 0.98955 0.991119 0.978695 0.940571 0.922075 0.891215 0.870647 0.862766 0.854202 0.85146 0.84662 0.838515 0.80406 0.769189 0.757597 0.740635 0.701727 0.650776 0.64053 0.675232 0.737804 0.805689 0.902305 1 1 1 1 1 1 1 1 1 1 0.996735 1 1 1 1 0.999252 0.996145 0.993629 0.987301
0.994254 0.995489 0.99643 0.996595 0.998111 0.996113 0.993162 0.993393 0.993388 0.993291 0.995756 0.999657 1 1 1 1 1 1 1 1 1 1 1 1 1 1 0.998714 0.994148 0.989238 0.991751 0.996872 0.995294 0.995721 0.997907 0.987014 0.957876 0.928308 0.901971 0.884878 0.883412 0.882171 0.880649 0.84944 0.825198 0.791049 0.76837 0.746874 0.713247 0.665047 0.622298 0.628347 0.672801 0.730714 0.798071 0.885583 0.991167 0.986603 0.999488 1 1 1 1 0.999367 1 1 1 1 1 1 0.999747 0.994305 0.986338 0.978938 0.96981
0.990607 0.990956 0.994023 0.99697 0.999385 0.99452 0.992722 0.992768 0.990063 0.989577 0.993078 0.9981 1 1 1 1 1 1 1 1 1 1 1 1 1 1 1 0.998303 0.997178 0.996275 0.99726 0.99957 1 1 0.995031 0.973214 0.955339 0.931784 0.913472 0.906976 0.894554 0.874738 0.839749 0.827618 0.810615 0.774389 0.742629 0.692057 0.637969 0.607754 0.622696 0.669783 0.732489 0.800903 0.882651 0.961439 0.981213 0.99152 0.998986 0.996203 0.99327 0.992695 0.996376 1 1 1 1 1 0.9998 0.995821 0.988326 0.979249 0.966664 0.964917
0.991776 0.990381 0.994408 0.998216 0.996367 0.992778 0.992204 0.989707 0.989081 0.992288 0.995957 0.999268 1 1 0.999019 0.999591 1 1 1 0.99756 1 1 1 1 0.995514 0.997358 1 1 1 0.997123 0.995779 1 1 1 0.995142 0.988132 0.985131 0.961015 0.942614 0.921708 0.896531 0.868745 0.849099 0.84611 0.822304 0.776237 0.739523 0.690169 0.658074 0.644147 0.660842 0.713271 0.768606 0.832305 0.898173 0.945316 0.98753 0.982874 0.995697 0.997829 0.990749 0.986124 0.995339 0.999737 1 1 1 1 0.994796 0.989455 0.981764 0.973203 0.966841 0.967893
0.998719 0.995634 0.996783 0.996201 0.992741 0.988503 0.985896 0.985061 0.992519 0.998034 1 1 1 1 0.99936 0.999544 0.999997 0.998922 0.995659 0.993845 0.994896 0.996572 0.989708 0.972782 0.962035 0.981054 0.997588 0.999467 0.998795 0.995335 0.994608 1 1 1 0.994573 1 1 0.974957 0.943645 0.916593 0.889 0.87169 0.865977 0.857222 0.818424 0.779871 0.747053 0.716301 0.701941 0.695524 0.716526 0.761535 0.809842 0.855827 0.889328 0.914646 0.971909 0.983931 0.995624 0.998167 0.985425 0.985773 0.993806 0.994179 0.995717 0.997624 0.996994 0.993289 0.983074 0.978799 0.973326 0.968886 0.970355 0.974298
1 0.997706 0.997077 0.99497 0.9934 0.990829 0.987752 0.992373 0.998275 1 1 1 1 1 1 1 0.997483 0.995063 0.991738 0.989047 0.981082 0.966459 0.924889 0.913312 0.935874 0.964416 0.982656 0.989783 0.992462 0.99296 0.99417 0.997338 1 1 0.999457 0.999515 0.999403 0.987727 0.926735 0.888237 0.873635 0.872601 0.881969 0.864469 0.821034 0.795961 0.770037 0.750261 0.737597 0.741171 0.762379 0.796997 0.836326 0.850769 0.870678 0.8932 0.955691 0.982349 0.977576 0.975144 0.97115 0.97972 0.985264 0.987534 0.991146 0.993067 0.988832 0.978609 0.971887 0.969456 0.967198 0.967975 0.97473 0.980675
0.99012 0.988352 0.991142 0.991672 0.993985 0.993909 0.994196 0.995496 0.998495 1 0.996128 1 1 1 1 0.999133 0.995908 0.990878 0.981426 0.973566 0.955884 0.916506 0.894686 0.909298 0.935537 0.956052 0.966212 0.977189 0.982424 0.987901 0.987937 0.991719 0.996824 1 1 0.999475 1 0.991595 0.893381 0.864956 0.87214 0.88069 0.880319 0.869144 0.83367 0.816935 0.796881 0.786664 0.773017 0.769478 0.781755 0.819459 0.834591 0.844757 0.857279 0.87585 0.937348 0.974464 0.953892 0.953541 0.965003 0.975539 0.97781 0.979665 0.984824 0.984653 0.97839 0.9701 0.968992 0.964128 0.962052 0.967084 0.975466 0.977796
0.962532 0.973492 0.982159 0.985061 0.986978 0.990662 0.993827 0.991909 0.993509 0.996823 0.991761 1 1 1 0.99956 0.99354 0.989752 0.977055 0.968143 0.956839 0.940874 0.913395 0.90703 0.930628 0.94859 0.95872 0.964822 0.972139 0.974435 0.979756 0.983406 0.989135 0.99356 0.995723 1 1 0.996242 0.962995 0.861831 0.856814 0.867246 0.871645 0.880138 0.859525 0.838349 0.83342 0.818346 0.80081 0.777754 0.765889 0.783767 0.810672 0.8174 0.832642 0.829972 0.853083 0.887488 0.93843 0.944409 0.952345 0.96416 0.97036 0.967589 0.968124 0.975239 0.976714 0.972929 0.972527 0.968337 0.959306 0.957298 0.963249 0.971517 0.974967
0.93867 0.97955 0.991951 0.991426 0.977628 0.986573 0.990138 0.989964 0.99295 0.994835 0.999153 1 1 0.998091 0.992015 0.980776 0.97266 0.965709 0.966287 0.961575 0.948129 0.929901 0.93683 0.953114 0.959591 0.969309 0.976302 0.975607 0.978152 0.983436 0.990007 0.990241 0.987635 0.977437 0.992034 0.988242 0.957072 0.897246 0.829674 0.832437 0.84083 0.856026 0.860628 0.84927 0.853092 0.840999 0.818547 0.794595 0.776197 0.768243 0.776823 0.790742 0.799708 0.801881 0.805784 0.816916 0.840943 0.885416 0.92338 0.941679 0.954248 0.945982 0.940455 0.954265 0.961641 0.966605 0.970684 0.970877 0.963712 0.955419 0.955669 0.966248 0.967532 0.971436
0.936313 0.973666 0.988525 0.989652 0.991974 0.991439 0.984206 0.995586 0.994164 0.99531 0.999089 0.997826 0.993389 0.989077 0.977417 0.965437 0.962218 0.968583 0.978266 0.979608 0.968363 0.963609 0.967803 0.972309 0.976761 0.987617 0.991604 0.990898 0.990234 0.990631 0.994394 0.990697 0.982124 0.970661 0.951806 0.924529 0.886725 0.842329 0.804152 0.808387 0.817018 0.82916 0.841245 0.854799 0.862011 0.832534 0.812867 0.790012 0.778051 0.773271 0.771056 0.777162 0.777652 0.779774 0.784105 0.791181 0.825875 0.853838 0.895779 0.92797 0.929596 0.903483 0.903034 0.93464 0.952639 0.963061 0.970904 0.967618 0.961877 0.959213 0.964958 0.970623 0.965788 0.970116
0.930493 0.94961 0.976393 0.979154 0.992385 0.996317 0.992987 0.995196 0.988989 0.989625 0.985556 0.976795 0.970848 0.972044 0.963881 0.962772 0.972022 0.980351 0.990991 0.991027 0.98606 0.98409 0.98379 0.99066 0.996801 1 1 1 0.999331 0.997028 0.995071 0.989769 0.984972 0.971159 0.933114 0.885818 0.846627 0.817448 0.792932 0.801761 0.815199 0.824338 0.846998 0.861989 0.851651 0.828073 0.813343 0.784959 0.774843 0.771807 0.757074 0.757399 0.760529 0.771221 0.768698 0.785844 0.81836 0.838642 0.8826 0.919327 0.90794 0.8815 0.891509 0.926892 0.954251 0.972726 0.977137 0.973845 0.970453 0.975188 0.980863 0.978378 0.978459 0.983678
0.913296 0.927432 0.951633 0.965568 0.980246 0.992799 0.995014 0.98246 0.97885 0.980386 0.972626 0.955347 0.956328 0.966947 0.971088 0.977025 0.983553 0.99166 0.993673 0.994136 0.994233 0.995069 0.993765 0.998618 1 1 1 1 1 0.999895 0.997709 0.996347 0.990484 0.975449 0.929077 0.869914 0.832806 0.800132 0.783513 0.804086 0.820001 0.837967 0.868024 0.863901 0.851164 0.828208 0.805176 0.771288 0.756029 0.746014 0.73678 0.744233 0.760851 0.764812 0.769249 0.791244 0.8101 0.826608 0.874832 0.922475 0.92121 0.905825 0.916817 0.942597 0.967131 0.979547 0.983533 0.983572 0.986799 0.995296 0.997733 0.996044 0.996933 0.999466
0.892871 0.910934 0.934854 0.972989 0.98327 0.976815 0.985666 0.978273 0.983989 0.99011 0.981683 0.963835 0.967238 0.969125 0.973724 0.98023 0.988998 0.994145 0.993547 0.993836 0.995499 0.997983 0.99788 1 1 1 1 1 1 1 1 1 0.992552 0.977623 0.929261 0.876963 0.845296 0.806944 0.803428 0.827082 0.836971 0.859777 0.886114 0.881004 0.867103 0.844605 0.802174 0.749082 0.723039 0.724869 0.739079 0.752375 0.761573 0.764162 0.771387 0.782192 0.800845 0.819951 0.88859 0.957073 0.954039 0.952398 0.960994 0.968053 0.976442 0.978338 0.982765 0.988039 0.999679 1 1 1 1 1
0.921309 0.939913 0.967245 0.986733 0.988705 0.984911 0.984047 0.985698 0.993459 0.996946 0.992593 0.978351 0.971473 0.949559 0.942377 0.967793 0.987307 0.996216 0.998189 0.993287 0.992755 0.992327 0.996887 1 1 1 1 1 1 1 1 1 0.993785 0.98223 0.938848 0.895677 0.867851 0.840211 0.844168 0.856071 0.866884 0.889228 0.911797 0.902362 0.88638 0.850269 0.787179 0.729831 0.713469 0.735832 0.750346 0.751869 0.761883 0.768849 0.768235 0.784996 0.797668 0.836639 0.927426 0.9893 0.979279 0.979508 0.985298 0.982693 0.976955 0.973944 0.97507 0.990627 1 1 1 1 1 1
0.957637 0.970149 0.986825 0.99248 0.997279 0.999318 0.993217 0.991715 0.996981 0.997267 0.991894 0.976418 0.950516 0.896114 0.892536 0.947854 0.986254 1 1 0.997525 0.98585 0.977938 0.990634 0.998573 1 1 1 1 1 1 1 0.999181 0.995584 0.991323 0.94964 0.915737 0.899907 0.883322 0.884407 0.894388 0.911171 0.927029 0.935921 0.921068 0.888817 0.838013 0.773108 0.724683 0.721951 0.745997 0.756229 0.754745 0.762672 0.767541 0.768666 0.784096 0.7937 0.857922 0.940779 0.997592 0.993727 0.988843 0.989198 0.985207 0.976268 0.971426 0.973235 0.993269 1 1 1 1 1 1
0.975945 0.97883 0.982038 0.991254 1 1 0.997284 0.9921 0.993976 0.985644 0.963803 0.932382 0.849434 0.847356 0.875824 0.936728 0.989662 1 1 1 0.991166 0.973604 0.98345 0.990686 0.994074 0.999484 1 1 1 1 1 0.99872 0.998345 0.994443 0.960239 0.939987 0.935602 0.923363 0.922839 0.942758 0.946076 0.951164 0.955779 0.933528 0.879141 0.830493 0.769886 0.720681 0.725641 0.75613 0.754385 0.746062 0.751031 0.745489 0.749389 0.759707 0.78304 0.848776 0.921564 0.993772 0.996745 0.995667 0.989191 0.983085 0.974533 0.968357 0.973914 0.992087 0.995751 0.963733 0.973659 0.971089 0.968488 0.999625
0.99537 0.990175 0.983867 0.99198 0.994845 0.991412 0.992575 0.994518 0.993041 0.951799 0.903473 0.867802 0.852076 0.879564 0.906405 0.965062 1 0.99585 0.99407 1 1 0.986271 0.9774 0.97826 0.98765 0.991811 0.993407 0.995826 0.998009 0.997634 0.997527 0.99742 0.997095 0.991927 0.963757 0.954228 0.964162 0.951984 0.951958 0.954612 0.959204 0.965389 0.972663 0.935164 0.873425 0.826632 0.762128 0.716076 0.72922 0.748106 0.726054 0.722075 0.72019 0.708376 0.711344 0.720084 0.753999 0.81478 0.894076 0.976759 0.994651 0.997011 0.991144 0.977033 0.96564 0.958908 0.969603 0.984245 0.983057 0.954774 0.967891 0.954554 0.966798 0.966478
1 1 0.999981 0.998314 0.988535 0.970195 0.982281 0.99189 0.982744 0.922041 0.885422 0.8873 0.911653 0.943046 0.976514 0.996524 1 0.967081 0.95446 0.993937 1 0.996007 0.976924 0.977957 0.985763 0.985434 0.984412 0.990186 0.994005 0.991093 0.990487 0.992996 0.991633 0.989193 0.970303 0.969857 0.985726 0.968253 0.96126 0.965482 0.967518 0.970718 0.952533 0.906245 0.843621 0.796439 0.740413 0.712947 0.727124 0.728061 0.708584 0.71193 0.700088 0.680162 0.666701 0.675396 0.720483 0.78522 0.875475 0.956657 0.996952 0.982334 0.982667 0.963592 0.947531 0.949039 0.962244 0.97093 0.962622 0.953935 0.956651 0.944453 0.95502 0.944589
1 1 1 1 0.995039 0.976868 0.976448 0.975952 0.939801 0.934714 0.923951 0.946128 0.963522 0.987507 1 1 0.981067 0.975601 0.975367 0.995932 1 0.99496 0.985882 0.988524 0.989196 0.987306 0.986237 0.989217 0.990153 0.986188 0.981258 0.986519 0.985955 0.984594 0.974892 0.976718 0.988972 0.97937 0.974842 0.970195 0.960699 0.944528 0.90407 0.855623 0.805298 0.763422 0.709603 0.689409 0.702223 0.706495 0.705453 0.707825 0.688202 0.667226 0.647847 0.659082 0.70275 0.763127 0.850551 0.938532 0.944417 0.936012 0.969087 0.954985 0.947594 0.9489 0.955489 0.955902 0.939388 0.940165 0.944728 0.931623 0.938999 0.949355
1 1 1 1 1 0.995238 0.981815 0.978417 0.929145 0.939985 0.974564 0.985885 0.992707 1 1 1 0.990327 0.991792 0.991677 1 0.98823 0.974331 0.991098 0.996424 0.992855 0.989092 0.988997 0.988992 0.984392 0.97723 0.979132 0.97888 0.980947 0.980264 0.976492 0.980435 0.992552 0.989563 0.97819 0.956177 0.936945 0.90094 0.852586 0.810241 0.773788 0.729025 0.681614 0.667652 0.679991 0.694066 0.69597 0.689945 0.666942 0.646331 0.629411 0.644269 0.673993 0.724425 0.782879 0.838637 0.815804 0.921373 0.968298 0.960804 0.96488 0.948261 0.949406 0.951972 0.932427 0.905983 0.91018 0.927814 0.942495 0.952538
1 1 1 1 1 1 0.997933 0.980512 0.953989 0.970644 0.992419 0.996631 1 1 1 1 1 0.996786 0.996333 0.995897 0.98302 0.955876 0.993222 0.997464 0.994342 0.990814 0.989602 0.988843 0.984595 0.980174 0.983874 0.980211 0.98256 0.980143 0.975786 0.987234 0.994872 0.992954 0.968649 0.921701 0.893381 0.857128 0.81142 0.778149 0.744263 0.698095 0.668405 0.659742 0.670841 0.685434 0.677889 0.667169 0.650419 0.627269 0.615638 0.632026 0.646085 0.673067 0.697077 0.722782 0.754487 0.893798 0.92973 0.965544 0.975006 0.946647 0.941871 0.951924 0.918576 0.922971 0.913659 0.921969 0.918461 0.960434
1 1 1 1 0.997767 1 0.997557 0.977137 0.985328 0.993774 0.995582 1 1 1 1 1 1 1 0.999981 0.986854 0.98977 0.973502 0.995096 0.996118 0.998022 0.993308 0.99243 0.990768 0.989163 0.990252 0.991747 0.990497 0.984415 0.979347 0.981945 0.983215 0.9936 0.982152 0.935014 0.871836 0.853497 0.818787 0.784735 0.752 0.71627 0.68261 0.662537 0.652609 0.669898 0.672806 0.664773 0.653892 0.649897 0.628493 0.624837 0.633296 0.630733 0.634676 0.627616 0.66945 0.736126 0.820006 0.892418 0.976423 0.97236 0.945518 0.935624 0.947523 0.931102 0.977118 0.928375 0.919402 0.951591 0.957486
1 1 1 1 1 0.998307 0.996461 0.994472 0.996472 0.998041 1 1 1 1 0.993816 1 1 1 1 0.98883 0.993394 0.99979 1 1 1 0.9965 0.996262 0.994766 0.993618 0.995519 0.99414 0.991743 0.984259 0.979675 0.981519 0.979489 0.988016 0.955091 0.891253 0.851819 0.834833 0.798385 0.768515 0.728277 0.700068 0.674466 0.651982 0.647905 0.657565 0.659413 0.658094 0.661263 0.655659 0.64165 0.638979 0.634984 0.637139 0.62687 0.597785 0.635296 0.705579 0.884458 0.901569 0.978852 0.950088 0.923796 0.940825 0.948443 0.935302 0.905597 0.922879 0.976208 0.994649 0.90286
1 1 1 1 1 1 1 1 1 1 1 1 1 1 1 1 1 1 1 0.998876 0.998422 1 1 1 1 0.999699 0.999163 0.997665 0.996831 0.99665 0.994368 0.987166 0.982723 0.978194 0.976544 0.983664 0.981401 0.926361 0.875633 0.854339 0.826156 0.793815 0.754727 0.7143 0.697067 0.668251 0.64906 0.647213 0.653171 0.662107 0.665707 0.674241 0.655049 0.647534 0.650455 0.651738 0.659415 0.633084 0.597715 0.620628 0.750796 0.828932 0.918882 0.958058 0.909254 0.906137 0.959386 0.960081 0.929389 0.884866 0.939882 0.957428 0.902652 0.909674
1 1 1 1 1 1 1 1 1 1 1 1 1 1 1 1 1 1 1 1 1 1 1 1 1 1 1 1 1 0.998918 0.9974 0.991047 0.98269 0.980393 0.978452 0.980123 0.951261 0.892127 0.868483 0.852082 0.822956 0.792276 0.753743 0.71962 0.704703 0.675876 0.658258 0.654491 0.664828 0.675983 0.67805 0.674268 0.661338 0.656529 0.658284 0.666165 0.659525 0.640401 0.631202 0.681713 0.79681 0.836563 0.973668 0.954121 0.894467 0.903248 0.973699 0.979076 0.962215 0.953542 0.944376 0.90828 0.870845 0.957079
1 1 1 1 1 1 1 1 1 1 1 1 1 1 1 1 1 1 1 1 1 1 1 1 1 1 1 1 1 1 0.998505 0.997686 0.990499 0.987002 0.980556 0.967817 0.920373 0.881873 0.873939 0.856605 0.827804 0.797772 0.766621 0.739846 0.724249 0.696907 0.679296 0.67847 0.683851 0.698512 0.696821 0.685344 0.674636 0.666672 0.664987 0.668195 0.655585 0.655171 0.684918 0.756455 0.876584 0.968097 0.995654 0.980152 0.929211 0.924176 0.979602 0.9887 0.9801 0.979462 0.976638 0.946294 0.920094 0.923591
1 1 1 1 1 1 1 1 1 1 1 1 1 1 1 1 1 1 1 1 1 1 1 1 1 1 1 1 1 0.998971 0.998004 0.998251 0.99524 0.990611 0.984276 0.977195 0.953727 0.92906 0.907159 0.875613 0.844521 0.813395 0.783383 0.762307 0.748597 0.723073 0.713922 0.713783 0.722811 0.742307 0.734775 0.71433 0.692611 0.680757 0.679385 0.674371 0.665479 0.679967 0.731129 0.812012 0.972695 1 1 0.995504 0.975333 0.957642 0.983419 0.989669 0.986168 0.985029 0.980487 0.956453 0.938055 0.935639
1 1 1 1 1 1 1 1 1 1 1 1 1 1 1 1 1 1 1 1 1 1 1 1 1 1 1 0.998831 0.995765 0.989645 0.988793 0.9879 0.993967 0.996351 0.993951 0.991805 0.988102 0.965585 0.933646 0.901372 0.857789 0.819408 0.787869 0.768648 0.759042 0.750267 0.745362 0.746916 0.776721 0.793567 0.776992 0.749424 0.728475 0.708443 0.700003 0.6855 0.684734 0.709745 0.774933 0.87968 1 1 1 1 0.984929 0.982301 0.980965 0.976525 0.978564 0.982871 0.97339 0.955872 0.947749 0.9479
