wasim_mod/input/grids/GRD/fundus_25.sd4
ncols	193
nrows	326
xllcorner	39436.98047
yllcorner	214976.5781
cellsize	25.0198
nodata_value	-9999
[rows 216 to 251 of 326, columns 0 to 80 of 193]
0 0 0 0.365619 0.531349 0.522757 0.487403 0.461354 0.41953 0.393151 0.39084 0.417733 0.45865 0.445511 0.206403 0.350611 0.4349 0.553303 0.666415 0.757442 0.838984 0.932999 0.99953 0.962783 0.945358 0.924128 0.908944 1 0.970989 0.844288 0.583926 0.322002 0.245461 0.213481 0.190884 0.224752 0.25881 0.256908 0.225436 0.19775 0.181708 0.163746 0.134258 0.105523 0.105046 0.109373 0.10626 0.0636806 0 0 0 0 0 0 0 0 0 0 0 0 0 0 0 0 0 0 0 0 0 0 0 0 0 0 0 0 0 0 0 0 0
0.180048 0.259999 0.325886 0.561674 0.604741 0.58389 0.559066 0.523133 0.490065 0.489072 0.516557 0.565178 0.624568 0.534229 0.429136 0.62641 0.671015 0.761614 0.814532 0.853961 0.917093 0.981868 0.992495 1 0.948951 0.93231 0.911161 0.836037 0.815225 0.917877 0.758756 0.462788 0.31837 0.248732 0.202399 0.222335 0.256422 0.251189 0.17094 0.116123 0.115802 0.132243 0.118729 0.0943492 0.0707718 0.0701408 0 0 0 0 0 0 0 0 0 0 0 0 0 0 0 0 0 0 0 0 0 0 0 0 0 0 0 0 0 0 0 0 0 0 0
0.46371 0.666005 0.668385 0.654992 0.627307 0.609472 0.580639 0.537554 0.521363 0.538126 0.582605 0.648447 0.714289 0 0.526704 0.778876 0.818094 0.887938 0.91499 0.920638 0.954173 0.987777 0.984255 0.938144 0.884684 0.849791 0.800833 0.75468 0.736179 0.81391 0.869297 0.582261 0.386501 0.276394 0.154706 0 0 0.166502 0 0 0.0391701 0 0 0 0 0 0 0 0 0 0 0 0 0 0 0 0 0 0 0 0 0 0 0 0 0 0 0 0 0 0 0 0 0 0 0 0 0 0 0 0
0.631503 0.715177 0.676409 0.640524 0.608539 0.588442 0.554903 0.525808 0.538779 0.582654 0.645564 0.715219 0.561677 0.401271 0.827552 0.878126 0.914354 0.948793 0.95604 0.962371 0.969252 0.966455 0.935078 0.875267 0.840392 0.809978 0.753578 0.704232 0.702775 0.780534 0.988073 0.696506 0.471028 0.318762 0.183176 0 0 0 0 0 0 0 0 0 0 0 0 0 0 0 0 0 0 0 0 0 0 0 0 0 0 0 0 0 0 0 0 0 0 0 0 0 0 0 0 0 0 0 0 0 0
0.6745 0.696366 0.65173 0.606666 0.5671 0.542961 0.521713 0.522034 0.571546 0.646048 0.708482 0.768395 0.580686 0.581825 0.886382 0.938293 0.939579 0.961832 0.988174 0.979503 0.926842 0.90249 0.873322 0.826895 0.804579 0.779126 0.726966 0.683916 0.680449 0.726114 0.875004 0.832112 0.581553 0.359542 0.228038 0 0 0 0 0 0 0 0 0 0 0 0 0 0 0 0 0 0 0 0 0 0 0 0 0 0 0 0 0 0 0 0 0 0 0 0 0 0 0 0 0 0 0 0 0 0
0.671371 0.657591 0.607592 0.552323 0.527469 0.518525 0.514994 0.541993 0.636266 0.722913 0.773806 0.824819 0.578589 0.605068 0.841369 0.823273 0.944429 0.982981 1 0.873441 0.968183 1 0.81402 0.789134 0.772332 0.743199 0.698555 0.673791 0.663629 0.690214 0.764455 0.9488 0.730974 0.463865 0.159094 0 0 0 0 0 0 0 0 0 0 0 0 0 0 0 0 0 0 0 0 0 0 0 0 0 0 0 0 0 0 0 0 0 0 0 0 0 0 0 0 0 0 0 0 0 0
0.649871 0.657654 0.576052 0.509891 0.501193 0.510096 0.529083 0.588736 0.689987 0.77556 0.844908 0.831047 0.599237 0.56843 0.638061 0.690181 0.968939 0.88426 1 0.78157 0.915689 1 0.77103 0.748337 0.731769 0.704111 0.681916 0.657186 0.650663 0.654235 0.670357 0.754832 0.986905 0.66347 0.23009 0 0 0 0 0 0 0 0 0 0 0 0 0 0 0 0 0 0 0 0 0 0 0 0 0 0 0 0 0 0 0 0 0 0 0 0 0 0 0 0 0 0 0 0 0 0
0.611808 0.61387 0.510587 0.476529 0.484162 0.518349 0.568178 0.6529 0.747915 0.828489 0.87984 0.898411 0 0.4765 0.855713 0.965014 0.962379 0.964675 1 0.866504 0.838145 0.832182 0.782618 0.705988 0.69378 0.695448 0.67287 0.634695 0.621681 0.596472 0.58777 0.595936 0.655495 0.935669 0.435099 0 0 0 0 0 0 0 0 0 0 0 0 0 0 0 0 0 0 0 0 0 0 0 0 0 0 0 0 0 0 0 0 0 0 0 0 0 0 0 0 0 0 0 0 0 0
0.552581 0.529739 0.454871 0.450602 0.486443 0.550125 0.626906 0.723101 0.812704 0.867575 0.884835 0.621869 0.400073 0.811987 0.944527 0.952566 1 0.806152 0.768349 0.813131 0.796193 0.776678 0.730466 0.704299 0.690985 0.674675 0.642291 0.618531 0.578283 0.531993 0.494129 0.461925 0.456475 0.493299 0 0 0 0 0 0 0 0 0 0 0 0 0 0 0 0 0 0 0 0 0 0 0 0 0 0 0 0 0 0 0 0 0 0 0 0 0 0 0 0 0 0 0 0 0 0 0
0.48944 0.457791 0.419387 0.431375 0.50729 0.593148 0.691814 0.796268 0.873855 0.903649 0.891324 0.617577 0.622807 0.887436 0.821873 0.82987 0.784757 0.690998 0.719216 0.773445 0.779677 0.760085 0.734924 0.723634 0.69861 0.657732 0.623208 0.58543 0.523628 0.461416 0.397719 0.347097 0.299439 0.199698 0 0 0 0 0 0 0 0 0 0 0 0 0 0 0 0 0 0 0 0 0 0 0 0 0 0 0 0 0 0 0 0 0 0 0 0 0 0 0 0 0 0 0 0 0 0 0
0.451495 0.417036 0.400734 0.457559 0.551016 0.650165 0.770462 0.877625 0.959077 0.959174 0.909672 0.59696 0.6209 1 0.701923 0.686769 0.695755 0.709097 0.742889 0.772349 0.788125 0.785477 0.773993 0.746634 0.704633 0.650129 0.59788 0.537038 0.461441 0.38082 0.293609 0.21278 0.131444 0 0 0 0 0 0 0 0 0 0 0 0 0 0 0 0 0 0 0 0 0 0 0 0 0 0 0 0 0 0 0 0 0 0 0 0 0 0 0 0 0 0 0 0 0 0 0 0
0.453994 0.441197 0.459988 0.529422 0.607823 0.722179 0.86953 0.996326 0.930575 1 0.91362 0.590812 0.577023 0.75799 0.732596 0.710838 0.70091 0.712847 0.752075 0.795736 0.812799 0.816549 0.80431 0.761643 0.696354 0.626558 0.557116 0.483667 0.394602 0.304579 0.209938 0.118327 0.0396165 0 0 0 0 0 0 0 0 0 0 0 0 0 0 0 0 0 0 0 0 0 0 0 0 0 0 0 0 0 0 0 0 0 0 0 0 0 0 0 0 0 0 0 0 0 0 0 0
0.488176 0.505595 0.533252 0.595626 0.680625 0.807302 0.951845 0.926799 0.869339 0.913381 1 0 0.573278 0.777185 0.733617 0.699563 0.694285 0.714313 0.751716 0.793903 0.828601 0.833656 0.806112 0.751271 0.664773 0.580686 0.502538 0.405295 0.317505 0.229217 0.149694 0.0985986 0.049673 0 0 0 0 0 0 0 0 0 0 0 0 0 0 0 0 0 0 0 0 0 0 0 0 0 0 0 0 0 0 0 0 0 0 0 0 0 0 0 0 0 0 0 0 0 0 0 0
0.533187 0.551711 0.5839 0.648547 0.742167 0.846433 0.957465 0.90423 0.839137 0.874064 1 0.437581 0.795334 0.756712 0.716732 0.69417 0.700632 0.724927 0.758584 0.800865 0.836543 0.830878 0.781502 0.704949 0.609067 0.517591 0.409385 0.305914 0.232221 0.186766 0.164613 0.108864 0.101228 0.0721809 0 0 0 0 0 0 0 0 0 0 0 0 0 0 0 0 0 0 0 0 0 0 0 0 0 0 0 0 0 0 0 0 0 0 0 0 0 0 0 0 0 0 0 0 0 0 0
0.574729 0.588152 0.626127 0.689091 0.7717 0.838481 0.935203 0.904093 0.840291 0.8604 1 0.617436 0.787802 0.750641 0.714082 0.701001 0.720007 0.749196 0.771541 0.794933 0.811208 0.798937 0.737355 0.636419 0.526887 0.412604 0.296022 0.216172 0.164086 0.142419 0.140006 0.12929 0.165756 0.192881 0.187504 0.14807 0.0182182 0 0 0 0 0 0 0 0 0 0 0 0 0 0 0 0 0 0 0 0 0 0 0 0 0 0 0 0 0 0 0 0 0 0 0 0 0 0 0 0 0 0 0 0
0.608703 0.627455 0.660872 0.718078 0.7655 0.821933 0.941687 0.919496 0.869063 0.877178 1 0.618285 0.798301 0.746153 0.710435 0.708382 0.740177 0.768123 0.774879 0.780863 0.772833 0.736157 0.654068 0.53633 0.413884 0.29478 0.197285 0.142144 0.123328 0.0783548 0.082553 0.1819 0.224333 0.270008 0.290731 0.327317 0.390811 0.76304 0.25031 0 0 0 0 0 0 0 0 0 0 0 0 0 0 0 0 0 0 0 0 0 0 0 0 0 0 0 0 0 0 0 0 0 0 0 0 0 0 0 0 0 0
0.636062 0.645855 0.678223 0.723794 0.766215 0.836644 0.953011 0.942549 0.918975 0.941695 1 0.62628 0.805784 0.735204 0.706242 0.720946 0.75264 0.760212 0.758958 0.749384 0.705652 0.632681 0.529521 0.411634 0.298956 0.197108 0.137773 0.112603 0.0947088 0.104853 0.151286 0.242022 0.280459 0.327561 0.382882 0.457809 0.564091 0.785926 0.730416 0.437739 0.274542 0.153795 0.0186757 0 0 0 0 0 0 0 0 0 0 0 0 0 0 0 0 0 0 0 0 0 0 0 0 0 0 0 0 0 0 0 0 0 0 0 0 0 0
0.656812 0.663068 0.69663 0.723861 0.772101 0.859951 0.963469 0.977125 0.966566 1 0.649985 0.60424 0.794313 0.745727 0.722255 0.729609 0.739788 0.728892 0.714631 0.675613 0.591845 0.499584 0.394694 0.279771 0.204767 0.109041 0.1084 0.0964209 0.095567 0.162249 0.241144 0.300571 0.349068 0.424522 0.509923 0.590709 0.684888 0.863788 0.853145 0.703162 0.585601 0.494525 0.389995 0.307477 0.168001 0 0 0 0 0 0 0 0 0 0 0 0 0 0 0 0 0 0 0 0 0 0 0 0 0 0 0 0 0 0 0 0 0 0 0 0
0.679943 0.682998 0.712858 0.739997 0.798888 0.888467 0.957177 0.980585 0.98562 0.965761 0 0.584728 0.789694 0.754124 0.729802 0.713672 0.69715 0.670171 0.632168 0.563299 0.473305 0.367469 0.255316 0.17862 0.129283 0.119468 0.12717 0.136263 0.172505 0.24447 0.322514 0.38466 0.458028 0.548394 0.630828 0.689391 0.746275 0.876846 0.911258 0.809552 0.770895 0.714474 0.671033 0.652265 0.649333 0.582636 0.237236 0 0 0 0 0 0 0 0 0 0 0 0 0 0 0 0 0 0 0 0 0 0 0 0 0 0 0 0 0 0 0 0 0 0
0.710336 0.718387 0.743802 0.770127 0.829804 0.896963 0.941051 0.953671 0.938413 0.632436 0.435054 0.811514 0.768106 0.731093 0.700317 0.674367 0.645599 0.598326 0.534082 0.448346 0.339237 0.229258 0.137175 0.0952122 0.0867342 0.159128 0.17669 0.22076 0.279878 0.358832 0.436187 0.507293 0.577933 0.654845 0.729388 0.767562 0.806036 0.895388 0.991139 0.914982 0.865333 0.835653 0.82328 0.864072 0.948752 1 0.855113 0.672429 0.14357 0 0 0 0 0 0 0 0 0 0 0 0 0 0 0 0 0 0 0 0 0 0 0 0 0 0 0 0 0 0 0 0
0.745911 0.763293 0.777329 0.800958 0.839727 0.871418 0.920831 0.93471 0.899504 0.610495 0.586405 0.778048 0.726505 0.68058 0.657216 0.624192 0.571497 0.506753 0.421686 0.327218 0.208487 0.10834 0.062518 0.0328888 0.0735468 0.137841 0.208647 0.287639 0.374558 0.465184 0.546525 0.614825 0.665759 0.727509 0.794468 0.82679 0.849071 0.911589 0.983161 0.977838 0.952187 0.933237 0.952173 1 0.89392 0.833516 0.776676 0.692241 0.619268 0.683681 0.81981 0.65586 0.123668 0 0 0 0 0 0 0 0 0 0 0 0 0 0 0 0 0 0 0 0 0 0 0 0 0 0 0 0
0.775979 0.795411 0.807822 0.818217 0.830169 0.856961 0.885925 0.89471 0.854121 0.581412 0.558667 0.7402 0.667647 0.626372 0.597853 0.537134 0.466094 0.381773 0.296294 0.205163 0.122087 0.0344377 0.0243072 0.0512195 0.085612 0.152214 0.249607 0.359096 0.458327 0.547629 0.627397 0.69282 0.731185 0.779807 0.82682 0.85325 0.8827 0.919907 0.951407 0.967787 0.968325 0.961202 0.936138 0.882293 0.821048 0.777271 0.756163 0.720711 0.705881 0.738672 0.811776 0.868343 0.802355 0.774123 0.783828 0.884169 0.756643 0.494483 0.375452 0.381136 0.269847 0.204202 0.0663663 0 0 0 0 0 0 0 0 0 0 0 0 0 0 0 0 0 0
0.790428 0.801051 0.811007 0.801285 0.804266 0.824792 0.84514 0.845685 0.812344 0.553141 0.53226 0.675732 0.609159 0.562977 0.495749 0.42396 0.339588 0.250278 0.180953 0.124118 0.0925715 0.0561398 0.0656793 0.117792 0.167316 0.237327 0.34447 0.437845 0.538119 0.617368 0.69608 0.751393 0.784062 0.821346 0.841744 0.850187 0.881913 0.908523 0.913187 0.910008 0.884975 0.866044 0.856635 0.827309 0.78044 0.745292 0.756618 0.770619 0.776864 0.80069 0.866183 0.914622 0.869916 0.838626 0.845246 0.890516 0.964445 0.747149 0.600464 0.64398 0.554342 0.420996 0.227798 0 0 0 0 0 0 0 0 0 0 0 0 0 0 0 0 0 0
0.787182 0.789573 0.783722 0.76798 0.767064 0.786386 0.809387 0.800247 0.758393 0 0.506588 0.612738 0.546591 0.468234 0.395536 0.314033 0.236899 0.173455 0.10387 0.0976377 0.0933623 0.128829 0.173627 0.228099 0.292941 0.366037 0.453783 0.541742 0.628355 0.692827 0.756809 0.799461 0.821886 0.845199 0.848172 0.829523 0.839681 0.859358 0.868928 0.828014 0.794454 0.803022 0.782291 0.765491 0.761589 0.753234 0.78701 0.83565 0.854374 0.865329 0.91249 0.956264 0.929761 0.882151 0.860115 0.870194 0.947259 0.845096 0.684763 1 0.841542 0.630854 0.536524 0.270913 0 0 0 0 0 0 0 0 0 0 0 0 0 0 0 0 0
0.775972 0.768168 0.756376 0.743012 0.741413 0.747105 0.757908 0.739812 0.519388 0.327925 0.62274 0.542304 0.462115 0.380232 0.299126 0.206493 0.160721 0.10174 0.0768164 0.0863814 0.132234 0.223408 0.290172 0.351894 0.412288 0.491102 0.568591 0.642146 0.702592 0.767334 0.802502 0.823672 0.842159 0.851938 0.815689 0.788247 0.78943 0.789619 0.778634 0.746479 0.737416 0.731925 0.716163 0.73512 0.768473 0.814638 0.869273 0.913752 0.934537 0.943274 0.974884 0.987166 0.959836 0.907018 0.861818 0.858489 0.908518 0.932819 0.790191 1 0.985379 0.884099 0.991908 1 0 0 0 0 0 0 0 0 0 0 0 0 0 0 0 0 0
0.76951 0.759509 0.736378 0.728967 0.716105 0.704704 0.701458 0.672636 0.48886 0.472551 0.547619 0.458413 0.365607 0.288396 0.249088 0.176524 0.0745992 0.0436461 0.094469 0.141077 0.233289 0.333532 0.401577 0.456931 0.523242 0.595322 0.658785 0.712146 0.754927 0.793083 0.820626 0.826476 0.835371 0.833643 0.783377 0.740151 0.727335 0.726379 0.696868 0.681533 0.681803 0.677072 0.69251 0.737947 0.806446 0.908313 0.993377 0.955806 0.957196 0.974986 1 0.974733 0.947377 0.930842 0.884249 0.847353 0.871668 0.959427 0.966074 1 0.849363 0.735051 0.679013 0.41086 0 0 0 0 0 0 0 0 0 0 0 0 0 0 0 0 0
0.769338 0.774532 0.738384 0.706223 0.678341 0.664761 0.650648 0.622234 0.450304 0.42561 0.473202 0.374338 0.289448 0.263602 0.318762 0.261142 0.0485266 0.100233 0.159512 0.269232 0.369052 0.448093 0.498651 0.551028 0.615871 0.672724 0.717995 0.754718 0.782944 0.79637 0.810061 0.810804 0.807328 0.790153 0.745029 0.69764 0.680475 0.662721 0.645162 0.641563 0.633974 0.644818 0.695598 0.769196 0.876381 0.993913 0.897719 0.853204 0.868937 0.919698 1 0.94938 0.918777 0.922739 0.891635 0.844226 0.838676 0.843944 0.821886 0.784585 0.795447 0.674255 0.470106 0.279017 0.0912379 0 0 0 0 0 0 0 0 0 0 0 0 0 0 0 0
0.761317 0.773922 0.723039 0.669259 0.635257 0.611824 0.597516 0.559725 0.41181 0.397749 0.420979 0.310046 0.370421 0.424001 0.444296 0.308464 0.264106 0.281672 0.299279 0.413651 0.496757 0.551947 0.592973 0.633776 0.683224 0.730533 0.756554 0.781849 0.791895 0.782703 0.784477 0.780945 0.771714 0.745647 0.708133 0.667415 0.639694 0.61574 0.610759 0.597184 0.594184 0.627567 0.703036 0.805734 0.955379 0.90285 0.814753 0.790778 0.821649 0.893502 1 0.911284 0.872148 0.878397 0.870629 0.826807 0.781619 0.734064 0.698777 0.661029 0.634642 0.452562 0.330761 0.23739 0.16498 0.120112 0.136043 0.0543802 0 0 0 0 0 0 0 0 0 0 0 0 0
0.732916 0.728672 0.674805 0.620536 0.57946 0.55608 0.541974 0.513515 0.392794 0.381619 0.38496 0.456124 0.527767 0.522223 0.433994 0.356802 0.423697 0.40319 0.433778 0.55374 0.615068 0.665109 0.689684 0.701189 0.723605 0.749138 0.76914 0.78989 0.778903 0.757693 0.746644 0.738742 0.730652 0.70774 0.670175 0.623088 0.590828 0.580011 0.561181 0.535181 0.542357 0.599643 0.70737 0.852995 0.962566 0.823313 0.756144 0.754896 0.802751 1 0.939682 0.847447 0.794172 0.786028 0.791829 0.767102 0.688789 0.628663 0.610189 0.577474 0.502176 0.394666 0.35391 0.316266 0.297563 0.313209 0.318105 0.277337 0.220152 0 0 0 0 0 0 0 0 0 0 0 0
0.684565 0.672407 0.621768 0.566949 0.517614 0.49568 0.490364 0.487063 0 0.372764 0.457246 0.537009 0.544755 0.52151 0.455855 0.363949 0.367703 0.393555 0.518056 0.677211 0.720559 0.738499 0.741025 0.750048 0.753625 0.754396 0.760933 0.758445 0.744061 0.729295 0.705381 0.691949 0.680298 0.655418 0.617935 0.577484 0.545065 0.512052 0.474906 0.456003 0.464867 0.533467 0.712604 0.963308 0.842371 0.748199 0.716059 0.73367 0.807295 1 0.867038 0.74218 0.66222 0.638754 0.639109 0.593972 0.507202 0.469737 0.484112 0.437853 0.382803 0.386449 0.376872 0.363608 0.363366 0.376004 0.36433 0.361964 0.295311 0.157026 0 0 0 0 0 0 0 0 0 0 0
0.624844 0.61051 0.562077 0.502081 0.458828 0.447829 0.469005 0.37951 0.248348 0.468978 0.484462 0.536908 0.612166 0.500447 0.40478 0.272018 0.325957 0.498674 0.655537 0.751738 0.774067 0.779851 0.776961 0.772286 0.76118 0.741887 0.728013 0.714876 0.703131 0.686286 0.665429 0.648328 0.633671 0.599634 0.561825 0.521086 0.480748 0.435624 0.396382 0.374741 0.373673 0.465333 0.765859 0.839295 0.717101 0.678969 0.673016 0.713722 0.831699 1 0.745749 0.572932 0.490063 0.415927 0.316305 0 0 0 0 0 0 0.250003 0.285286 0.307168 0.331021 0.352307 0.356803 0.342447 0.277544 0.187797 0.0329961 0 0 0 0 0 0 0 0 0 0
0.55959 0.537849 0.483975 0.438877 0.4279 0.442983 0.485554 0.394671 0.413161 0.512085 0.49459 0.603604 0.529192 0.398043 0.313457 0.425115 0.601622 0.707944 0.748408 0.771241 0.779748 0.79281 0.787112 0.776369 0.753327 0.717476 0.688347 0.674181 0.664818 0.643259 0.617734 0.596222 0.575193 0.542977 0.508232 0.467906 0.431489 0.389304 0.351878 0.337733 0.360643 0.512305 0.908635 0.739517 0.656426 0.637633 0.649897 0.720019 1 0.781302 0.49926 0.335423 0 0 0 0 0 0 0 0 0 0 0 0 0.224698 0.277393 0.290424 0.267807 0.229243 0.158359 0.0736078 0 0 0 0 0 0 0 0 0 0
0.498181 0.46832 0.429955 0.423719 0.439773 0.478695 0.515524 0.440367 0.431557 0.570742 0.575187 0.588962 0.513881 0.55138 0.592227 0.698249 0.716912 0.723166 0.750345 0.760981 0.766854 0.775349 0.773077 0.762324 0.73418 0.691354 0.655446 0.645548 0.631579 0.604832 0.573267 0.547002 0.527922 0.498435 0.461031 0.434548 0.401379 0.373761 0.361526 0.378166 0.437727 0.617949 0.997525 0.729874 0.651406 0.65268 0.676915 0.785719 1 0.553939 0.315593 0.123269 0 0 0 0 0 0 0 0 0 0 0 0 0 0 0.151204 0.150223 0.137146 0.108453 0.0873898 0.0594047 0 0 0 0 0 0 0 0 0
0.449847 0.426758 0.416355 0.43453 0.470793 0.521416 0.567749 0.486814 0.46419 0.65655 0.669031 0.669501 0.689645 0.707847 0.720594 0.730232 0.731131 0.735768 0.740052 0.73921 0.74437 0.74976 0.739398 0.729974 0.710343 0.677123 0.657096 0.639336 0.621462 0.593665 0.55467 0.534779 0.508155 0.480432 0.451016 0.432 0.415565 0.397375 0.410904 0.449888 0.518291 0.705902 0.998578 0.787774 0.690261 0.706815 0.775444 1 0.720845 0.482115 0.27915 0.039417 0 0 0 0 0 0 0 0 0 0 0 0 0 0 0 0 0 0 0.0572276 0.075368 0.0665697 0.0535686 0.0453984 0.00756343 0 0 0 0 0
0.426041 0.405124 0.418431 0.458192 0.518454 0.583078 0.643272 0 0.506096 0.723552 0.744176 0.752108 0.742314 0.735523 0.741038 0.746442 0.74853 0.735796 0.726366 0.722186 0.725409 0.718697 0.696424 0.695869 0.695741 0.6895 0.664842 0.636907 0.612034 0.575385 0.540799 0.522654 0.507711 0.490222 0.468945 0.463224 0.448571 0.441379 0.468144 0.50442 0.595402 0.77066 0.975107 0.870587 0.763226 0.760155 1 0.88839 0.676769 0.467913 0.280397 0.131437 0 0 0 0 0 0 0 0 0 0 0 0 0 0 0 0 0 0 0 0.0688339 0.101314 0.101402 0.0942765 0.0874222 0.0274598 0 0 0 0
0.429767 0.422144 0.455027 0.517693 0.594323 0.662572 0.51833 0.372009 0.742432 0.770034 0.78844 0.792456 0.773621 0.756752 0.749953 0.755137 0.749448 0.73311 0.720336 0.707398 0.696103 0.673176 0.659736 0.673218 0.688248 0.679313 0.643154 0.60755 0.578316 0.544078 0.515216 0.510354 0.503676 0.488814 0.490521 0.489648 0.477524 0.483705 0.51147 0.560124 0.655914 0.777185 0.927762 0.94068 0.876603 0.869655 1 0.831831 0.603014 0.440763 0.325442 0.200905 0.0515575 0 0 0 0 0 0 0 0 0 0 0 0 0 0 0 0 0 0 0 0.0861479 0.108601 0.106277 0.108481 0.0540263 0 0 0 0
