wasim_mod/input/grids/GRD/fundus_25.eoc
ncols	193
nrows	326
xllcorner	39436.98047
yllcorner	214976.5781
cellsize	25.0198
nodata_value	-9999
[rows 260 to 311 of 326, columns 0 to 95 of 193]
146 170 144 7 85 43 123 148 156 4 156 171 152 151 125 129 113 113 106 56 154 113 154 114 42 112 182 55 112 164 157 174 176 172 161 151 100 126 112 82 110 150 114 105 131 114 104 113 144 128 53 69 149 113 150 106 160 38 39 175 114 39 105 114 170 54 105 44 109 109 114 152 76 38 119 45 144 171 121 152 48 108 41 93 50 152 147 105 105 158 5 40 65 167 89 189
39 145 163 173 3 105 112 180 168 128 152 43 57 155 183 117 113 1 149 129 152 148 185 111 147 141 109 146 105 59 152 102 131 97 53 6 113 42 166 84 158 168 147 80 105 190 169 153 147 49 40 46 95 61 168 42 40 105 116 99 170 167 113 151 131 114 125 145 162 153 114 161 3 140 58 156 115 108 123 148 106 150 170 105 114 77 41 110 172 105 127 138 64 107 131 151
156 43 42 82 106 146 42 58 165 113 164 113 146 107 115 4 115 51 153 109 112 114 5 152 186 72 106 60 147 184 145 106 154 108 135 144 73 127 139 63 165 188 126 107 56 41 106 149 155 113 45 104 71 148 179 120 131 128 153 153 166 108 74 163 113 78 163 155 66 60 173 157 105 3 107 45 147 112 113 83 168 124 110 114 106 163 94 130 114 152 52 52 85 162 146 115
107 145 107 126 114 79 153 131 167 168 69 115 120 109 151 171 174 115 111 108 109 106 59 164 49 51 147 115 44 124 48 185 117 111 157 148 119 146 167 177 125 130 106 151 65 108 156 112 159 142 43 106 176 129 111 165 84 146 175 57 187 76 107 43 167 5 4 49 52 189 183 111 122 116 130 110 148 145 164 93 61 152 145 115 147 45 130 162 114 43 169 132 2 106 58 165
2 149 121 115 107 130 109 145 169 2 44 106 171 113 81 2 154 114 193 147 157 169 77 58 99 154 190 127 60 169 131 144 45 60 97 46 109 107 169 118 140 124 114 51 156 55 48 108 146 112 172 158 184 145 62 146 67 166 63 134 169 145 186 56 113 152 179 172 111 153 92 145 116 169 95 45 47 108 119 114 169 109 82 107 147 148 145 116 137 114 107 165 164 164 114 2
155 114 62 78 109 191 165 108 116 113 114 149 107 74 110 116 51 46 2 57 63 156 87 3 148 114 147 155 71 61 107 129 166 119 116 115 152 167 116 2 110 108 182 108 115 116 151 106 142 47 46 146 48 108 50 109 52 4 116 148 106 107 118 168 70 121 185 107 123 169 58 112 106 187 157 115 115 75 116 98 129 113 171 154 53 108 111 149 65 94 147 103 153 132 160 130
96 4 2 66 118 108 111 126 76 152 86 116 50 160 150 56 88 150 110 156 48 147 148 56 179 48 68 192 112 52 108 133 112 170 150 152 146 129 172 115 178 152 162 167 80 146 3 149 63 67 117 151 114 108 49 115 109 109 55 171 172 109 173 150 161 59 141 50 177 128 53 51 155 54 108 150 108 116 116 112 49 59 115 171 93 63 118 186 61 68 111 176 112 57 49 123
128 155 170 62 116 107 159 118 165 54 113 61 110 150 120 140 164 51 174 148 172 57 142 99 65 65 70 52 82 147 164 146 112 2 129 117 55 72 170 113 149 153 117 59 117 116 170 73 106 157 109 60 159 123 92 51 51 146 160 165 143 109 117 97 87 64 109 117 170 117 146 117 114 173 162 112 107 170 56 152 61 63 71 150 112 66 146 122 170 3 108 151 52 169 56 53
107 161 112 168 109 116 62 136 114 152 54 109 116 68 3 65 68 158 153 109 161 191 116 109 159 171 172 55 165 59 57 53 53 53 170 128 109 86 150 114 129 117 61 2 156 130 148 67 1 189 147 174 122 176 154 166 63 167 117 183 120 117 66 56 3 109 61 155 1 166 148 105 149 59 150 79 54 173 54 64 60 57 56 69 116 55 58 57 56 55 59 58 115 103 123 65
169 65 158 110 124 116 112 110 147 115 115 164 66 147 122 111 162 68 188 169 151 142 67 73 110 162 1 68 181 112 136 71 110 110 175 70 69 110 96 151 184 66 67 127 134 143 72 151 116 77 156 149 129 150 128 71 112 174 145 109 151 174 113 120 114 156 1 159 156 115 118 117 2 165 73 118 69 160 67 118 100 81 68 149 113 108 174 150 93 171 110 74 111 173 117 87
147 167 161 112 116 2 160 108 156 171 122 111 116 70 156 130 148 168 118 124 118 155 187 135 117 155 115 153 71 71 152 114 111 73 128 77 149 154 113 171 132 154 163 156 175 115 114 114 117 118 168 159 108 110 152 117 109 78 118 108 151 2 185 111 113 158 174 162 150 147 147 108 120 152 92 108 161 125 136 72 79 83 149 80 118 90 151 71 112 156 174 118 141 171 117 116
111 82 80 134 181 114 118 112 150 165 84 171 110 111 74 124 119 122 113 119 151 112 171 156 75 162 166 114 118 117 127 126 119 149 74 118 164 148 175 118 167 77 115 153 148 115 152 110 1 177 170 112 179 110 178 119 186 120 172 101 91 121 148 149 157 135 116 109 159 168 153 188 113 152 119 78 154 113 103 75 180 108 172 81 78 160 94 76 157 138 87 114 173 79 150 111
112 93 77 148 109 112 1 116 167 110 155 157 78 118 115 110 114 132 157 118 116 159 117 122 115 152 149 118 111 118 149 115 142 78 1 169 129 113 144 113 121 152 80 162 84 120 161 150 1 109 109 79 113 187 152 171 78 175 116 152 114 157 152 150 117 127 126 82 150 119 167 118 166 148 111 117 114 134 151 152 83 165 153 148 109 177 109 175 164 185 119 135 154 80 143 116
155 149 118 172 146 167 151 145 160 150 113 167 191 174 172 117 157 156 150 112 158 172 160 112 116 122 121 169 113 120 110 117 119 169 119 116 82 119 172 165 111 114 119 116 151 143 120 170 193 114 141 149 140 157 115 142 147 111 110 81 157 186 118 87 131 81 155 152 152 171 130 127 82 175 126 120 171 177 175 119 108 188 154 172 135 153 162 86 160 163 105 120 159 184 167 119
152 110 179 87 121 126 103 96 175 116 157 111 164 111 152 86 150 117 85 120 106 110 84 180 112 121 153 187 192 88 170 112 120 172 127 119 112 159 125 112 156 115 151 128 113 121 155 172 151 109 135 169 126 116 153 98 113 115 185 156 153 83 114 154 156 152 93 112 101 83 141 174 158 144 136 165 139 153 163 177 153 114 111 118 143 175 175 183 140 153 162 151 115 153 170 84
92 173 182 150 165 133 159 186 157 111 116 114 158 115 153 117 121 126 150 170 179 184 120 127 193 150 165 151 157 188 110 125 89 123 112 158 138 121 86 118 149 152 119 155 132 152 119 113 129 155 164 164 181 111 156 135 141 153 104 173 180 112 85 85 87 112 177 172 161 147 161 159 176 158 111 116 154 89 115 169 151 134 151 122 120 173 122 174 118 100 140 157 117 117 108 112
171 144 157 115 151 162 120 192 118 105 88 163 156 116 113 158 113 120 148 166 173 136 133 141 157 119 116 90 156 122 151 98 117 119 179 112 153 152 163 118 134 158 111 154 151 158 159 87 120 189 155 117 121 155 182 116 120 165 122 169 130 152 125 177 154 113 114 170 176 167 113 115 90 168 152 127 151 93 180 151 115 154 140 114 112 169 160 143 181 109 122 132 121 126 164 113
114 120 159 169 161 157 177 150 92 193 113 118 122 159 107 118 116 125 133 152 154 114 114 172 147 118 179 114 115 153 123 117 118 177 155 157 155 166 160 118 123 171 128 119 183 124 122 88 155 113 153 134 152 114 152 170 166 158 165 121 137 122 159 154 174 159 88 117 116 120 177 143 144 173 190 172 140 158 173 123 114 180 123 114 162 162 169 110 158 120 118 125 115 117 182 116
154 130 174 156 157 116 166 118 131 133 98 129 115 122 121 175 176 167 125 174 159 115 179 115 122 184 164 119 89 118 155 153 124 117 115 89 121 116 102 114 154 170 146 165 145 170 142 148 114 141 173 135 120 116 177 123 93 180 158 115 118 140 169 164 116 168 152 186 91 159 160 117 118 188 123 153 183 115 159 171 156 115 120 166 139 191 155 138 153 181 115 137 121 118 182 124
155 115 133 163 162 160 153 119 147 118 165 115 116 169 119 121 116 90 178 124 187 170 117 124 90 136 119 169 153 117 116 159 154 115 116 161 180 153 101 123 156 155 150 158 124 124 138 176 119 170 164 158 123 175 143 161 119 127 117 119 163 155 92 116 175 177 167 131 122 103 119 116 178 154 160 184 160 163 139 160 168 157 181 94 169 170 116 115 91 107 120 183 189 173 100 124
164 118 169 117 142 154 159 124 92 146 172 161 121 126 108 119 118 91 119 180 175 128 138 120 116 124 154 170 161 171 118 160 98 173 158 165 134 172 124 172 117 156 185 154 181 123 163 91 152 120 137 123 93 119 136 118 148 174 161 120 116 154 116 104 117 169 182 155 115 119 170 184 177 183 155 190 168 173 173 154 176 133 154 92 118 158 193 119 139 131 123 95 119 121 122 102
159 179 122 121 161 186 122 120 181 168 192 135 118 141 121 160 123 162 158 117 138 101 155 92 182 116 155 179 157 173 129 166 156 93 136 100 116 164 117 92 176 120 167 156 119 183 163 118 119 150 158 185 94 123 156 126 106 184 117 161 168 122 155 123 121 188 172 191 159 172 165 169 171 175 125 143 156 159 179 120 177 122 161 161 125 93 168 125 174 173 118 113 128 120 164 155
169 162 183 122 140 135 127 156 121 122 155 120 132 162 122 155 186 125 193 165 95 158 112 160 184 108 170 173 98 93 123 189 117 148 168 117 154 157 185 119 122 121 172 122 165 155 122 130 158 120 157 118 159 171 155 155 179 117 93 119 94 155 155 163 155 122 177 155 172 95 175 138 155 173 155 161 118 125 159 119 120 116 176 192 126 104 121 163 151 170 123 166 120 175 169 141
173 158 118 185 105 186 120 122 121 111 180 120 156 162 150 121 163 159 119 121 156 160 180 121 125 176 156 156 125 165 156 118 168 123 156 172 114 94 162 120 100 157 127 172 119 156 171 174 130 140 121 173 96 106 160 120 133 94 157 125 120 145 122 189 122 119 175 159 161 156 166 173 180 121 119 170 178 119 119 183 144 167 123 120 177 121 156 98 157 193 178 132 124 95 149 119
119 121 120 174 174 171 125 165 158 171 157 128 122 141 119 158 126 168 121 180 158 162 164 177 126 126 123 125 175 176 169 151 143 161 108 157 122 174 169 98 120 126 176 139 165 190 137 99 154 183 184 121 123 175 119 121 130 117 164 123 167 126 120 160 135 174 173 182 116 162 121 125 157 160 162 112 159 157 124 185 122 121 157 179 161 160 170 127 121 157 158 189 121 176 157 181
138 120 185 170 105 161 95 128 101 120 149 160 157 124 176 168 157 121 174 175 167 171 157 161 165 111 157 173 134 158 162 121 157 182 163 157 157 135 190 186 165 157 159 176 157 180 160 189 175 130 106 178 172 123 114 181 165 166 100 159 169 98 164 180 179 122 143 164 158 121 179 187 139 188 124 146 126 158 158 158 148 173 163 127 137 169 125 158 175 156 159 178 170 133 123 141
163 164 108 124 167 97 181 158 122 123 181 181 173 172 142 170 158 132 147 180 189 162 123 176 122 122 163 188 150 153 165 122 159 157 159 124 174 158 122 133 158 168 138 135 185 126 122 122 122 96 122 122 179 168 164 163 122 122 159 169 171 173 159 126 181 127 159 159 125 158 165 184 186 124 175 158 131 158 144 174 161 123 122 160 158 178 158 112 164 158 168 145 130 158 176 173
125 123 159 127 187 161 172 167 167 124 162 177 101 180 184 105 159 123 132 163 178 167 97 166 114 133 123 164 136 174 127 159 168 159 176 124 159 100 173 119 97 160 159 163 142 127 123 126 159 125 126 163 164 147 161 155 160 171 161 188 124 179 173 183 165 124 175 124 160 106 126 176 116 176 162 165 164 176 138 98 103 99 177 175 101 181 121 168 110 135 151 160 140 159 124 159
124 125 118 122 174 166 170 126 189 175 143 176 161 160 171 137 119 177 161 125 164 103 161 124 167 161 180 127 146 112 187 141 162 190 183 157 172 132 162 162 160 102 186 162 175 127 124 192 191 160 167 115 126 123 125 160 179 188 164 193 179 161 100 173 167 162 117 168 160 160 125 171 160 98 98 166 124 185 124 179 136 182 173 163 109 160 163 165 147 104 163 124 189 171 177 111
116 176 144 124 174 101 100 175 177 125 160 148 124 149 189 160 174 162 145 120 110 185 167 103 164 159 160 126 119 101 160 125 175 132 164 176 173 125 190 160 146 180 150 160 125 124 177 170 124 162 164 137 179 125 125 171 163 160 105 141 125 143 113 160 191 126 171 127 139 161 166 161 122 154 151 170 182 184 162 172 131 161 179 147 161 160 160 128 176 164 118 192 165 126 163 172
165 132 192 108 128 161 161 131 174 161 178 162 128 145 169 103 161 126 140 146 104 126 128 127 161 126 125 125 121 144 193 167 101 177 171 126 100 126 162 164 148 170 152 180 170 161 184 127 178 128 161 126 128 128 127 122 164 176 178 162 125 125 109 125 163 126 131 178 170 165 126 178 147 114 149 164 161 178 163 182 176 162 143 141 179 126 100 166 177 192 191 189 161 137 128 102
176 175 166 101 167 128 166 124 180 178 171 192 118 164 127 160 130 126 161 163 126 164 193 164 144 162 127 163 127 169 173 161 159 126 168 128 167 164 140 191 172 127 162 138 105 184 162 127 179 180 176 166 177 153 129 170 190 130 165 121 189 127 127 163 163 174 151 162 161 162 105 127 117 129 129 111 175 170 179 178 162 147 166 165 127 115 127 125 128 174 162 122 148 129 128 172
178 179 135 181 173 166 108 164 101 129 162 139 144 179 136 122 180 129 166 128 142 113 191 158 130 162 163 180 124 163 126 175 165 129 163 123 103 128 167 167 174 169 165 174 129 190 131 180 176 175 164 165 140 168 166 129 163 167 109 121 167 129 129 128 189 184 162 129 193 167 106 179 120 129 169 116 166 112 132 129 155 163 176 180 172 130 129 164 163 128 175 130 163 187 162 128
185 167 174 191 183 139 167 130 163 115 104 160 169 164 166 105 163 111 129 165 156 164 166 190 193 173 132 130 123 177 142 166 178 129 163 126 166 165 164 167 140 164 117 165 164 129 136 114 169 130 135 180 124 179 165 170 180 189 161 164 130 174 164 168 131 106 143 172 163 165 184 151 176 113 107 130 129 173 177 163 168 125 131 129 170 175 167 131 187 188 166 153 131 107 128 131
166 167 164 164 165 142 176 130 143 130 154 130 164 165 174 104 163 125 134 120 165 171 126 166 137 180 173 116 163 165 163 176 171 140 166 165 164 131 105 110 189 131 124 177 180 180 167 110 130 188 136 180 175 165 129 104 166 163 164 184 119 170 132 179 187 178 192 132 132 135 131 168 172 118 180 108 174 167 167 130 125 130 132 128 106 130 132 145 168 133 148 130 169 182 131 115
164 178 105 187 167 165 140 169 108 181 133 173 183 168 133 164 183 170 168 131 137 132 166 133 183 136 146 192 175 129 109 180 117 135 161 133 132 170 175 106 168 156 133 121 166 132 164 165 191 160 169 132 186 138 180 169 130 181 183 133 169 167 184 164 181 167 126 188 142 112 147 128 167 109 171 133 139 168 164 169 112 125 190 162 174 164 181 141 167 182 165 127 179 164 193 177
113 186 189 179 159 181 177 125 190 173 119 129 168 108 175 165 170 157 114 181 168 193 181 135 170 142 181 169 182 134 180 131 141 134 133 154 181 128 179 168 127 167 139 107 148 181 126 165 111 107 167 171 134 181 181 192 122 182 169 135 131 131 135 131 187 184 170 178 111 165 168 177 166 131 137 180 177 135 183 172 109 118 132 170 136 138 168 191 174 113 169 135 135 169 170 169
174 171 110 178 176 169 190 181 181 166 137 167 178 121 177 168 167 134 192 175 136 171 127 169 187 158 170 176 168 189 171 109 184 117 169 177 123 109 166 171 193 174 168 172 162 132 161 170 109 171 191 140 128 172 180 166 135 171 182 169 126 170 138 115 171 172 111 172 137 170 169 166 185 180 141 133 149 188 171 181 171 156 131 167 116 115 192 179 166 129 176 136 171 130 170 190
132 182 178 131 173 190 182 145 173 182 126 182 172 112 171 127 171 182 175 112 185 130 172 174 141 180 170 182 167 165 182 154 180 139 175 188 172 173 111 182 175 173 116 111 172 182 170 170 167 172 128 168 183 171 191 182 168 182 182 182 182 182 114 182 193 182 169 182 157 164 170 174 132 173 182 192 159 147 134 118 186 170 171 111 179 182 166 172 133 182 137 129 167 189 173 167
171 174 133 170 168 162 141 173 112 176 117 171 173 186 174 115 168 163 173 137 170 169 184 175 130 189 174 138 149 133 183 169 172 172 136 135 133 179 174 153 146 183 170 175 177 182 174 179 193 184 183 172 177 187 174 171 181 120 168 190 145 174 174 192 133 140 173 169 174 171 131 183 191 161 158 175 168 174 174 174 132 175 178 174 174 129 176 124 175 173 173 181 185 127 173 171
116 134 175 184 176 176 114 178 132 175 179 183 190 176 191 175 175 141 182 175 170 180 175 179 168 173 181 130 173 185 168 175 174 183 129 171 174 177 169 172 182 173 175 174 115 176 188 168 125 128 133 171 118 168 131 176 127 183 174 186 175 181 152 139 140 169 183 116 193 182 134 176 175 174 176 123 169 177 171 155 183 178 176 174 183 170 180 117 189 121 175 168 187 174 167 178
166 189 169 153 179 176 187 132 120 129 175 128 162 183 173 175 134 182 176 169 171 179 175 180 178 183 170 177 141 175 176 192 172 144 183 124 177 177 135 183 183 126 190 127 184 181 148 176 169 188 191 183 171 139 175 178 176 176 169 115 177 133 178 140 174 169 134 176 120 131 177 177 168 178 183 178 185 184 186 122 183 177 181 176 169 178 179 177 177 178 170 169 173 169 176 189
177 170 177 176 177 175 173 179 177 152 115 177 135 175 131 174 187 177 164 176 178 184 171 141 121 134 185 166 179 139 172 170 121 190 183 185 178 136 133 182 178 193 182 177 150 123 170 180 127 145 137 168 160 179 140 135 178 174 178 155 171 191 170 181 192 178 178 178 180 178 180 180 188 179 178 180 185 170 179 177 176 144 183 171 181 178 138 135 184 180 163 182 178 146 170 178
172 135 143 183 122 180 141 182 183 186 185 182 133 171 182 179 174 171 140 165 122 179 184 166 162 172 182 117 178 119 151 138 136 181 173 174 180 189 182 179 184 184 116 180 179 179 180 176 116 175 185 184 168 179 134 182 180 132 184 182 185 171 179 184 184 137 182 179 179 177 186 177 173 181 154 135 176 171 179 181 184 174 172 176 180 171 179 136 118 171 184 190 181 186 179 118
161 131 185 189 137 185 184 185 182 172 184 180 167 183 158 117 184 143 172 174 135 171 173 181 173 186 183 184 138 180 172 180 185 190 187 184 172 146 180 178 180 182 184 180 126 186 136 155 174 134 120 132 139 186 183 121 180 193 187 180 191 137 180 129 183 192 184 177 173 180 173 175 181 119 184 153 182 181 180 183 182 179 180 180 180 130 149 180 135 175 181 180 187 176 180 176
182 131 192 178 175 174 169 181 187 174 187 185 185 180 186 185 188 185 181 154 186 177 174 175 129 181 186 181 179 186 181 174 136 180 182 176 184 181 127 181 122 184 181 186 174 175 121 130 125 137 188 172 183 181 139 120 181 162 159 140 135 181 138 181 184 181 132 186 181 186 184 143 181 178 123 181 185 144 185 181 181 181 175 174 186 185 182 182 189 178 147 182 184 175 118 176
186 180 143 187 130 192 138 185 183 161 185 185 185 182 181 168 191 186 180 189 153 122 175 184 185 187 178 190 124 177 185 175 182 176 182 126 182 185 182 183 141 182 175 144 186 182 189 121 139 182 155 182 181 187 137 188 184 186 182 179 187 129 149 185 176 182 185 123 187 182 142 182 183 186 188 182 188 184 182 176 171 188 187 182 140 132 136 178 138 186 185 193 183 177 183 177
189 180 147 185 186 190 183 120 183 119 190 185 127 181 170 122 137 136 185 141 181 183 176 176 152 184 187 186 138 159 183 182 186 182 184 179 184 186 173 187 166 139 183 180 189 188 190 177 185 140 183 150 183 192 177 143 183 186 193 186 172 187 183 183 183 132 183 188 162 178 189 187 191 142 189 175 183 122 178 189 184 188 187 186 187 124 186 184 189 190 176 180 186 184 185 188
186 186 185 187 185 184 188 172 179 190 181 186 184 178 188 189 189 138 187 179 192 132 128 185 183 147 193 186 148 187 189 184 145 191 144 155 184 180 131 186 139 141 190 182 189 160 187 186 178 184 186 184 188 184 188 173 137 185 185 186 125 178 186 189 190 191 122 125 181 187 183 180 186 190 178 140 186 188 188 179 187 122 186 190 185 178 188 133 186 121 163 188 193 184 179 192
176 139 188 191 185 180 184 181 146 131 149 177 187 180 188 186 182 148 123 185 182 184 144 181 190 185 182 189 137 181 186 164 141 189 122 190 186 188 171 180 183 188 185 122 126 191 189 189 185 166 174 126 189 187 187 181 151 129 182 189 185 187 189 181 190 133 187 181 193 161 189 188 140 192 192 186 184 153 192 190 190 191 187 182 183 186 186 188 187 168 182 175 122 134 188 191
183 187 181 185 187 185 191 187 123 137 165 192 162 187 189 189 143 190 188 183 191 185 191 189 186 131 187 186 191 190 142 167 155 127 177 190 191 193 191 182 191 174 190 184 189 193 190 187 187 189 193 190 180 127 188 188 190 184 134 192 132 190 189 193 189 189 178 191 188 148 192 188 146 130 124 187 159 144 188 191 190 189 179 187 189 147 184 188 124 192 187 191 193 192 185 191
192 188 185 186 192 192 189 192 193 192 147 190 192 149 168 160 192 185 128 125 189 125 190 185 185 135 128 192 175 180 190 152 148 193 191 192 182 132 192 146 187 192 193 156 150 186 187 125 131 188 190 193 192 192 138 186 158 151 172 133 162 192 192 193 127 192 126 136 143 126 193 190 127 191 142 187 188 193 170 165 188 191 173 189 186 149 179 186 166 190 193 140 185 189 167 134
