wasim_mod/input/grids/GRD/fundus_25.sd1
ncols	193
nrows	326
xllcorner	39436.98047
yllcorner	214976.5781
cellsize	25.0198
nodata_value	-9999
[rows 144 to 179 of 326, columns 82 to 163 of 193]
0.175626 0.142746 0.195158 0.0718101 0.0566504 0.0714253 0.114503 0.178681 0.206992 0.264908 0.295413 0.33245 0.384063 0.467616 0.505939 0.4634 0.417112 0.376888 0.350888 0.327972 0.332871 0.321356 0.298033 0.253862 0.2252 0 0 0 0 0 0.300932 0.124173 0 0 0 0 0 0 0 0 0 0 0 0 0 0 0 0.202744 0.707324 0.565251 0.449504 0.383524 0.333335 0.312025 0.322601 0.311858 0.283849 0.278229 0.290807 0.294666 0.3089 0.336746 0.345932 0.329263 0.305656 0.298031 0.284213 0.26289 0.235187 0.194491 0.161509 0.116821 0.055231 0.0120644 0 0 0 0 0 0 0 0
0.180189 0.161898 0.11859 0.0595197 0.0894829 0.131173 0.198768 0.251768 0.282337 0.302077 0.30143 0.319795 0.36736 0.431105 0.43561 0.400556 0.381496 0.344405 0.307647 0.310616 0.308724 0.294708 0.250924 0.24313 0.274583 0.387095 0 0 0 0.527265 0.407533 0.291414 0.198734 0 0 0 0 0 0 0 0 0 0 0 0 0 0.00462343 0.166551 0.517335 0.756138 0.521286 0.414481 0.359647 0.377675 0.393274 0.353244 0.323741 0.307555 0.296694 0.299881 0.326344 0.350138 0.348955 0.316347 0.314069 0.307428 0.304847 0.292 0.249346 0.214865 0.188905 0.167567 0.126753 0.0587071 0 0 0 0 0 0 0 0
0.168505 0.156175 0.118992 0.132935 0.179362 0.213077 0.274223 0.308226 0.312385 0.29333 0.260992 0.261312 0.312963 0.347702 0.346852 0.33581 0.317876 0.253882 0.221789 0.227628 0.23592 0.239696 0.21077 0.242863 0.308389 0.397126 0.482286 1 0.59084 0.556311 0.494532 0.420726 0.375448 0.269033 0.197268 0.0635076 0 0 0 0 0 0 0 0 0 0 0 0.145711 0.347701 0.890071 0.603293 0.452795 0.419471 0.458672 0.454163 0.39086 0.347848 0.315817 0.294222 0.309678 0.333885 0.341242 0.31906 0.301476 0.31917 0.309649 0.303201 0.275871 0.239691 0.220749 0.203781 0.198332 0.180617 0.142122 0.0611382 0 0 0 0 0 0 0
0.208529 0.203541 0.222392 0.263296 0.285546 0.286655 0.318959 0.318438 0.285056 0.249123 0.201101 0.204923 0.240127 0.264238 0.277884 0.234278 0.16835 0.0993194 0.109077 0.0984277 0.122582 0.168937 0.205162 0.25663 0.297722 0.396772 0.54213 1 0.72614 0.564267 0.513114 0.488975 0.449567 0.384333 0.294832 0.141821 0 0 0 0 0 0 0 0 0 0 0 0.0820125 0.221614 0.56508 0.726356 0.497235 0.474378 0.499398 0.468424 0.398934 0.338338 0.285379 0.272874 0.290189 0.307031 0.290468 0.264063 0.276787 0.277356 0.252992 0.229267 0.201645 0.189944 0.180864 0.188588 0.203783 0.201 0.185403 0.125606 0 0 0 0 0 0 0
0.254501 0.243276 0.276564 0.325204 0.321602 0.297819 0.295434 0.27433 0.237451 0.194324 0.175207 0.176673 0.185444 0.185362 0.204249 0.133521 0 0 0 0 0.0244715 0.111818 0.163358 0.19218 0.261357 0.38747 0.541665 1 0.754654 0.605459 0.53778 0.525308 0.506744 0.435266 0.337816 0.211975 0.107196 0 0 0 0 0 0 0 0 0 0 0 0.125157 0.369116 0.970692 0.540779 0.47853 0.483044 0.432804 0.364297 0.29803 0.255807 0.241754 0.248045 0.235589 0.171753 0.140046 0.162163 0.149917 0.116731 0.0953026 0.0965086 0.103878 0.117113 0.151247 0.180898 0.18964 0.1729 0.13696 0.0799025 0 0 0 0 0 0
0.23264 0.202519 0.241906 0.305172 0.292135 0.288086 0.283952 0.258931 0.211354 0.17013 0.175946 0.17805 0.167243 0.141202 0.145401 0.0864773 0 0 0 0 0 0 0.0123871 0.0859153 0.251576 0.391445 0.578035 1 0.757756 0.574495 0.534542 0.537387 0.547416 0.514094 0.384965 0.219492 0.100089 0.0090836 0 0 0 0.0334105 0 0 0 0 0 0 0.0507488 0.2381 0.602885 0.501672 0.42647 0.408693 0.349075 0.300963 0.266678 0.258311 0.242864 0.222534 0.113651 0 0 0 0 0 0 0 0.0107808 0.0559351 0.0945006 0.115842 0.133917 0.124032 0.109009 0.0944765 0 0 0 0 0 0
0.177073 0.141031 0.188403 0.263343 0.282469 0.336676 0.358845 0.298356 0.218077 0.149246 0.128953 0.18231 0.195611 0.207534 0.158988 0.078699 0 0 0 0 0 0 0 0.0853008 0.252822 0.381326 0.574729 1 0.750292 0.51557 0.461021 0.489427 0.491607 0.528563 0.480596 0.200804 0.0333754 0 0 0.0118356 0.0595271 0.042197 0 0 0 0 0 0 0 0.096092 0.276648 0.38669 0.351757 0.317544 0.26195 0.251252 0.266678 0.276101 0.273032 0.204428 0 0 0 0 0 0 0 0 0 0 0.00481745 0.0393501 0.051147 0.0719942 0.0736085 0.0870057 0.0744994 0.0712264 0 0 0 0
0.141151 0.137816 0.19789 0.278616 0.346839 0.431722 0.432769 0.340747 0.219196 0.0779971 0.0338644 0.138718 0.233896 0.281885 0.217313 0.129494 0.100286 0 0 0 0 0 0 0.13974 0.235487 0.316349 0.585137 1 0.791007 0.458142 0.317436 0.350906 0.349511 0.399648 0.479501 0.243528 0 0.0307099 0.0363102 0.0230476 0.0306532 0.0178362 0.00446067 0 0 0 0 0 0 0 0.0457237 0.302464 0.263207 0.270162 0.24092 0.245338 0.274702 0.284617 0.276923 0.175985 0 0 0 0 0 0 0 0 0 0 0 0.000536286 0.0300008 0.0555826 0.0850695 0.108516 0.121359 0.121365 0.141147 0.133245 0.0934856 0.0565106
0.170575 0.222937 0.311228 0.398859 0.48267 0.505423 0.449401 0.353016 0.200649 0.0232607 0 0 0.211252 0.294738 0.251348 0.211412 0.186901 0.117207 0.0850375 0.0821425 0 0 0.0944684 0.159655 0.178018 0.284926 1 0.936547 0.858404 0.431734 0.151795 0 0.02391 0.0655388 0.261958 0.21633 0.0613232 0.0574398 0.0513137 0.0400156 0.0283975 0 0 0 0 0 0 0 0 0 0.144384 0.468816 0.229187 0.212391 0.24945 0.265105 0.285254 0.294819 0.271604 0.184092 0.151827 0.303119 0.282707 0.296979 0.301131 0 0 0 0 0 0 0 0.0545266 0.0699925 0.119611 0.14203 0.157109 0.159183 0.170463 0.170416 0.152258 0.117245
0.182068 0.334151 0.43235 0.498888 0.530702 0.482564 0.413003 0.286337 0.092403 0.147081 0 0 0.0266955 0.245026 0.279903 0.272921 0.226374 0.207232 0.204249 0.182949 0.149707 0.169174 0.190845 0.201931 0.214219 0.329114 1 0.884989 0.963428 1 0.0542076 0 0 0 0 0.0935871 0.110375 0.0693397 0.0586386 0.0655812 0.0369068 0 0 0.0760058 0.065831 0.0688094 0 0 0 0.0799274 0.255236 0.706963 0.276283 0.201359 0.2484 0.302367 0.319705 0.323831 0.283809 0.22358 0.233379 0.328855 0.296141 0.344541 0.302646 0.300294 0.264788 0 0 0 0.0709665 0.0901011 0.0865271 0.109143 0.138822 0.157161 0.172275 0.200647 0.222409 0.201132 0.169305 0.166367
0.247466 0.410391 0.460011 0.468456 0.438777 0.382957 0.263872 0.140248 0 0.285295 0.316066 0.175433 0 0.186777 0.288819 0.272437 0.233621 0.241371 0.256969 0.229447 0.209066 0.249196 0.27858 0.267926 0.294978 0.358151 0.583168 0.889318 0.640918 1 0 0 0 0 0 0.134079 0.211496 0.167525 0.122262 0.0879935 0.0559935 0.0595708 0.0948008 0.102292 0.113472 0.137964 0.147222 0.154187 0.139776 0.179393 0.332661 0.807541 0.230427 0.349512 0.33019 0.374364 0.379192 0.353362 0.30277 0.27352 0.300915 0.330192 0.325044 0.364386 0.338445 0.35724 0.33135 0.223814 0 0.097068 0.175466 0.172001 0.158697 0.161664 0.162904 0.171519 0.193695 0.216099 0.227929 0.202831 0.182218 0.197333
0.374515 0.400673 0.408976 0.362109 0.320924 0.227604 0 0 0.23261 0.25992 0.256788 0.149649 0 0.215977 0.257329 0.221187 0.215155 0.23035 0.243607 0.231178 0.236036 0.288216 0.33672 0.317736 0.344022 0.387735 0.510458 0.68832 0.544265 1 0 0 0 0 0 0.262741 0.312103 0.26906 0.228111 0.164796 0.118001 0.117311 0.0993965 0.0966892 0.122957 0.138923 0.176194 0.210319 0.216442 0.262333 0.417606 0.729831 0.439814 0.558303 0.409812 0.43402 0.396619 0.359002 0.322695 0.311014 0.352423 0.358189 0.351771 0.386939 0.371089 0.34883 0.31845 0.313042 0.24191 0.207629 0.251505 0.236633 0.221156 0.209065 0.203277 0.206467 0.222078 0.233925 0.218506 0.187671 0.167917 0.178974
0.393532 0.380415 0.287113 0.232322 0.193723 0.0527723 0 0 0.198888 0.186018 0.184061 0.107838 0.230429 0.359599 0.225794 0.155912 0.193786 0.220044 0.226115 0.231612 0.275127 0.333731 0.342979 0.35756 0.367295 0.400959 0.484355 0.589456 0.436317 1 0 0 0 0.173847 0.256133 0.324877 0.359547 0.323934 0.295084 0.246185 0.201068 0.171292 0.136297 0.113948 0.151597 0.158044 0.184198 0.220761 0.265994 0.356272 0.524477 0.83896 1 0.601851 0.405593 0.43949 0.370494 0.372644 0.344957 0.322861 0.363227 0.410789 0.409343 0.392628 0.362248 0.338842 0.305822 0.325859 0.32296 0.274818 0.324141 0.285323 0.264439 0.257614 0.26191 0.256022 0.260428 0.250131 0.21734 0.160238 0.163107 0.155348
0.354085 0.294096 0.193504 0.149593 0.0777365 0 0 0 0 0.141632 0.143334 0.148427 0.263839 0.404655 0.20568 0.143453 0.179909 0.210783 0.221522 0.232583 0.274804 0.313785 0.309423 0.346591 0.349788 0.389831 0.464908 0.449575 0.358618 0.396647 1 0 0.2707 0.296829 0.327222 0.345102 0.372694 0.36506 0.330607 0.2818 0.258064 0.20886 0.192104 0.160737 0.167946 0.182228 0.200789 0.229769 0.293093 0.399612 0.590291 0.813718 0.819864 0.555142 0.499612 0.427123 0.359844 0.399949 0.366775 0.326492 0.39399 0.387987 0.393831 0.389517 0.402936 0.316148 0.307253 0.305166 0.302142 0.32714 0.371025 0.317371 0.294428 0.292121 0.293201 0.286432 0.274837 0.254603 0.209488 0.180074 0.185885 0.17406
0.240346 0.181835 0.159164 0.0983359 0.0133051 0 0 0.102845 0 0.106864 0.109539 0.212179 0.221076 0.342734 0.180342 0.160739 0.135824 0.194861 0.204474 0.219373 0.241164 0.247373 0.248397 0.275591 0.332336 0.391959 0.402112 0.429224 0.357658 0.452633 1 0.401228 0.36752 0.388185 0.353122 0.350408 0.378764 0.375757 0.347359 0.31917 0.284796 0.259623 0.223077 0.212003 0.163755 0.172052 0.181243 0.197397 0.279673 0.374961 0.562453 0.781888 0.901813 0.629049 0.507396 0.341815 0.35426 0.44657 0.392339 0.341055 0.36795 0.26411 0.379196 0.394422 0.33124 0.316515 0.360707 0.304258 0.287875 0.326912 0.368117 0.321282 0.300261 0.300075 0.297213 0.29963 0.281478 0.26763 0.223763 0.227099 0.216432 0.229605
0.154317 0.13293 0.0994763 0.0675643 0 0 0.171808 0 0.0948148 0.0870701 0.073507 0.204509 0.188293 0.113882 0.102117 0.105511 0.107829 0.157785 0.161291 0.186216 0.206305 0.196709 0.221193 0.267233 0.344361 0.379676 0.39782 0.435501 0.392455 0.592825 1 0.460374 0.385339 0.411564 0.373825 0.349976 0.372083 0.373517 0.362151 0.344482 0.324235 0.309798 0.25299 0.224218 0.170099 0.143845 0.142688 0.167413 0.221442 0.300126 0.449683 0.796594 1 0.605696 0.461215 0.292257 0.38063 0.556418 0.406792 0.346674 0.358106 0.413078 0.39387 0.263371 0.166093 0.42284 0.381215 0.314021 0.279024 0.292328 0.326873 0.296346 0.290434 0.29472 0.303342 0.307692 0.29469 0.271971 0.247966 0.242328 0.254453 0.283331
0.0650448 0.0756792 0.0709784 0.0653012 0 0 0.013661 0 0.0687535 0.0626778 0.028674 0.120507 0.127507 0 0 0.0136224 0.0918625 0.113727 0.121661 0.145639 0.16297 0.175144 0.219684 0.305 0.355655 0.391095 0.415263 0.392302 0.415729 1 0.643643 0.468811 0.37808 0.368357 0.370189 0.35145 0.348549 0.355317 0.363606 0.355864 0.345475 0.338536 0.289847 0.217952 0.192589 0.145929 0.112583 0.124808 0.141581 0.218136 0.310738 0.567547 0.75417 0.586443 0.446816 0.341297 0.461499 0.6868 0.386589 0.332078 0.383918 0.438577 0.347251 0.307305 0.435986 0.435459 0.270226 0.352293 0.278662 0.242628 0.27104 0.254449 0.270794 0.285383 0.299052 0.298198 0.289426 0.254081 0.24247 0.254878 0.288845 0.317321
0.00249221 0.0273156 0.053931 0.0528511 0 0 0 0 0 0 0 0 0.0535026 0 0 0 0.0424345 0.0870319 0.0902574 0.10038 0.108289 0.13169 0.176475 0.282099 0.358664 0.377825 0.393879 0.397366 0.491495 1 0.661054 0.497079 0.37907 0.322707 0.324198 0.326881 0.315482 0.31858 0.327769 0.35376 0.341616 0.33544 0.306364 0.243674 0.198931 0.156128 0.115636 0.0892288 0.097679 0.157974 0.200114 0.288574 0.942683 0.613229 0.30783 0.348665 0.448646 0.645172 0.349631 0.281825 0.323906 0.336169 0.345034 0.402079 0.453071 0.315358 0.323188 0.211456 0.219473 0.238678 0.238108 0.225935 0.25309 0.271569 0.292093 0.295255 0.285632 0.256689 0.254267 0.290889 0.342153 0.359123
0 0.0275594 0.0334479 0.0281082 0 0 0 0 0 0 0 0 0 0 0 0 0.0203152 0.0195729 0.0541849 0.0643571 0.0713502 0.0902568 0.150497 0.195293 0.305804 0.338129 0.386198 0.442597 0.615721 1 0.749705 0.549588 0.383026 0.299867 0.264544 0.260011 0.264566 0.257191 0.265762 0.301362 0.326374 0.312797 0.288962 0.256395 0.202333 0.150416 0.122922 0.0866883 0.0968208 0.118973 0.10567 0.0413448 0.282136 0.382958 0.174146 0.275468 0.420787 0.542095 0.313788 0.235412 0.271605 0.26209 0.265695 0.345169 0.389719 0.377843 0.342846 0 0.225412 0.28602 0.275283 0.259615 0.266618 0.285282 0.3128 0.308241 0.298364 0.298325 0.313779 0.357439 0.403342 0.418386
0.0584518 0.0329911 0.0172072 0 0 0.0704009 0 0 0 0 0 0 0 0.0544088 0 0 0 0 0.0363357 0.0623935 0.0791135 0.131202 0.163029 0.176767 0.258098 0.316728 0.376491 0.445368 0.604547 1 0.803051 0.576071 0.365465 0.262066 0.214695 0.193174 0.184902 0.195699 0.175909 0.204554 0.244434 0.242791 0.222717 0.199425 0.189697 0.143109 0.112945 0.0777884 0.0779543 0.0744513 0.0278517 0 0 0 0.0556611 0.178508 0.335801 0.440991 0.286808 0.230975 0.244098 0.238181 0.254354 0.328718 0.364872 0.361254 0.352754 0.347709 0.283968 0.327571 0.33455 0.323587 0.313332 0.327756 0.328213 0.317722 0.320169 0.334045 0.364742 0.408882 0.449015 0.47443
0 0 0 0 0 0.0752225 0 0 0 0 0 0 0 0.0701964 0.0352277 0 0 0 0.0804314 0.128312 0.181848 0.248848 0.276076 0.315329 0.282761 0.242654 0.284702 0.323908 0.418294 1 0.593973 0.443488 0.338 0.240001 0.190311 0.171103 0.150314 0.131478 0.0936807 0.101944 0.0911823 0.0906643 0.102841 0.0959476 0.106839 0.0957088 0.0743168 0.0684752 0.0397884 0.0220333 0 0 0 0 0 0.0590338 0.297379 0.348553 0.300744 0.301539 0.28582 0.25271 0.287278 0.337178 0.351499 0.343424 0.34763 0.35234 0.322736 0.34363 0.36091 0.367031 0.362869 0.356415 0.33844 0.332502 0.333958 0.344645 0.386654 0.435637 0.475152 0.501186
0 0 0 0 0 0.0229881 0 0 0 0 0 0 0.104361 0.0904664 0.0524979 0.0375415 0.0461607 0.0844553 0.147646 0.208219 0.284353 0.328217 0.362007 0.36612 0.316941 0.243134 0.188878 0.248132 0.349756 1 0.625007 0.360518 0.301412 0.279073 0.224302 0.1577 0.13827 0.0932794 0.0406103 0 0 0 0 0 0 0 0.00308349 0 0 0 0 0 0 0 0 0 0.392363 0.364668 0.347731 0.380348 0.330205 0.278992 0.303417 0.327797 0.327074 0.323352 0.310581 0.308539 0.320657 0.334483 0.364351 0.390574 0.410832 0.372069 0.366911 0.344744 0.332196 0.351084 0.392693 0.436042 0.470128 0.496598
0 0 0 0 0 0 0.0143363 0 0 0 0 0 0.196144 0.138045 0.0875805 0.094629 0.135249 0.149571 0.200708 0.269146 0.334796 0.369042 0.391455 0.385639 0.360148 0.322793 0.217308 0.248674 0.358426 1 0.619231 0.433841 0.318897 0.28544 0.260408 0.18384 0.113207 0.074154 0.00536349 0 0 0 0 0 0 0 0 0 0 0 0 0 0 0 0 0.396024 0.477036 0.40362 0.437959 0.429038 0.335715 0.290144 0.288388 0.295107 0.29702 0.297963 0.280585 0.276825 0.295263 0.321879 0.355959 0.415189 0.444845 0.39688 0.392451 0.350949 0.338142 0.360289 0.385411 0.420698 0.458389 0.465521
0 0 0 0 0 0 0 0 0 0 0.16569 0.224626 0.243168 0.207384 0.190248 0.184817 0.209296 0.216384 0.254808 0.326121 0.380298 0.406331 0.415499 0.398029 0.364191 0.332618 0.291889 0.281032 0.381286 1 0.519228 0.422735 0.346154 0.257161 0.235149 0.220697 0.136678 0.0541202 0 0 0 0 0 0 0 0 0 0 0 0 0 0 0 0.593618 0 0.692137 0.434364 0.452478 0.578365 0.444117 0.312415 0.270193 0.260588 0.269689 0.285152 0.2777 0.265125 0.251507 0.275039 0.311703 0.360526 0.429313 0.41137 0.40547 0.373862 0.356575 0.355458 0.371564 0.389194 0.417212 0.441443 0.426128
0 0 0 0 0 0 0 0.0355502 0.109459 0.194095 0.253898 0.262504 0.264459 0.271073 0.261111 0.247498 0.226729 0.244663 0.298632 0.363695 0.400387 0.408372 0.404093 0.381765 0.350149 0.329159 0.327634 0.328453 0.479883 1 0.496226 0.413144 0.337581 0.248395 0.198347 0.184909 0.155624 0.0906348 0.074331 0 0 0 0 0 0 0 0 0 0 0 0 0 0 0.907867 0.722556 0.607245 0.454874 0.601547 0.633346 0.437366 0.259688 0.2259 0.247476 0.281666 0.290924 0.266956 0.23685 0.233033 0.262714 0.311138 0.355168 0.387148 0.377614 0.403435 0.38053 0.37693 0.378168 0.384699 0.39454 0.407351 0.416477 0.413227
0 0 0 0 0 0 0 0.0670508 0.154225 0.185933 0.204668 0.234688 0.270025 0.284375 0.275447 0.26841 0.242004 0.277377 0.330342 0.375611 0.390687 0.397506 0.371684 0.352183 0.357546 0.354068 0.35943 0.432065 0.622014 1 0.563461 0.397002 0.319608 0.257585 0.164345 0.126932 0.155917 0.157807 0.119009 0.0248471 0 0 0 0 0 0 0 0 0 0 0 0 0 0.197181 0.818804 0.639037 0.732066 0.764283 0.644221 0.399197 0.220296 0.204437 0.279928 0.312565 0.285626 0.249954 0.214862 0.227704 0.261603 0.303834 0.339226 0.377839 0.402736 0.396397 0.402624 0.377709 0.387049 0.385043 0.390789 0.397639 0.415188 0.427825
0 0 0 0 0 0 0 0.0558266 0.116562 0.162025 0.177641 0.205955 0.25056 0.270899 0.273719 0.271121 0.278972 0.312152 0.353699 0.382205 0.382057 0.373667 0.354281 0.365317 0.38953 0.395427 0.444799 0.536436 0.643121 1 0.729695 0.414052 0.26202 0.228069 0.15426 0.0957898 0.113775 0.15638 0.123642 0.0308897 0 0 0 0 0 0 0 0 0 0 0 0 0 0.0673156 0.528701 0.923646 0.786967 0.786035 0.611434 0.33751 0.246929 0.252712 0.320131 0.311402 0.264441 0.219607 0.212594 0.228316 0.261217 0.291575 0.338147 0.389384 0.39908 0.385338 0.368553 0.370398 0.385214 0.385846 0.392496 0.411812 0.44471 0.444829
0 0 0 0 0 0 0 0 0.0256676 0.0962004 0.143659 0.196491 0.233456 0.262412 0.26596 0.273564 0.305909 0.34034 0.377346 0.384327 0.381107 0.38352 0.398903 0.423545 0.430102 0.462953 0.524496 0.574442 0.648043 0.777862 1 0.648612 0.274641 0.168761 0.111487 0.060714 0.0257095 0.0578571 0.0471294 0.0069527 0 0 0 0 0 0 0 0 0 0 0 0 0 0.0631083 0.315345 0.66365 0.952729 0.730235 0.471044 0.291936 0.280825 0.319676 0.345311 0.30554 0.242065 0.193679 0.207662 0.229246 0.255082 0.284544 0.343545 0.382178 0.378968 0.372217 0.366203 0.38355 0.385346 0.389511 0.405919 0.439622 0.467662 0.446956
0 0 0 0 0 0 0 0 0 0 0.0980955 0.178707 0.224428 0.252927 0.268849 0.294082 0.332677 0.370306 0.390778 0.405888 0.424215 0.443904 0.461105 0.472191 0.476569 0.514583 0.551671 0.576752 0.61958 0.683008 0.768192 1 0.484752 0.226359 0.0869925 0.0283008 0 0 0 0 0 0 0 0 0 0 0 0 0 0 0 0 0 0.0353987 0.191212 0.408718 0.768519 0.617453 0.36973 0.271761 0.293306 0.361668 0.358908 0.293224 0.234401 0.197452 0.199098 0.213259 0.232528 0.278443 0.336599 0.357841 0.367247 0.378206 0.390864 0.39404 0.395294 0.405329 0.420229 0.444566 0.452848 0.440933
0 0 0 0 0 0 0 0 0 0 0.0120679 0.14431 0.217351 0.258832 0.295626 0.334227 0.366284 0.389544 0.405427 0.438447 0.467954 0.478524 0.493063 0.485711 0.504723 0.526668 0.548117 0.566264 0.581954 0.602797 0.65591 0.810245 1 0.393444 0.220319 0.0515187 0 0 0 0 0 0.0118595 0.0471609 0.0601195 0.0496228 0.0120115 0 0 0 0 0 0 0 0.00991297 0.101815 0.223818 0.46934 0.474411 0.309109 0.269373 0.308882 0.367465 0.326146 0.255359 0.228835 0.214298 0.192619 0.184226 0.201862 0.254505 0.318025 0.340248 0.365245 0.383533 0.390619 0.402335 0.402031 0.41032 0.414895 0.427986 0.429798 0.440654
0 0 0 0 0 0 0 0 0 0 0 0.109752 0.231198 0.299466 0.336769 0.376447 0.391835 0.406317 0.429129 0.458325 0.474833 0.484397 0.476295 0.480599 0.498458 0.506741 0.535034 0.533846 0.518793 0.527712 0.600103 0.746781 1 0.631082 0.393886 0.162752 0 0 0 0 0.0764003 0.0696897 0.0896799 0.0836196 0.0618783 0 0 0 0 0 0 0 0 0 0 0.0209967 0.0753488 0.291245 0.26114 0.281671 0.326075 0.340822 0.264261 0.215273 0.208411 0.219002 0.18776 0.166921 0.176225 0.229775 0.301574 0.337886 0.3693 0.383395 0.391978 0.398115 0.404985 0.404282 0.405436 0.415204 0.421163 0.442023
0 0 0 0 0 0 0 0 0 0 0 0.154607 0.275884 0.334565 0.363551 0.386558 0.403545 0.413871 0.431299 0.456554 0.473153 0.464723 0.46604 0.496743 0.488803 0.506456 0.504454 0.460791 0.461702 0.505664 0.569235 0.667114 0.881882 1 0.53076 0.291758 0.0628798 0 0 0 0.0566466 0.082624 0.0678208 0.0673005 0.0211792 0 0 0 0 0 0 0 0 0 0 0 0 0 0.265035 0.310283 0.348602 0.312987 0.226077 0.193637 0.203165 0.212141 0.183978 0.163368 0.177603 0.246743 0.286871 0.332933 0.357891 0.373853 0.387269 0.396828 0.404704 0.395869 0.398856 0.413505 0.423814 0.432791
0 0 0 0 0 0 0 0 0 0 0.0936015 0.239007 0.304157 0.329883 0.363188 0.379027 0.393998 0.395968 0.419861 0.453531 0.456851 0.46295 0.500468 0.503353 0.493591 0.487405 0.444699 0.41412 0.454182 0.493097 0.536674 0.629005 0.751478 1 0.669336 0.390274 0.141668 0 0 0 0 0.00150283 0 0.0110568 0 0 0 0 0 0 0 0 0 0 0 0 0 0 0.304957 0.336836 0.346394 0.291767 0.237192 0.208874 0.213822 0.201071 0.19963 0.20361 0.235777 0.284162 0.293511 0.303134 0.317736 0.337724 0.362729 0.387123 0.386177 0.393856 0.410197 0.421769 0.421477 0.408934
0 0 0 0 0 0 0 0 0 0 0.162324 0.257046 0.294969 0.304907 0.348148 0.367991 0.367509 0.379414 0.409737 0.436646 0.443628 0.477031 0.500605 0.490188 0.478401 0.440935 0.397762 0.398951 0.437644 0.467767 0.510752 0.571192 0.632864 0.773538 1 0.507681 0.214892 0 0 0 0 0 0 0 0 0 0 0 0 0 0 0 0 0 0 0 0 0 0.473027 0.358502 0.336874 0.294061 0.264831 0.256905 0.256965 0.242593 0.256556 0.280103 0.316157 0.329693 0.317838 0.291522 0.3083 0.321218 0.350573 0.370986 0.383146 0.399418 0.411628 0.40936 0.398457 0.389544
0 0 0 0 0 0 0 0 0 0.0834705 0.179108 0.236705 0.249513 0.278587 0.323472 0.34303 0.350382 0.368384 0.403834 0.418319 0.444823 0.476886 0.484005 0.478957 0.441084 0.400128 0.363549 0.386754 0.404439 0.432912 0.461166 0.488318 0.527165 0.637109 0.805218 1 0.255765 0 0 0 0 0 0 0 0 0 0 0 0 0 0 0 0 0 0 0 0.134553 0.485767 0.716416 0.447173 0.37918 0.303215 0.283055 0.305118 0.320482 0.319216 0.324922 0.348056 0.367378 0.363064 0.343072 0.334671 0.330005 0.336425 0.353341 0.371311 0.388684 0.38516 0.388543 0.383377 0.373713 0.364048
0 0 0 0 0 0 0 0 0 0.115355 0.174681 0.178446 0.194144 0.260931 0.276669 0.288227 0.327079 0.355502 0.387305 0.411966 0.443666 0.466124 0.467627 0.440369 0.401908 0.365318 0.339965 0.350454 0.359576 0.384965 0.374225 0.375693 0.401319 0.484779 0.538739 1 0.261173 0 0 0 0 0 0 0 0 0 0 0 0 0 0 0 0 0 0 0.107467 0.253221 0.525752 0.841377 0.557614 0.413865 0.308453 0.295904 0.326924 0.356881 0.365961 0.370328 0.375571 0.380569 0.371575 0.357609 0.347909 0.330335 0.338766 0.348336 0.364635 0.373467 0.370708 0.364473 0.354261 0.338889 0.316412
