wasim_mod/input/grids/GRD/fundus_25.sd3
ncols	193
nrows	326
xllcorner	39436.98047
yllcorner	214976.5781
cellsize	25.0198
nodata_value	-9999
[rows 0 to 31 of 326, columns 72 to 143 of 193]
0.303662 0.286721 0.251191 0.221019 0.195327 0.168445 0.146906 0.163535 0.221032 0.286567 0.328321 0.345879 0.348482 0.357343 0.36458 0.372598 0.384632 0.401204 0.416008 0.420544 0.421957 0.424669 0.424002 0.405915 0.369916 0.330257 0.308219 0.304824 0.313064 0.328448 0.353602 0.380418 0.399457 0.406171 0.39977 0.379184 0.343904 0.312796 0.301731 0.31091 0.323482 0.332876 0.341426 0.346449 0.340593 0.326495 0.312164 0.30405 0.310143 0.334657 0.371554 0.398476 0.408566 0.409885 0.415832 0.430732 0.452377 0.471846 0.483875 0.482117 0.465822 0.437347 0.401347 0.363188 0.320544 0.275428 0.236726 0.209311 0.188333 0.165026 0.147292 0.156981
0.324044 0.291731 0.223251 0.197859 0.210448 0.149316 0.113287 0.155017 0.231921 0.319058 0.364036 0.341599 0.349184 0.357195 0.374285 0.369384 0.382062 0.413962 0.423664 0.425081 0.417402 0.424787 0.434485 0.411989 0.35155 0.306494 0.290536 0.30505 0.315273 0.326895 0.357793 0.399463 0.409708 0.408027 0.407467 0.377144 0.330648 0.285168 0.289775 0.31862 0.332806 0.331384 0.343706 0.357488 0.343082 0.314772 0.306916 0.300221 0.296802 0.338759 0.389971 0.420388 0.411419 0.403885 0.415645 0.433755 0.457395 0.487271 0.49021 0.486157 0.468204 0.426445 0.387765 0.352054 0.30891 0.253179 0.213469 0.201934 0.183836 0.156781 0.129072 0.137507
0.451493 0.501769 0.421634 0.349581 0.36189 0.335185 0.284266 0.308886 0.387958 0.427107 0.458785 0.478831 0.489238 0.512336 0.51865 0.533543 0.513927 0.511242 0.527899 0.528644 0.524719 0.52263 0.50734 0.487817 0.438664 0.384096 0.347023 0.35014 0.374276 0.390765 0.409965 0.39895 0.444064 0.446659 0.4385 0.427786 0.403835 0.38635 0.382463 0.397312 0.419068 0.42436 0.417144 0.419013 0.410877 0.385745 0.359472 0.353993 0.343117 0.346094 0.373968 0.408903 0.445387 0.459663 0.459203 0.462513 0.491796 0.542401 0.552394 0.541533 0.532739 0.509389 0.471954 0.445265 0.414169 0.336269 0.311699 0.302968 0.244054 0.201351 0.197249 0.222057
1 1 1 1 1 1 0.674878 0.648917 0.643264 0.703964 1 0.739336 1 1 1 1 1 0.751926 0.72066 0.733004 0.725133 0.707827 0.661099 0.625079 0.598457 0.549008 0.460497 0.37858 0.395074 0.480424 0.62485 0.513245 0.482722 0.515326 0.523379 0.556099 0.561872 0.547978 0.583994 0.616252 0.623537 0.622802 0.579613 0.5419 0.518143 0.493459 0.463 0.429118 0.411457 0.404584 0.419945 0.459002 0.511627 0.53283 0.534257 0.533601 0.563188 0.615456 0.647496 0.66114 0.687863 0.704399 0.696013 0.645644 0.602239 0.54086 0.467846 0.433228 0.389187 0.336884 0.322745 0.324886
0.23208 0.261381 0.308177 0.375094 0.401157 0.432905 1 1 1 1 0.603079 1 0.610989 0.632421 0.655973 0.704547 0.786554 1 1 1 1 1 1 1 1 0.837299 0.755063 0.555965 0.364984 0.398319 0.649623 0.716381 0.603838 0.677421 1 1 1 1 1 1 1 1 1 1 0.735837 0.677616 0.637649 0.599929 0.573213 0.552345 0.557943 0.631411 0.680976 0.710979 0.68263 0.679008 0.7181 0.771246 1 1 1 1 1 1 1 1 0.740798 0.674469 0.612021 0.54452 0.507028 0.489298
0.110899 0.154064 0.213982 0.264858 0.261504 0.29736 0.30217 0.304819 0.333497 0.334926 0.331951 0.359464 0.375272 0.394344 0.452203 0.520427 0.567419 0.60131 0.63331 0.650726 0.673367 0.677438 0.639087 0.634879 0.666353 1 1 1 1 0.432322 0.511606 0.817667 1 1 0.66133 0.605056 0.528814 0.503321 0.553536 0.612294 0.660474 0.726454 0.757273 0.798497 1 1 1 1 1 1 1 1 1 1 1 1 1 1 0.799925 0.735868 0.716066 0.709871 0.712672 0.728239 0.776434 0.868652 1 1 1 1 0.753129 0.707336
0.064552 0.113732 0.174887 0.226641 0.235276 0.251785 0.242596 0.214771 0.213776 0.233768 0.256106 0.270424 0.285196 0.329234 0.37024 0.41809 0.469112 0.50578 0.513958 0.518663 0.529045 0.513124 0.498934 0.497302 0.505979 0.531713 0.570958 0.606695 0.633675 1 1 1 0.514526 0.427582 0.367506 0.329884 0.309833 0.338686 0.384964 0.441217 0.496257 0.555425 0.601646 0.633357 0.670799 0.685713 0.678054 0.650321 0.602992 0.540037 0.52612 0.609222 0.677809 0.705241 0.67072 0.65622 0.684263 0.667546 0.624959 0.587486 0.583644 0.584834 0.595908 0.638569 0.691547 0.74452 0.765084 0.795023 0.847129 0.849211 1 1
0.033227 0.0921448 0.159621 0.211064 0.230851 0.231301 0.205409 0.182606 0.172615 0.165858 0.197627 0.240978 0.271079 0.299394 0.33669 0.387349 0.427316 0.43647 0.433061 0.43644 0.434257 0.42749 0.434526 0.432215 0.445724 0.466278 0.492942 0.517119 0.532137 0.521848 0.486168 0.416057 0.312942 0.23359 0.216728 0.215517 0.218077 0.238742 0.300669 0.372141 0.439393 0.493676 0.532814 0.567783 0.583028 0.57505 0.543192 0.495697 0.442707 0.395048 0.401544 0.47908 0.534988 0.545716 0.536735 0.536328 0.554636 0.541394 0.529943 0.522953 0.521513 0.534373 0.561331 0.603222 0.65582 0.676786 0.674213 0.69207 0.697642 0.685599 0.682246 0.678607
0.0312386 0.0830931 0.14714 0.206156 0.242585 0.225385 0.189535 0.173534 0.153231 0.12549 0.1732 0.256323 0.289915 0.315118 0.352019 0.383129 0.382445 0.369627 0.380636 0.399683 0.396163 0.388878 0.386277 0.387873 0.409742 0.429937 0.453681 0.47483 0.485308 0.468036 0.416231 0.330992 0.222703 0.130325 0.116767 0.135644 0.148007 0.18654 0.275252 0.353948 0.419981 0.469744 0.505396 0.530782 0.533168 0.513371 0.464701 0.418928 0.377143 0.347046 0.376808 0.427611 0.460042 0.466416 0.462857 0.474181 0.479333 0.473288 0.476323 0.463636 0.461771 0.495044 0.534332 0.566914 0.617504 0.62445 0.630223 0.632255 0.602145 0.574428 0.546904 0.543003
0.0485208 0.102392 0.14386 0.222026 0.269028 0.23748 0.20244 0.176707 0.138352 0.122578 0.196904 0.288589 0.334134 0.367041 0.383982 0.378812 0.326435 0.305664 0.355238 0.395265 0.390895 0.370249 0.359181 0.369609 0.386958 0.411034 0.438079 0.46097 0.468544 0.442587 0.366043 0.26681 0.167814 0.0960232 0.0791347 0.107744 0.135034 0.191469 0.289992 0.369531 0.427614 0.470102 0.49705 0.509148 0.496456 0.4578 0.415863 0.393122 0.372811 0.355638 0.357311 0.378705 0.398282 0.408438 0.414497 0.431743 0.434406 0.434997 0.429165 0.416433 0.436578 0.480286 0.51369 0.547062 0.58058 0.595343 0.607857 0.585776 0.530349 0.466894 0.444263 0.44789
0.0461634 0.113451 0.169132 0.259958 0.30998 0.273532 0.229956 0.217529 0.167341 0.137819 0.221823 0.329517 0.390181 0.392424 0.375095 0.329938 0.250994 0.251348 0.340035 0.394338 0.393156 0.375125 0.365517 0.364204 0.372391 0.401355 0.432349 0.453786 0.459504 0.421313 0.328303 0.221391 0.143626 0.101977 0.0896887 0.123615 0.175498 0.238653 0.327396 0.4019 0.447327 0.475849 0.489015 0.485268 0.454459 0.421758 0.40867 0.406356 0.39126 0.358239 0.330766 0.340879 0.355707 0.363032 0.38016 0.409178 0.411263 0.407785 0.40788 0.415912 0.443812 0.483019 0.509194 0.546147 0.567693 0.585238 0.587948 0.53438 0.441783 0.355964 0.330915 0.352528
0.0492792 0.129644 0.232599 0.340442 0.367273 0.321475 0.302409 0.259051 0.191179 0.179361 0.207024 0.312984 0.366904 0.336977 0.290998 0.24413 0.22702 0.246813 0.30788 0.37306 0.40583 0.40338 0.384304 0.353316 0.352439 0.407956 0.451613 0.470451 0.466719 0.413064 0.318206 0.221388 0.14647 0.109527 0.114809 0.164357 0.232832 0.303736 0.384383 0.435203 0.462599 0.470463 0.470337 0.439326 0.407087 0.404451 0.425152 0.42331 0.389648 0.3417 0.31735 0.310727 0.318308 0.329724 0.366371 0.404248 0.40936 0.419838 0.437911 0.453147 0.473588 0.50138 0.526616 0.55387 0.572001 0.576973 0.556053 0.480277 0.350706 0.257218 0.217436 0.25559
0.060134 0.172151 0.330645 0.432054 0.390777 0.317782 0.305879 0.253315 0.1817 0.142342 0.159501 0.238766 0.253381 0.221679 0.218812 0.231785 0.238345 0.239975 0.289843 0.369802 0.417121 0.414582 0.385704 0.335588 0.356388 0.427943 0.474336 0.486059 0.45527 0.388378 0.311037 0.23662 0.151436 0.118898 0.162284 0.218093 0.27944 0.357475 0.414295 0.446589 0.454585 0.447945 0.429743 0.38183 0.361792 0.405645 0.449913 0.434955 0.378747 0.337249 0.305242 0.278556 0.282989 0.320834 0.388338 0.425457 0.451631 0.482 0.499789 0.5069 0.519355 0.53545 0.554363 0.567233 0.570039 0.568727 0.526096 0.428987 0.272201 0.157812 0.111033 0.160531
0.0620824 0.216863 0.387509 0.424736 0.327546 0.258812 0.255021 0.200225 0.119585 0.0864185 0.124706 0.154295 0.0999034 0.0927345 0.182863 0.25099 0.253904 0.260218 0.314291 0.380144 0.410035 0.406072 0.373932 0.328067 0.350916 0.418179 0.457947 0.449879 0.404958 0.348474 0.308134 0.26158 0.176736 0.122359 0.169229 0.237587 0.305639 0.372993 0.41645 0.432913 0.421849 0.421098 0.384177 0.332939 0.353485 0.435637 0.476477 0.443536 0.37018 0.316665 0.291194 0.289535 0.301985 0.360844 0.432458 0.482994 0.536032 0.559388 0.575086 0.576739 0.572816 0.570033 0.573997 0.572674 0.57617 0.566372 0.505213 0.399838 0.249063 0.0807037 0.0312387 0.0954888
0.076568 0.240839 0.359791 0.339537 0.252372 0.222501 0.218026 0.126486 0.0379408 0.0449789 0.0959702 0.0915976 0 0.00175112 0.173207 0.27051 0.284185 0.316725 0.358573 0.388918 0.398121 0.401558 0.369322 0.326491 0.335209 0.384301 0.41134 0.40044 0.356155 0.322875 0.30929 0.271728 0.185841 0.124577 0.170478 0.245588 0.316138 0.366164 0.39414 0.400367 0.407479 0.411096 0.353034 0.310058 0.37551 0.468124 0.482109 0.428033 0.366167 0.331453 0.320683 0.325463 0.363812 0.43571 0.498932 0.571488 0.623245 0.641122 0.645396 0.630817 0.601497 0.58704 0.57687 0.579223 0.579704 0.56021 0.497862 0.39399 0.251638 0 0 0.051628
0.143339 0.219585 0.252853 0.250104 0.21706 0.234362 0.211984 0 0 0.0145598 0.0693852 0.0512337 0 0.0218124 0.190287 0.289874 0.339662 0.376583 0.385341 0.38257 0.393536 0.402212 0.362669 0.320736 0.308705 0.33293 0.378223 0.374247 0.330883 0.313927 0.310944 0.269294 0.181562 0.140277 0.185767 0.258518 0.315716 0.341537 0.361323 0.384948 0.414214 0.411231 0.349189 0.321564 0.401767 0.469662 0.459851 0.424861 0.390171 0.373953 0.37415 0.384813 0.442291 0.507077 0.575646 0.650646 0.67857 0.682998 0.666337 0.639165 0.608435 0.581265 0.570864 0.576072 0.575851 0.556747 0.505747 0.424858 0.277478 0.12192 0 0.0193512
0.15373 0.172893 0.16512 0.182351 0.184183 0.205265 0.164465 0 0 0 0.0471612 0.0400081 0.0311472 0.114697 0.231634 0.327006 0.375153 0.381797 0.390404 0.40355 0.406835 0.382112 0.346273 0.322974 0.298619 0.324215 0.371917 0.363884 0.329768 0.322818 0.329264 0.272838 0.190837 0.175892 0.216196 0.27733 0.306555 0.30591 0.341273 0.39259 0.424847 0.414768 0.377253 0.368384 0.420565 0.445118 0.448412 0.45941 0.447335 0.440065 0.441214 0.461209 0.520145 0.573149 0.635175 0.675166 0.681495 0.670555 0.646044 0.616283 0.585407 0.560485 0.57012 0.574399 0.58094 0.566788 0.54663 0.492246 0.325626 0.114363 0 0.0376898
0.123298 0.124203 0.132295 0.155112 0.144224 0.144262 0.114701 0 0 0 0.0603667 0.0711237 0.109163 0.203059 0.290072 0.366857 0.396055 0.4023 0.429219 0.434451 0.409492 0.371869 0.343405 0.322177 0.328344 0.348985 0.359392 0.359652 0.355545 0.364796 0.339625 0.274075 0.225979 0.222367 0.242965 0.277081 0.294004 0.311681 0.349844 0.390865 0.414909 0.424518 0.41763 0.416758 0.444145 0.45364 0.499692 0.5453 0.547823 0.537987 0.515588 0.541017 0.580675 0.625229 0.663047 0.668399 0.665988 0.643821 0.618625 0.590616 0.558555 0.543653 0.554166 0.568107 0.587628 0.601793 0.596281 0.54094 0.348389 0 0.0160566 0.068126
0.11178 0.106833 0.126453 0.144012 0.123029 0.104957 0.0910039 0 0 0.0445364 0.128707 0.140634 0.195692 0.302257 0.383117 0.436319 0.444182 0.457106 0.476372 0.453436 0.411834 0.372232 0.340337 0.333918 0.353141 0.352767 0.362552 0.370814 0.381684 0.383139 0.349176 0.300452 0.273855 0.273681 0.273853 0.284319 0.301955 0.317257 0.345887 0.372285 0.398912 0.430947 0.443588 0.459144 0.481307 0.513494 0.611963 0.664048 0.649518 0.611417 0.584391 0.606895 0.641934 0.668787 0.673644 0.674032 0.655883 0.622751 0.596684 0.567881 0.537214 0.530608 0.540046 0.566508 0.600139 0.620193 0.601045 0.542102 0.340997 0 0 0.0561381
0.126197 0.123591 0.133333 0.147027 0.134993 0.121717 0.106948 0 0 0.106729 0.232334 0.250848 0.302485 0.404138 0.484514 0.513006 0.510485 0.521415 0.504799 0.462614 0.416448 0.377918 0.357598 0.368163 0.364532 0.359849 0.373991 0.383505 0.397261 0.397489 0.376532 0.346997 0.331607 0.332577 0.311755 0.294866 0.302683 0.309355 0.331273 0.353168 0.386973 0.429669 0.461518 0.489334 0.512179 0.570749 0.684965 0.736594 0.705821 0.666762 0.650526 0.667903 0.695104 0.696621 0.6951 0.677978 0.639696 0.607695 0.580288 0.552023 0.529598 0.526301 0.526698 0.557579 0.58891 0.598174 0.59127 0.510048 0.267593 0 0.00477668 0.046404
0.147874 0.155776 0.18815 0.203521 0.167896 0.14942 0.110646 0.0418312 0.0477998 0.184834 0.318327 0.369108 0.412629 0.49406 0.556603 0.556366 0.553847 0.535495 0.501148 0.463254 0.433045 0.396174 0.395383 0.398777 0.380573 0.384261 0.393899 0.405473 0.419065 0.425499 0.417342 0.393765 0.390084 0.385927 0.339822 0.294826 0.280881 0.289297 0.323879 0.353345 0.38958 0.443918 0.489094 0.522865 0.548855 0.608096 0.693332 0.739785 0.72481 0.699937 0.691815 0.709734 0.716646 0.732062 0.7202 0.672934 0.636406 0.611514 0.583334 0.556447 0.536056 0.523232 0.526409 0.556588 0.580981 0.59333 0.573177 0.43484 0 0.00547932 0.069414 0.0865371
0.179436 0.17979 0.219763 0.232458 0.194946 0.178406 0.14455 0.100162 0.153248 0.307537 0.413065 0.43942 0.476453 0.538491 0.560693 0.550184 0.530689 0.51016 0.498262 0.486429 0.457353 0.42576 0.433371 0.431594 0.432073 0.42971 0.430116 0.438058 0.442304 0.458577 0.449487 0.43227 0.436532 0.415042 0.360229 0.28973 0.245878 0.279723 0.348028 0.378495 0.412672 0.465555 0.524241 0.563884 0.594201 0.631805 0.668178 0.688205 0.69795 0.689286 0.69873 0.721161 0.744878 0.761767 0.732357 0.686096 0.660794 0.639235 0.614891 0.584317 0.567787 0.554938 0.559385 0.573012 0.598386 0.603142 0.548507 0.361105 0 0 0.0810978 0.119413
0.183209 0.22384 0.251192 0.239701 0.244888 0.249758 0.213005 0.185634 0.251303 0.403259 0.470557 0.489001 0.499535 0.530334 0.538599 0.526785 0.51277 0.518613 0.5147 0.499668 0.466378 0.466233 0.475631 0.477714 0.473844 0.460961 0.450429 0.4433 0.461072 0.488524 0.467252 0.454645 0.454627 0.439653 0.379774 0.286099 0.220119 0.280394 0.379489 0.434852 0.444009 0.484777 0.562344 0.602248 0.622824 0.620685 0.612281 0.614936 0.634608 0.641257 0.64758 0.672814 0.715357 0.734101 0.724076 0.706448 0.703575 0.682159 0.648434 0.62887 0.624653 0.61543 0.605652 0.610567 0.629291 0.607682 0.515166 0.282018 0 0 0.0725165 0.161568
0.165961 0.24136 0.263342 0.267644 0.287213 0.296713 0.295091 0.293441 0.352323 0.459325 0.499149 0.497874 0.483646 0.511646 0.519577 0.519142 0.517476 0.514453 0.500317 0.488952 0.480176 0.480084 0.486657 0.498073 0.494011 0.461414 0.438046 0.44091 0.473736 0.482332 0.452211 0.44731 0.458904 0.434158 0.356839 0.268019 0.240987 0.322124 0.413957 0.448768 0.438602 0.502815 0.5822 0.619795 0.620841 0.590137 0.574746 0.592057 0.608419 0.586447 0.577238 0.602553 0.643144 0.680761 0.683271 0.699616 0.721818 0.703702 0.68044 0.687317 0.686762 0.6634 0.662903 0.665433 0.65489 0.601399 0.474606 0 0 0 0.072388 0.211102
0.124772 0.223622 0.263534 0.294383 0.311883 0.33134 0.344897 0.347872 0.401795 0.458255 0.491895 0.455455 0.452672 0.485254 0.511618 0.511234 0.493645 0.475791 0.469967 0.472087 0.468781 0.473631 0.493773 0.510511 0.495291 0.450517 0.41802 0.420145 0.444504 0.437281 0.418883 0.427797 0.434373 0.396428 0.328884 0.268456 0.278571 0.337089 0.399201 0.437825 0.452228 0.504244 0.583818 0.629018 0.607417 0.579461 0.594953 0.615813 0.595995 0.556034 0.550894 0.572762 0.609992 0.638032 0.643164 0.686046 0.702842 0.707152 0.730514 0.722635 0.711544 0.698785 0.706901 0.710893 0.682637 0.608502 0.418435 0 0 0 0.119216 0.280749
0.0842878 0.208287 0.241932 0.27724 0.329337 0.346383 0.328835 0.35449 0.409834 0.451354 0.450494 0.418654 0.44789 0.494722 0.512547 0.48302 0.448832 0.437357 0.445883 0.450772 0.453827 0.473337 0.490432 0.5 0.475305 0.419582 0.37343 0.372952 0.38824 0.388712 0.387861 0.400381 0.394203 0.362551 0.313558 0.278576 0.299826 0.346075 0.399542 0.444304 0.455858 0.496111 0.582653 0.615237 0.590164 0.590579 0.632268 0.629763 0.585475 0.564363 0.560376 0.571997 0.600626 0.614785 0.638616 0.669506 0.675782 0.704257 0.73119 0.719872 0.713423 0.735585 0.736915 0.758004 0.722471 0.625708 0.375823 0 0 0 0.149768 0.363448
0.0223659 0.167445 0.235969 0.283956 0.313105 0.307445 0.331374 0.376812 0.406087 0.432512 0.42297 0.421659 0.446859 0.474648 0.46367 0.437715 0.392052 0.394254 0.417702 0.438424 0.454751 0.470171 0.475649 0.468122 0.428793 0.354719 0.306815 0.316614 0.335133 0.340135 0.351431 0.367983 0.366402 0.342972 0.312983 0.292418 0.314931 0.359457 0.40716 0.442837 0.456721 0.503459 0.579441 0.598614 0.596283 0.614479 0.644176 0.62592 0.5933 0.588782 0.579236 0.580405 0.601381 0.613221 0.638365 0.641924 0.659499 0.680151 0.685014 0.702047 0.721449 0.752801 0.776941 0.783026 0.740545 0.628432 0.361787 0 0 0 0.119767 0.411821
0.00286321 0.176498 0.234187 0.265169 0.269842 0.277471 0.324099 0.368914 0.395059 0.40475 0.398316 0.408506 0.419516 0.407301 0.402354 0.355486 0.32811 0.375886 0.423895 0.44848 0.454951 0.456571 0.446487 0.421811 0.373603 0.308154 0.269423 0.267214 0.280505 0.292669 0.324799 0.353326 0.351776 0.344133 0.332059 0.303592 0.326775 0.378506 0.423473 0.468882 0.497963 0.53629 0.588127 0.6154 0.63978 0.661442 0.651808 0.630986 0.621188 0.611227 0.600279 0.597774 0.603671 0.616889 0.625369 0.628404 0.645728 0.655213 0.656116 0.68807 0.72856 0.750846 0.775197 0.765972 0.731015 0.64059 0.400865 0 0 0 0.0294588 0.408029
0 0.150906 0.219717 0.21603 0.222729 0.266241 0.319929 0.352332 0.371158 0.375204 0.379168 0.394007 0.385254 0.348877 0.341307 0.325413 0.354305 0.407513 0.443028 0.442995 0.446371 0.44072 0.413651 0.376678 0.32977 0.282388 0.258264 0.240144 0.232652 0.283106 0.337943 0.353026 0.344691 0.346002 0.339728 0.31966 0.360697 0.430409 0.484305 0.536062 0.563857 0.595297 0.650209 0.692256 0.735568 0.754789 0.694968 0.672633 0.663873 0.641408 0.616772 0.607538 0.599018 0.609627 0.628446 0.642183 0.647329 0.656477 0.668328 0.691788 0.723038 0.748896 0.771905 0.769204 0.743272 0.641717 0.452897 0 0 0 0 0.373829
0 0.107767 0.191097 0.185486 0.220771 0.271582 0.306792 0.320293 0.331636 0.350643 0.366305 0.370293 0.356399 0.336113 0.349305 0.363147 0.392734 0.423516 0.434922 0.427935 0.421626 0.404407 0.384529 0.355693 0.31631 0.280703 0.248272 0.219105 0.242083 0.314737 0.346548 0.354226 0.345582 0.351022 0.360155 0.370893 0.432 0.512306 0.575001 0.619048 0.66386 0.710997 0.77399 0.811226 0.840522 0.844206 0.784653 0.741722 0.700676 0.660941 0.624039 0.608139 0.594313 0.61979 0.656936 0.679644 0.68612 0.689782 0.709539 0.724754 0.753841 0.780577 0.800512 0.784606 0.736042 0.649999 0.506878 0 0 0 0 0.254114
0 0.0682733 0.151457 0.201313 0.247272 0.254757 0.265207 0.285102 0.299309 0.339259 0.35645 0.356137 0.354524 0.370566 0.394263 0.385661 0.382643 0.387369 0.393519 0.390603 0.374098 0.370345 0.384615 0.358897 0.321964 0.280501 0.239924 0.22098 0.288513 0.354506 0.364846 0.370739 0.372075 0.382954 0.410082 0.45112 0.533216 0.621894 0.681863 0.745248 0.816259 0.87067 0.901186 0.926212 0.899589 0.866599 0.859396 0.785864 0.709724 0.671122 0.640154 0.614574 0.606437 0.645346 0.686539 0.720369 0.740226 0.749041 0.769418 0.79146 0.817432 0.825231 0.82256 0.793937 0.73097 0.649726 0.457782 0 0 0 0 0.00973343
0 0.0424201 0.145367 0.206199 0.23754 0.232001 0.225983 0.258311 0.2921 0.327392 0.350801 0.364376 0.376573 0.403408 0.387064 0.349834 0.327688 0.332873 0.355045 0.360871 0.351489 0.382653 0.399124 0.367537 0.328437 0.28205 0.254125 0.258202 0.337442 0.381068 0.387719 0.393517 0.408543 0.439319 0.492958 0.565731 0.676927 0.766791 0.845044 0.911765 0.948184 0.985918 0.995338 0.985327 0.91706 0.86557 0.855798 0.784535 0.718683 0.686544 0.660153 0.63047 0.631925 0.679854 0.721068 0.750414 0.792188 0.835022 0.843365 0.853634 0.866174 0.8648 0.844812 0.814108 0.729196 0.58521 0.384616 0 0 0 0 0
