wasim_mod/input/grids/GRD/fundus_25.eor
ncols	193
nrows	326
xllcorner	39436.98047
yllcorner	214976.5781
cellsize	25.0198
nodata_value	-9999
[rows 0 to 45 of 326, columns 0 to 95 of 193]
269 269 270 270 270 269 269 270 268 268 271 271 271 268 268 271 270 269 270 267 269 271 267 272 267 272 268 272 271 268 267 272 272 270 269 271 267 266 266 270 268 266 269 273 272 272 273 151 267 151 273 273 152 151 271 152 150 266 266 150 152 270 267 268 273 150 271 269 151 151 273 152 265 153 149 153 272 265 152 150 149 273 150 268 272 149 153 274 153 265 266 265 274 274 270 266
263 273 211 263 155 211 153 274 210 264 209 155 155 263 146 211 210 160 275 160 146 149 173 265 147 172 265 174 266 176 146 208 268 175 268 176 160 273 177 159 175 154 159 209 177 146 155 208 264 161 276 174 275 173 160 171 172 263 274 149 152 211 161 262 208 276 153 276 161 262 159 155 148 173 172 263 146 275 152 174 276 171 171 212 145 274 151 175 211 212 161 151 212 176 155 145
302 207 263 264 305 148 305 169 171 161 302 160 308 156 274 262 304 213 303 153 144 206 213 159 169 156 145 304 276 154 171 172 158 266 156 209 143 152 306 277 305 277 262 173 306 162 260 162 309 212 304 170 260 170 309 211 148 205 160 206 261 143 143 156 261 174 177 307 213 179 205 277 301 144 275 204 277 277 175 307 303 277 206 178 204 277 276 260 179 303 155 155 268 204 176 162
179 278 278 163 153 265 178 263 285 159 203 263 172 154 284 168 262 168 151 147 144 207 262 171 156 278 153 264 301 283 161 286 306 259 266 161 312 285 311 156 261 311 310 274 267 310 284 214 275 170 158 155 260 163 261 164 278 208 285 206 265 214 177 155 163 312 283 312 282 276 160 167 142 205 212 277 309 284 286 211 161 305 203 202 167 149 303 259 163 162 167 278 213 286 279 270
313 156 163 202 313 157 163 303 164 161 305 141 308 259 169 165 258 165 302 167 157 258 165 163 269 264 202 283 287 259 280 180 150 147 166 155 179 281 278 171 304 312 151 285 266 205 284 210 165 262 166 166 300 162 282 283 311 165 176 204 148 157 310 201 166 279 201 146 282 164 145 162 286 214 280 157 145 141 201 261 159 288 157 160 144 166 326 281 155 154 273 260 163 302 274 277
163 157 311 273 279 261 167 173 165 163 300 162 260 309 164 276 203 202 270 155 163 306 202 282 167 141 161 257 153 164 164 173 161 160 302 164 281 324 152 263 263 279 257 158 157 140 162 204 212 302 142 279 258 265 159 288 279 288 161 260 324 301 200 163 313 215 279 200 214 301 323 200 277 314 201 166 205 164 215 271 206 162 209 163 303 208 303 261 164 205 163 302 308 164 140 166
163 158 285 176 211 282 162 154 207 258 312 284 277 286 283 303 257 288 302 315 157 157 305 160 280 160 179 322 260 161 269 161 162 142 144 323 287 143 208 300 289 181 256 305 275 140 309 164 139 270 156 301 261 262 163 300 289 148 141 164 177 304 264 162 322 161 314 165 256 139 161 144 158 259 161 139 170 322 162 311 157 315 155 311 162 151 325 303 163 280 158 322 256 161 257 167
168 171 310 160 302 321 139 300 268 290 155 158 321 206 150 263 158 325 323 166 278 269 322 290 160 161 158 256 210 204 324 276 181 158 316 162 137 157 166 289 257 299 290 326 300 165 201 180 281 304 142 139 164 140 278 275 277 163 164 136 212 167 138 203 215 148 276 138 321 314 164 211 158 159 137 316 138 215 312 175 315 289 261 159 161 172 290 181 255 169 138 274 257 150 172 306
308 163 135 164 317 262 163 309 155 210 200 199 158 152 319 142 270 216 162 159 161 283 257 311 199 157 312 277 259 299 301 182 300 318 214 303 288 157 299 307 205 255 255 287 320 165 318 317 290 321 284 159 319 299 300 279 216 289 319 285 198 284 160 298 281 158 135 159 160 320 315 198 158 137 274 290 201 281 286 305 285 200 136 139 264 205 318 211 135 162 160 140 259 316 198 143
298 290 157 156 159 318 151 137 291 164 216 157 278 141 289 165 291 157 162 310 160 266 159 147 165 164 298 145 159 177 148 275 213 324 137 282 137 254 261 257 291 207 153 165 156 165 162 299 165 283 202 317 165 147 316 291 146 179 320 204 320 181 215 281 158 145 161 165 158 210 326 314 258 160 289 312 159 263 181 298 270 164 169 288 259 325 165 159 254 291 167 212 300 171 255 214
134 162 253 182 156 183 136 157 283 160 159 183 306 291 164 133 160 298 165 318 281 150 306 254 182 159 321 165 183 136 325 158 257 136 157 254 203 139 269 252 298 311 305 159 299 265 303 216 172 164 157 302 143 159 298 168 213 138 163 315 135 152 303 197 304 258 211 138 290 252 155 291 142 291 150 289 282 309 156 301 312 300 309 134 197 299 260 280 252 175 206 161 215 276 256 156
297 293 275 282 214 157 157 268 207 158 164 143 217 298 263 254 299 153 301 298 259 132 252 283 217 297 217 281 198 210 133 165 197 283 264 184 149 251 250 158 292 160 297 216 297 210 290 278 298 257 286 136 132 316 198 179 153 217 251 180 253 208 289 158 255 250 272 134 300 135 293 212 215 159 263 287 273 314 258 137 159 299 174 293 170 274 183 151 282 292 264 177 284 216 291 288
296 142 207 148 217 317 304 154 211 292 294 134 206 254 299 326 314 217 208 158 296 166 249 284 175 256 146 321 318 293 296 249 177 139 202 298 298 184 161 145 294 147 160 291 133 290 212 259 132 292 296 297 171 155 158 209 164 141 158 165 164 297 260 291 168 131 156 217 182 305 156 275 217 214 157 300 322 300 299 293 135 135 289 204 281 293 257 149 164 138 253 158 321 255 211 293
297 294 206 197 306 276 196 248 132 286 130 291 290 318 217 323 158 198 158 319 166 218 289 312 184 300 158 293 320 166 184 249 218 207 157 280 277 197 297 158 308 295 313 198 296 293 212 268 196 210 294 297 158 216 162 166 294 217 210 256 292 296 135 131 156 159 138 140 156 298 269 203 218 136 183 308 290 156 166 315 288 160 167 313 307 142 291 289 130 303 213 158 283 131 183 311
134 167 300 247 180 295 212 255 259 146 279 267 294 250 205 185 173 154 300 170 174 131 218 149 276 164 167 129 293 263 199 216 156 158 251 252 155 289 255 179 161 129 160 260 253 181 196 142 292 204 310 260 254 218 143 304 297 317 296 297 282 285 314 156 318 199 151 290 157 264 157 154 184 296 299 159 166 219 305 291 130 156 211 217 312 316 251 250 148 162 283 265 258 267 157 262
148 321 287 299 195 247 271 266 167 247 161 290 160 291 273 216 196 136 300 296 212 288 219 158 256 169 177 139 218 157 157 129 282 195 131 258 293 287 145 135 317 166 160 214 155 143 280 198 132 289 248 326 278 202 156 292 206 257 248 281 146 218 211 168 315 147 306 134 246 296 156 296 140 153 200 286 285 304 198 296 207 271 270 210 139 261 145 295 308 295 185 249 203 274 213 130
159 220 320 246 179 128 185 300 296 252 245 129 282 292 311 155 196 165 216 296 186 196 160 312 302 206 316 324 286 258 153 315 209 294 299 298 302 295 149 285 311 155 195 301 294 168 147 219 160 277 323 295 253 254 155 128 295 307 268 156 152 287 220 247 300 168 246 218 283 160 220 160 282 276 160 170 195 250 299 197 167 256 294 264 288 295 294 292 283 164 325 167 154 310 313 256
187 168 255 157 279 167 244 158 179 295 322 295 172 166 138 293 248 326 281 217 149 285 287 219 218 137 263 248 162 220 184 167 253 297 132 294 292 140 163 127 309 185 302 186 161 281 301 212 254 162 316 133 195 194 187 308 288 304 295 174 129 260 199 166 161 212 249 305 220 218 187 314 127 210 156 295 268 164 306 294 196 194 167 298 295 204 297 156 295 284 171 127 244 186 173 244
161 155 219 188 317 128 267 163 127 302 156 291 215 175 127 219 187 245 159 219 194 305 247 157 198 205 194 218 295 195 321 315 193 143 295 292 217 167 252 187 275 193 216 168 197 296 269 200 157 299 220 288 196 207 188 284 155 326 268 299 188 304 264 258 295 154 155 296 265 183 287 177 288 219 169 253 254 273 165 205 286 156 147 295 283 259 257 182 286 178 263 300 144 266 296 267
297 220 218 296 153 150 306 303 219 211 192 280 207 277 160 242 295 251 169 261 257 145 192 281 294 140 169 167 261 290 294 217 176 231 155 167 135 191 243 139 255 295 166 172 154 248 242 320 279 184 163 126 294 232 311 154 281 150 190 168 289 294 279 294 296 202 191 190 294 199 191 195 192 295 248 308 220 284 216 137 187 154 294 252 131 208 302 293 291 189 127 190 294 256 286 186
162 323 209 263 246 194 276 222 298 203 277 193 292 217 185 266 128 302 157 163 270 308 180 305 181 303 191 154 175 126 156 136 163 198 296 155 188 254 300 255 191 185 303 195 189 214 294 133 222 159 167 190 154 293 264 206 127 220 295 138 209 297 251 316 162 267 200 214 244 231 230 257 230 232 133 297 290 283 287 310 247 292 262 219 139 201 314 254 155 296 192 192 191 212 294 268
204 283 244 219 165 220 241 154 138 215 168 296 173 156 243 142 162 169 247 285 162 221 156 303 195 296 234 148 295 263 137 297 306 297 256 187 210 154 222 170 125 234 304 272 129 212 187 166 315 126 155 310 173 211 288 125 156 191 162 168 264 317 204 130 199 286 297 258 189 294 293 162 288 154 265 217 162 146 156 184 294 307 240 223 188 155 263 312 230 291 326 216 300 213 287 233
303 194 220 308 313 157 155 151 267 159 228 249 232 316 248 319 189 169 231 170 240 143 240 315 283 156 298 170 167 220 131 227 168 244 190 223 186 155 131 279 284 311 168 216 324 217 297 153 293 255 184 281 293 293 210 293 252 128 286 220 292 293 294 279 148 293 125 261 293 224 242 250 325 227 163 202 143 274 313 301 227 125 326 298 137 154 262 268 154 274 221 136 146 259 241 139
230 292 265 229 167 319 225 233 169 164 276 163 293 256 307 229 224 191 191 165 285 232 318 303 163 168 293 218 226 275 257 240 228 296 289 282 291 260 235 297 295 211 137 135 154 308 235 226 163 297 242 202 293 295 198 221 230 227 273 245 231 212 309 187 186 227 287 241 228 218 291 293 270 166 207 213 308 223 222 168 142 197 171 299 220 188 176 266 278 261 185 156 221 293 201 220
284 163 240 188 163 195 305 223 292 189 160 141 129 244 158 298 283 297 322 255 222 298 163 128 275 203 259 209 154 321 154 190 310 296 197 141 239 144 257 260 263 215 267 163 262 299 192 175 306 234 297 226 219 193 265 180 168 271 136 280 224 221 248 303 293 155 326 235 290 201 153 123 292 123 171 261 171 148 303 233 291 264 226 249 181 164 127 200 249 162 272 183 232 277 289 216
171 124 323 273 252 296 259 213 229 297 286 285 311 191 255 305 123 307 292 131 313 292 136 274 168 252 292 213 305 214 210 164 147 254 230 318 313 179 283 246 184 292 240 139 291 285 209 291 315 154 230 212 184 150 164 282 300 292 288 136 269 178 239 156 146 286 155 254 132 253 306 149 304 284 155 276 123 223 223 155 194 222 310 287 302 320 292 245 217 298 211 299 295 231 155 316
258 305 187 122 281 163 169 234 211 308 207 172 319 239 245 256 242 205 221 186 168 300 293 253 232 140 241 155 247 295 263 171 222 153 317 172 298 244 297 153 309 243 171 236 151 122 318 226 291 129 159 123 299 288 300 235 326 323 154 157 306 189 312 307 133 232 170 304 289 178 282 278 236 138 312 287 268 240 164 292 153 275 248 132 292 188 291 192 298 236 224 149 202 310 185 164
245 148 248 284 300 251 255 221 292 162 261 202 134 212 128 288 249 206 236 242 227 198 277 285 247 292 220 293 291 324 231 260 228 219 169 133 237 125 292 153 261 262 286 192 299 233 238 127 300 296 208 260 306 155 154 164 221 235 238 237 250 239 195 177 260 292 241 212 308 197 267 170 290 237 303 237 310 238 262 205 287 165 307 229 281 271 254 300 230 182 291 299 244 291 122 123
262 203 290 216 184 169 315 170 309 256 295 261 229 237 240 287 207 238 313 181 211 282 313 260 160 150 291 224 173 295 168 172 235 154 291 203 154 301 261 233 291 288 294 172 236 257 276 291 168 224 237 154 176 208 236 191 150 266 139 325 179 235 121 236 134 173 290 259 137 272 259 131 153 236 214 243 158 195 300 292 301 263 141 310 136 324 188 141 247 306 226 290 230 323 290 223
293 261 291 324 285 289 312 236 185 237 263 260 301 236 251 290 238 174 292 312 249 273 278 269 259 291 236 305 186 257 191 316 165 135 291 281 152 194 300 139 250 124 170 299 266 289 262 200 152 326 222 297 231 206 237 260 291 238 290 258 166 122 265 235 299 219 284 238 122 190 325 124 236 170 291 256 171 285 254 296 283 194 262 169 319 304 287 212 180 286 286 282 136 264 152 290
296 287 272 154 204 237 274 223 121 244 253 269 218 307 290 291 318 243 258 299 249 309 253 236 238 144 288 224 212 258 284 264 172 314 238 165 299 257 138 165 316 290 264 152 142 283 307 293 170 323 227 213 295 155 152 250 204 283 278 239 260 120 214 146 277 239 177 237 222 288 210 156 288 252 152 255 324 290 149 216 228 138 135 251 246 235 288 186 237 258 302 282 302 261 234 192
207 258 309 290 257 237 313 235 216 123 213 220 183 152 238 154 220 260 264 263 282 311 289 148 233 288 287 251 167 165 222 212 238 120 312 236 154 237 225 237 286 287 169 125 245 237 284 260 237 237 143 306 222 224 287 127 136 301 281 232 133 281 243 222 254 292 301 284 121 154 265 250 196 310 236 223 288 228 304 290 238 171 157 239 226 258 257 285 286 271 248 242 231 222 257 249
166 189 302 286 131 320 193 280 215 192 276 268 219 259 226 257 290 315 152 284 169 217 309 237 217 145 302 290 287 210 294 284 260 154 239 163 169 311 265 263 178 132 261 185 187 253 310 281 273 234 172 137 169 289 282 229 290 142 168 152 324 288 280 243 135 235 258 305 169 172 281 238 285 121 264 202 285 268 262 310 221 290 303 311 296 278 180 290 171 125 303 288 289 282 258 154
153 178 215 220 258 203 246 284 272 285 141 243 259 312 288 253 242 254 214 236 220 211 302 279 212 167 314 256 270 223 255 266 170 237 237 225 139 324 119 171 301 141 314 296 301 174 166 219 158 238 177 257 280 251 224 256 250 288 232 308 317 236 275 303 229 227 311 246 288 239 252 310 266 262 212 280 235 286 188 140 209 174 133 238 279 286 257 170 302 243 286 238 166 318 134 287
235 175 151 284 203 133 282 257 290 284 150 310 258 263 304 289 279 283 231 146 166 259 321 302 240 151 238 256 309 305 242 264 304 285 303 282 245 289 277 265 151 323 264 223 151 285 323 198 256 259 247 237 313 230 300 311 173 253 207 257 267 257 265 161 283 175 239 172 308 147 258 234 182 242 264 260 289 208 233 289 166 135 305 289 288 194 201 294 306 171 255 287 210 291 288 242
138 192 289 224 153 233 225 322 152 200 240 151 238 120 278 219 280 223 306 168 307 293 119 311 280 240 135 248 182 287 137 276 315 275 286 151 236 310 256 304 306 270 169 223 288 234 228 268 145 256 302 171 246 252 210 278 266 268 167 125 195 281 255 320 284 257 266 289 296 122 214 152 220 289 132 311 134 237 239 259 232 123 290 301 121 255 204 280 277 255 159 218 289 143 236 211
289 250 151 236 238 197 171 151 286 215 183 119 306 305 283 299 173 308 132 267 234 285 269 286 280 261 294 324 286 284 234 170 176 226 181 303 126 250 295 268 287 287 306 255 289 223 245 238 204 253 316 273 254 285 284 179 319 244 288 305 167 282 241 286 137 309 170 127 239 133 285 224 276 118 325 170 265 149 181 167 170 298 172 323 172 238 239 193 118 288 287 184 153 240 288 258
189 284 134 287 240 309 228 287 281 142 288 185 240 216 281 171 282 257 166 256 319 304 312 153 303 265 255 120 233 280 258 310 213 255 136 325 133 153 282 124 309 279 268 238 306 287 326 122 168 288 293 308 258 287 255 180 311 241 239 300 287 167 266 218 222 243 191 308 260 238 236 209 309 268 283 175 235 302 235 188 309 284 260 150 215 279 151 313 241 151 286 270 291 240 322 278
242 105 256 202 138 309 308 308 308 308 308 308 308 308 307 307 307 307 307 307 307 307 307 307 306 306 306 306 306 306 306 306 306 306 305 305 305 305 305 305 305 305 305 304 304 304 304 304 304 304 304 303 303 303 303 303 302 302 302 285 236 153 265 164 286 286 203 237 288 208 141 268 133 286 281 287 253 186 105 306 270 139 129 172 305 205 150 167 179 271 136 311 106 264 187 270
117 169 240 104 286 263 255 259 295 178 308 213 256 117 245 175 280 240 231 150 249 158 284 266 251 254 295 254 152 276 130 282 272 107 241 249 239 107 211 287 104 242 173 238 174 309 271 250 281 235 219 220 269 239 134 241 285 151 177 286 137 150 195 282 321 307 323 287 142 279 274 254 294 201 308 217 294 291 310 241 167 228 274 303 280 276 122 325 309 254 138 262 287 171 288 223
244 299 180 239 161 278 319 107 289 232 284 281 286 285 253 167 285 103 301 286 165 277 240 316 286 108 143 131 259 312 152 306 286 275 206 191 274 214 288 276 252 132 299 211 105 254 171 218 144 117 241 187 273 118 274 285 290 279 123 262 254 171 297 254 149 238 279 277 152 308 116 287 284 310 287 228 309 150 137 103 241 238 275 282 290 316 281 240 285 254 286 283 283 140 236 273
236 268 171 287 147 254 313 241 207 104 261 175 237 310 268 136 151 315 280 224 240 286 278 284 282 239 286 248 152 130 109 292 109 233 159 283 224 203 172 302 271 245 281 285 241 168 296 260 150 267 244 274 304 286 281 171 150 155 133 305 276 224 216 274 239 289 288 284 183 234 322 308 302 298 246 115 311 206 312 234 171 272 286 258 306 282 240 234 283 219 169 119 134 309 126 156
152 149 152 261 252 283 249 115 307 238 326 308 112 113 285 248 288 222 300 284 170 275 174 114 143 312 252 278 139 110 225 154 289 190 240 276 118 313 191 295 245 146 112 237 233 279 239 220 152 235 288 250 217 102 177 150 152 323 287 109 183 309 298 285 282 288 303 265 150 283 117 225 107 293 280 255 239 136 282 254 241 106 124 205 167 141 178 262 306 224 214 102 124 283 111 123
172 115 182 260 240 308 282 230 289 285 249 237 111 268 325 286 280 321 279 285 286 189 176 241 241 316 152 308 150 306 281 135 326 218 129 233 166 290 274 221 318 134 305 305 151 239 285 190 184 113 324 319 104 175 282 105 228 284 315 286 228 138 181 280 253 253 212 283 276 290 114 232 282 215 241 173 294 273 242 120 281 267 234 274 237 225 173 168 258 278 149 280 202 309 185 279
137 181 240 258 278 196 272 186 321 322 246 176 110 278 269 296 224 131 283 275 282 132 290 253 137 219 276 233 236 231 241 264 257 133 271 239 237 115 285 277 326 145 149 281 279 320 279 258 150 308 117 312 280 238 268 245 280 256 150 319 310 248 268 253 316 213 103 313 200 140 255 253 175 151 295 254 234 106 284 188 299 150 317 306 281 272 244 101 294 125 296 151 242 209 285 210
287 253 293 249 232 199 218 186 281 180 253 170 291 152 302 187 299 266 101 115 123 151 108 290 231 227 320 280 275 114 235 302 279 254 240 110 130 179 177 255 247 239 185 168 310 256 133 201 305 252 173 148 238 117 177 171 168 295 311 287 193 277 239 178 278 259 254 237 168 135 278 210 195 223 242 284 241 233 243 305 257 282 314 284 220 311 253 233 102 174 279 274 260 282 111 233
