wasim_mod/input/grids/GRD/fundus_25.sd3
ncols	193
nrows	326
xllcorner	39436.98047
yllcorner	214976.5781
cellsize	25.0198
nodata_value	-9999
[rows 160 to 191 of 326, columns 0 to 71 of 193]
0 0 0 0 0 0 0 0 0 0 0 0 0 0 0 0.210188 0.341892 0.474122 0.60822 0.862834 0.948937 0.91133 0 0.870253 0 0 0 0 0.366365 0.529923 0.470248 0.303223 0 0 0 0 0 0.126992 0.36043 0.68743 0.96669 0.759262 0.616613 0.506919 0.4171 0.328609 0.24033 0.157596 0.134792 0.179425 0.203733 0.203186 0.200726 0.173157 0.113566 0.0586615 0 0 0 0.00382634 0.230131 0.390406 0.461456 0.559246 0.673453 0.768672 0.772141 0.754119 0.733199 0.718346 0.713124 0.701714
0 0 0 0 0 0 0 0 0 0 0 0 0 0 0.0638242 0.197968 0.270034 0.305765 0.333335 0.461843 0.597619 0.606496 0 0 0 0 0 0 0.769023 0.631043 0.504078 0.295451 0 0 0.247761 0 0 0.300264 0.608376 0.854493 0.916954 0.813183 0.687341 0.580897 0.495035 0.394684 0.313239 0.221676 0.170981 0.203679 0.225002 0.210477 0.179747 0.129906 0.0841946 0 0 0 0 0 0.160996 0.38693 0.500695 0.573829 0.670609 0.762355 0.809894 0.812201 0.791676 0.770837 0.735329 0.728329
0 0 0 0 0 0 0 0 0 0 0 0 0 0.00262311 0.09231 0.184331 0.239873 0.235324 0.200646 0.261419 0.38417 0.374642 0 0 0 0 0 0 0.5432 0.770184 0.519998 0.320801 0 0.339262 0.44052 0 0 0.386468 0.656818 0.826425 0.947065 0.839821 0.726927 0.624487 0.542442 0.447101 0.358511 0.276962 0.200433 0.191377 0.220512 0.221278 0.182656 0.132994 0.071041 0 0 0 0 0 0.0715414 0.31235 0.499272 0.60061 0.694641 0.742416 0.810674 0.842288 0.836092 0.816458 0.784033 0.749708
0 0 0 0 0 0 0 0 0 0 0 0 0 0.0583183 0.128675 0.173658 0.205549 0.201668 0.16703 0.174001 0.221584 0.166835 0 0 0 0 0 0 0 0.449996 0.996365 0.441819 0.506712 0.714761 0.325784 0.103417 0 0.319337 0.593361 0.75615 1 0.855857 0.766326 0.638953 0.563772 0.48179 0.385981 0.312458 0.234253 0.194745 0.19246 0.196838 0.176126 0.136237 0.0621376 0 0 0 0 0 0 0.159042 0.396201 0.56428 0.708971 0.757746 0.768677 0.794351 0.797921 0.780791 0.783123 0.753699
0 0 0 0 0 0 0 0 0.00516569 0.0399294 0 0 0.00237935 0.0756841 0.161401 0.187607 0.168626 0.20789 0.208912 0.210146 0.158253 0 0 0 0 0 0 0 0 0 0 0.131985 0.69517 0.534188 0 0 0.0400559 0.236048 0.528965 0.742691 0.971659 0.888949 0.833089 0.6557 0.567379 0.50657 0.416197 0.340935 0.265572 0.208353 0.184169 0.184687 0.166141 0.121395 0.0548086 0 0 0 0 0 0 0 0.252019 0.444541 0.605887 0.709073 0.695702 0.693054 0.692821 0.677973 0.7001 0.715126
0 0 0 0 0 0 0 0.0932051 0.129967 0.11659 0.0741219 0.0365564 0.0476603 0.0956611 0.175221 0.234314 0 0 0.212045 0.312867 0.314874 0 0 0 0 0 0 0 0 0 0 0 0 0 0 0 0.00323153 0.207288 0.494656 0.764119 0.979827 0.930784 0.870164 0.712931 0.573304 0.512458 0.442532 0.364548 0.297758 0.238256 0.191535 0.181273 0.16204 0.105181 0.0477071 0 0 0 0 0 0 0 0.0835298 0.302018 0.456013 0.564526 0.596367 0.59683 0.588377 0.575514 0.596169 0.647878
0 0 0 0 0 0 0.142396 0.194433 0.200605 0.161397 0.107706 0.0797496 0.0881732 0.130971 0.13723 0.102595 0 0 0.191908 0.259302 0.224068 0 0 0 0 0 0 0 0 0 0 0 0 0 0 0 0 0.210735 0.519691 0.779444 1 0.905683 0.826214 0.748175 0.609941 0.514663 0.450663 0.377461 0.317555 0.277197 0.217945 0.174074 0.153268 0.101238 0.051733 0.0229779 0.0120933 0 0 0 0 0 0.0220137 0.190935 0.329938 0.431974 0.485507 0.51553 0.516395 0.500574 0.510079 0.57118
0 0 0 0 0 0.112293 0.203848 0.23832 0.235238 0.188573 0.124248 0.0986238 0.128572 0.170503 0.140814 0.0471318 0.0893545 0.10645 0.128267 0.171474 0.0886053 0 0 0 0 0 0 0 0 0 0 0 0 0 0 0 0 0.275583 0.581403 0.798324 0.895578 0.886485 0.8205 0.775569 0.649451 0.566657 0.492068 0.402866 0.337512 0.300935 0.255597 0.204646 0.161853 0.101515 0.0553055 0.0291385 0.0124638 0 0 0 0 0.122478 0.0991449 0.124013 0.239748 0.334652 0.393433 0.431868 0.449308 0.42433 0.419382 0.483603
0 0 0 0 0.0780997 0.180591 0.230421 0.252347 0.237947 0.192742 0.130999 0.119376 0.169649 0.200126 0.203064 0.185331 0.0986543 0.0748998 0 0 0.049672 0 0 0 0 0 0 0 0 0 0 0 0 0 0 0 0 0.378673 0.686365 0.883195 0.945913 0.887123 0.860716 0.78853 0.700821 0.640237 0.580073 0.471562 0.38171 0.341646 0.309703 0.266945 0.207638 0.11739 0.0537846 0.027266 0 0 0 0 0.192864 0.326999 0.24821 0 0.0548312 0.292941 0.348634 0.374422 0.383755 0.346541 0.327709 0.380254
0 0 0 0.0705019 0.157352 0.230395 0.260012 0.257973 0.234225 0.180487 0.136106 0.143553 0.19055 0.216662 0.20073 0.142649 0 0 0 0 0 0 0 0 0 0 0 0 0 0 0 0 0 0 0 0 0 0.534663 0.836059 0.975734 0.950886 0.875411 0.867221 0.74271 0.732931 0.70396 0.648243 0.53316 0.42575 0.380828 0.351641 0.321871 0.281241 0.1784 0.0703522 0 0 0 0 0 0.308526 0.43633 0 0.112086 0.187357 0.223174 0.297685 0.327229 0.306161 0.280296 0.285794 0.3205
0 0 0.126069 0.233275 0.25833 0.263742 0.278002 0.272366 0.236677 0.173646 0.134848 0.146832 0.185716 0.206102 0.184739 0.128169 0 0 0 0 0 0 0 0 0 0 0 0 0 0 0 0 0 0 0 0 0 0.757814 0.962967 0.886428 0.908904 0.885606 0.829429 0.765139 0.742634 0.729422 0.673384 0.557434 0.4334 0.388301 0.368018 0.352649 0.339345 0.263255 0.12618 0 0 0 0 0.0158757 0.288856 0.48707 0.320662 0.24745 0.244494 0.160316 0.232434 0.268294 0.219052 0.203069 0.249318 0.29113
0.0473304 0.159199 0.264445 0.321305 0.335624 0.313143 0.293883 0.274183 0.233392 0.185358 0.159093 0.15549 0.168081 0.185226 0.170733 0.106011 0 0 0 0 0 0 0 0 0 0 0 0 0 0 0 0 0 0 0 0 0.368034 0.946964 0.977836 0.853582 0.848494 0.842415 0.796609 0.87793 0.808108 0.732263 0.681979 0.581247 0.442136 0.36166 0.351004 0.349502 0.360393 0.332339 0.21738 0.10563 0 0 0.0494825 0.158131 0.248399 0.382075 0.436969 0.346105 0.224316 0.161886 0.210131 0.217307 0.147072 0.122706 0.194481 0.259426
0.231825 0.306177 0.352322 0.365658 0.367827 0.350135 0.308827 0.272832 0.230387 0.194578 0.180693 0.161559 0.152193 0.167824 0.148319 0 0 0 0 0 0 0 0 0 0 0 0 0 0 0 0 0 0 0 0 0 0.914909 0.96399 0.953765 0.877181 0.699603 0.733346 0.795964 1 0.89954 0.761117 0.70039 0.607668 0.471833 0.356736 0.291798 0.270115 0.311449 0.319869 0.269644 0.20097 0.148034 0.111328 0.129152 0.210272 0.316662 0.376011 0.370318 0.324078 0.275728 0.261921 0.260504 0.225544 0.123549 0.0600334 0.122572 0.21693
0.320416 0.364107 0.392687 0.391946 0.375001 0.351768 0.307635 0.263123 0.241243 0.208957 0.178109 0.14888 0.130596 0.141655 0.104453 0 0 0 0 0 0 0 0 0 0 0 0 0 0 0 0 0 0 0 0 0 0.790322 0.932636 0.949677 0.94661 0.76816 0.750464 0.860762 0.977672 0.89547 0.776495 0.705786 0.626585 0.484768 0.363657 0.286272 0.21447 0.245736 0.285775 0.232478 0.182586 0.195153 0.213405 0.226978 0.254147 0.310795 0.368515 0.359395 0.266382 0.242324 0.301161 0.300873 0.242908 0.151885 0.0596509 0.0568148 0.152866
0.355727 0.371378 0.391362 0.391306 0.372228 0.34334 0.302724 0.242661 0.22442 0.224134 0.184446 0.14262 0.0911534 0.0559213 0 0 0 0 0 0 0 0 0 0 0 0 0 0 0 0 0 0 0 0 0 0 1 0.936628 0.921804 0.957709 1 1 1 0.951548 0.838341 0.764638 0.696769 0.624652 0.503794 0.368636 0.289917 0.244509 0.255133 0.274456 0.223669 0.174438 0.185979 0.233083 0.277161 0.305144 0.331669 0.358164 0.343022 0.263327 0.239888 0.277522 0.285309 0.230626 0.159765 0.0921383 0.0382595 0.102031
0.363361 0.366087 0.384959 0.379801 0.355575 0.319358 0.290489 0.259642 0.221156 0.209258 0.177315 0.138131 0.0737253 0 0 0 0 0 0 0 0 0 0 0 0 0 0 0 0 0 0 0 0 0 0 0 0.794791 0.835047 0.817469 0.819191 0.952566 0.959755 0.930994 0.849312 0.787451 0.757698 0.709944 0.634403 0.539879 0.410155 0.310739 0.287615 0.302053 0.303257 0.240208 0.180666 0.183643 0.219328 0.282409 0.34612 0.379304 0.386814 0.358622 0.28916 0.259865 0.280294 0.264393 0.213075 0.172834 0.135026 0.0757524 0.117495
0.357645 0.360183 0.377753 0.373576 0.350941 0.304677 0.271629 0.264134 0.225944 0.187951 0.152469 0.111066 0 0 0 0 0 0 0 0 0 0 0 0 0 0 0 0 0 0 0 0 0 0 0 0 0.441843 0.577959 0.671736 0.689812 0.728759 0.94857 0.833937 0.778218 0.763949 0.771778 0.753139 0.687531 0.607486 0.4999 0.387973 0.333211 0.34551 0.355151 0.2938 0.219928 0.205982 0.199639 0.253577 0.367401 0.440393 0.44468 0.408294 0.341791 0.302373 0.298965 0.271531 0.223531 0.198819 0.169679 0.133946 0.177389
0.343787 0.340736 0.363095 0.363719 0.350247 0.312472 0.254833 0.237672 0.221434 0.163099 0.11738 0.0732972 0 0 0 0 0 0 0 0 0 0 0 0 0 0 0 0 0 0 0 0 0 0 0 0.0159674 0.443922 0.493495 0.537641 0.625866 0.656028 0.722216 0.755322 0.738491 0.75374 0.796307 0.818849 0.793212 0.72724 0.623338 0.525576 0.429055 0.390325 0.394981 0.369533 0.314305 0.274282 0.21683 0.218455 0.346909 0.468212 0.502271 0.471282 0.411652 0.371754 0.342199 0.308421 0.276075 0.239228 0.214326 0.204309 0.24344
0.329343 0.315864 0.334006 0.339257 0.335491 0.321752 0.254876 0.183625 0.172049 0.131647 0.0827594 0 0 0 0 0 0 0 0 0 0 0 0 0 0 0 0 0 0 0 0 0 0 0 0 0.179629 0.478072 0.582557 0.604856 0.541182 0.691028 0.628112 0.679985 0.714021 0.752891 0.810004 0.850738 0.868211 0.840343 0.749951 0.656388 0.563989 0.472271 0.434781 0.417769 0.4109 0.369921 0.269692 0.252557 0.347843 0.436959 0.489669 0.490545 0.459502 0.430576 0.409371 0.359831 0.330587 0.298861 0.272059 0.274721 0.303371
0.320218 0.316565 0.305399 0.297651 0.314382 0.297499 0.239166 0.153405 0.0790928 0.0814047 0.075374 0 0 0 0 0 0 0 0 0 0 0 0 0 0 0 0 0 0 0 0 0 0 0 0 0.223808 0.432268 0.61902 0.702105 0.660776 0.543711 0.598287 0.633933 0.700128 0.770981 0.827844 0.866347 0.878274 0.868382 0.825417 0.748322 0.675167 0.573305 0.489494 0.442993 0.433137 0.418647 0.352434 0.327297 0.385 0.433768 0.463022 0.470941 0.461509 0.436252 0.429359 0.407451 0.370845 0.352709 0.327566 0.322157 0.333699
0.313158 0.319028 0.309575 0.277561 0.284818 0.268738 0.179535 0.101799 0.074858 0.0395972 0.01432 0 0 0 0 0 0 0 0 0 0 0 0 0 0 0 0 0 0 0 0 0 0 0 0.0439467 0.265724 0.385724 0.464255 0.534116 0.599074 0.551749 0.581829 0.63167 0.701717 0.79699 0.86999 0.912612 0.901239 0.871488 0.83986 0.793312 0.729973 0.643594 0.553934 0.478459 0.45311 0.437587 0.417403 0.411307 0.443142 0.467785 0.477119 0.470105 0.461824 0.445564 0.427284 0.422827 0.394171 0.372051 0.357522 0.347399 0.346005
0.293108 0.296575 0.293563 0.267714 0.264622 0.227823 0.126196 0.0776002 0.0568555 0 0 0 0 0 0 0 0 0 0 0 0 0 0 0 0 0 0 0 0 0 0 0 0 0 0.0839383 0.319292 0.467029 0.487841 0.490787 0.531822 0.612873 0.651548 0.670079 0.724184 0.828286 0.935588 0.966037 0.930584 0.895 0.859005 0.822457 0.759659 0.689035 0.622699 0.5452 0.487776 0.4724 0.468508 0.487756 0.509938 0.524522 0.523582 0.506533 0.474402 0.457233 0.43809 0.429075 0.413921 0.379595 0.365564 0.359553 0.359053
0.246892 0.24094 0.251471 0.241111 0.221082 0.169868 0.0981907 0.0691696 0.0514601 0 0 0 0 0 0 0 0 0 0 0 0 0 0 0 0 0 0 0 0 0 0 0 0 0.056321 0.128199 0.35458 0.501154 0.550024 0.564497 0.638212 0.785058 0.833864 0.777399 0.786854 0.861534 0.961737 0.993257 0.95719 0.935685 0.897264 0.860269 0.805683 0.726973 0.659056 0.610342 0.551458 0.514872 0.517635 0.54929 0.569127 0.581206 0.570196 0.558714 0.518895 0.476611 0.460932 0.453041 0.436442 0.4032 0.368476 0.36321 0.370202
0.163884 0.144808 0.171911 0.181231 0.152306 0.108102 0.0842522 0 0.0616629 0 0 0 0 0 0 0 0 0 0 0 0 0 0 0 0 0 0 0 0 0 0 0 0 0.283963 0.365876 0.387017 0.509949 0.602058 0.641444 0.746157 0.884599 0.920207 0.90861 0.895163 0.903154 0.937325 0.954903 0.961071 0.959773 0.939302 0.881499 0.833097 0.77564 0.705303 0.639075 0.590278 0.559215 0.552891 0.591011 0.611737 0.636691 0.629274 0.614693 0.580115 0.521287 0.479188 0.477354 0.467527 0.442073 0.400749 0.372249 0.370032
0 0 0 0.0111632 0.0806111 0.094969 0 0 0.0441564 0 0 0 0 0 0 0 0 0 0 0 0 0 0 0 0 0 0 0 0 0 0 0 0 0.225298 0.448936 0.475632 0.549749 0.649445 0.700616 0.704122 0.77824 0.859434 0.935303 0.9424 0.907692 0.88142 0.892904 0.927867 0.950731 0.935157 0.880768 0.828772 0.795975 0.753802 0.69166 0.628685 0.604644 0.59445 0.619309 0.644454 0.664865 0.681391 0.667814 0.638185 0.589876 0.535646 0.507599 0.499185 0.481051 0.453126 0.414827 0.388263
0 0 0 0 0 0.00315765 0 0 0 0 0 0 0 0 0 0 0 0 0 0 0 0 0 0 0 0 0 0 0 0 0 0 0.204805 0.244995 0.408057 0.541185 0.630282 0.685821 0.714641 0.656844 0.681597 0.775525 0.874891 0.916991 0.882145 0.829727 0.869902 0.904887 0.925867 0.901335 0.874691 0.839689 0.802285 0.769108 0.728372 0.687262 0.660825 0.653913 0.657383 0.679963 0.680168 0.69931 0.692944 0.670905 0.641415 0.606669 0.57798 0.559987 0.539652 0.513918 0.479575 0.445309
0 0 0 0 0 0 0 0 0 0 0 0 0 0 0 0 0 0 0 0 0 0 0 0 0 0 0 0 0 0 0 0.0293126 0.346892 0.479818 0.517845 0.608021 0.724918 0.757499 0.751296 0.704307 0.673112 0.727584 0.816256 0.882413 0.872436 0.855206 0.893808 0.939541 0.923883 0.910794 0.908093 0.881312 0.837492 0.813321 0.81476 0.771277 0.726567 0.710254 0.71191 0.717341 0.70544 0.706504 0.724623 0.718019 0.698186 0.682871 0.65974 0.637396 0.615797 0.589486 0.551907 0.520252
0 0 0 0 0 0 0 0 0 0 0 0 0 0 0 0 0 0 0 0 0 0 0 0 0 0 0 0 0 0 0 0 0.355177 0.597863 0.760431 0.807594 0.862618 1 0.87763 0.811124 0.762352 0.752274 0.792681 0.869383 0.897793 1 1 1 1 1 1 1 1 1 1 1 0.834694 0.771611 0.758668 0.760916 0.75414 0.739933 0.747922 0.784428 0.788387 0.775217 0.757781 0.737277 0.697952 0.683823 0.631825 0.595785
0 0 0 0 0 0 0 0 0 0 0 0 0 0 0 0 0 0 0 0 0 0 0 0 0 0 0 0 0 0 0 0 0.378962 0.703649 0.874137 1 1 0.912065 1 1 0.905257 0.874047 0.874242 0.899749 1 0.959126 0.929888 0.932394 0.915565 0.885007 0.870489 0.868383 0.870891 0.848219 0.882887 0.944079 1 0.877353 0.823688 0.804904 0.819796 0.819991 0.816096 0.845497 0.883261 0.874352 0.837839 0.814139 0.796336 0.770144 0.72424 0.685097
0 0 0 0 0 0 0 0 0 0 0 0 0 0 0 0 0 0 0 0 0 0 0 0 0 0 0 0 0 0 0 0 1 1 1 0.840672 0.802763 0.807194 0.842404 0.872895 1 1 1 1 0.927651 0.880276 0.855954 0.85324 0.820214 0.809381 0.804951 0.780773 0.755325 0.752845 0.81388 0.907961 0.98786 0.954445 0.919095 0.884527 0.868309 0.876684 0.892245 0.916984 0.938615 0.943528 0.906225 0.879578 0.865431 0.83078 0.833997 0.81094
0 0 0 0 0 0 0 0 0 0 0 0 0 0 0 0 0 0 0 0 0 0 0 0 0 0 0 0 0 0 0 0 0.23731 0.516523 0.630966 0.637034 0.643732 0.690787 0.723492 0.726925 0.727146 0.735288 0.768634 0.813243 0.802361 0.798768 0.80398 0.782642 0.769671 0.782039 0.796338 0.784984 0.76946 0.821969 0.856787 0.902314 0.966562 0.95305 0.962935 0.944148 0.896287 0.889441 0.8971 0.958506 0.974477 0.971952 1 0.958081 0.925797 0.9102 1 1
0 0 0 0 0 0 0 0 0 0 0 0 0 0 0 0 0 0 0 0 0 0 0 0 0 0 0 0 0 0 0 0 0 0.241322 0.442491 0.481316 0.522075 0.573094 0.615222 0.623365 0.625202 0.654452 0.709378 0.74765 0.756474 0.766921 0.771184 0.736818 0.731179 0.764798 0.805693 0.853023 0.892752 0.94679 0.929317 0.893006 0.940257 0.959571 0.935818 0.926859 0.909669 0.907957 0.924538 0.938333 0.972071 0.973391 0.982857 1 1 1 0.922205 0.910384
