wasim_mod/input/grids/GRD/fundus_25.exp
ncols	193
nrows	326
xllcorner	39436.98047
yllcorner	214976.5781
cellsize	25.0198
nodata_value	-9999
[rows 240 to 269 of 326, columns 0 to 66 of 193]
196.104 196.794 197.853 199.079 199.228 198.701 197.715 199.377 222.779 243.991 211.208 220.164 229.333 238.471 246.888 255.414 259.159 263.538 265.243 264.599 261.336 253.951 247.766 241.5 234.95 226.019 217.189 209.13 202.943 196.868 193.826 192.083 190.615 189.859 192.733 195.037 194.935 194.919 195.87 198.759 199.6 200.116 201.62 199.815 196.767 192.819 188.552 185.392 184.007 183.442 181.476 180.745 182.396 185.853 189.109 189.36 185.75 175.881 165.13 174.282 180.85 172.531 179.533 200.544 322.772 356.811 345.387
196.674 197.57 199.697 200.395 201.626 202.735 203.055 205.952 226.276 228.142 219.56 229.755 240.045 247.938 251.649 257.901 265.391 267.387 264.044 260.673 253.076 243.414 236.136 229.923 222.339 214.206 207.382 202.009 197.985 194.623 192.33 191.857 191.149 191.285 195.457 199.345 200.55 200.641 203.509 205.046 205.018 205.499 203.942 199.55 193.496 185.764 180.382 177.353 177.44 178.53 179.501 181.485 183.179 184.249 187.458 190.212 188.375 182.422 177.989 179.49 190.057 199.822 205.301 235.108 274.806 313.645 328.436
196.69 196.23 199.51 202.587 205.37 206.762 208.233 211.262 230.676 233.462 228.068 239.108 247.836 250.305 244.924 250.535 267.08 263.644 259.254 249.775 239.676 230.927 225.155 219.173 211.953 205.943 201.443 198.004 195.495 194.343 193.196 193.135 193.423 194.873 198.892 203.432 205.153 206.973 208.811 209.192 210 208.847 203.635 196.702 188.029 179.649 173.5 170.238 171.423 175.01 178.956 183.052 185.052 184.786 186.929 190.454 190.888 190.476 192.228 195.353 194.421 205.786 228.422 248.844 264.267 280.546 296.745
197.407 196.284 200.959 206.298 209.863 212.393 213.964 218.188 235.003 236.558 233.981 245.802 239.529 233.643 231.357 245.96 250.257 248.589 246.873 234.798 225.372 219.069 214.466 210.021 204.875 200.247 197.837 195.59 194.724 195.516 195.362 195.669 196.479 198.835 202.4 206.488 209.39 211.967 212.51 214.001 214.332 210.687 202.899 193.556 182.674 173.858 167.191 165.18 167.753 173.203 180.019 185.56 188.34 187.882 188.452 191.831 195.61 199.914 203.32 207.148 209.929 230.42 243.7 252.709 258.824 262.227 261.051
200.022 200.423 205.73 211.446 215.97 218.6 220.201 223.452 237.102 238.32 237.957 230.015 221.821 222.455 232.52 240.982 233.677 235.958 232.545 218.865 212.04 206.726 204.225 203.081 200.905 198.514 196.707 194.896 195.847 197.734 198.743 199.476 200.236 202.438 206.204 211.17 214.704 215.908 218.024 220.975 220.158 213.729 202.474 189.778 177.773 167.888 162.126 162.012 166.195 174.401 183.673 190.205 194.53 195.228 194.73 196.889 204.315 210.569 212.572 216.192 224.751 236.896 241.287 245.177 247.042 245.485 244.991
204.739 205.975 211.313 217.374 222.982 225.495 226.104 226.482 252.233 239.277 229.887 220.767 219.885 222.537 230.046 240.222 239.82 237.018 222.932 205.485 201.197 199.499 199.264 198.431 198.104 198.033 197.442 197.666 198.982 200.364 202.669 203.998 205.171 207.733 211.728 216.191 219.85 223.619 227.873 230.029 229.019 221.171 201.964 182.181 169.401 161.4 158.37 160.049 166.575 178.012 188.718 199.156 207.025 209.49 209.452 214.356 224.175 228.464 226.82 232.085 238.192 237.795 238.834 240.258 240.284 238.928 240.181
210.981 212.537 217.923 224.761 229.707 230.957 228.547 238.549 251.716 228.55 226.78 220.778 212.356 224.949 235.782 249.511 244.192 225.152 207.72 198.276 196.271 195.764 196.017 196.428 197.419 199.184 200.486 201.744 202.89 204.566 206.693 208.477 210.033 213.73 217.951 222.585 227.205 232.337 236.708 239.064 239.179 228.966 197 169.16 158.471 154.694 154.087 158.144 168.56 181.763 198.826 216.701 226.139 234.545 245.173 261.34 264.979 263.933 261.414 261.746 257.902 251.565 248.24 246.09 243.673 241.456 240.981
218.203 220.671 226.836 231.97 233.206 231.506 226.655 236.896 234.853 223.615 225.62 213.294 221.659 236.525 245.46 233.518 213.511 202.418 198.581 196.521 195.773 194.646 195.135 196.069 198.131 201.493 204.359 205.794 206.756 209.012 211.75 214.107 216.448 220.087 224.057 228.673 232.802 237.483 241.502 242.98 240.574 223.59 185.742 160.596 152.372 150.39 151.688 158.751 172.981 195.638 225.085 243.219 256.901 269.907 282.833 295.93 305.344 304.019 303.064 294.502 284.047 278.006 268.128 260.542 253.837 248.999 247.741
225.208 228.625 232.975 233.674 231.868 227.44 223.222 231.801 232.795 216.947 216.448 214.911 223.41 219.133 214.549 203.372 201.548 200.947 198.403 197.437 196.911 196.158 196.359 197.316 199.903 204.058 207.73 208.77 210.256 213.159 216.664 219.63 221.804 225.179 229.456 232.458 236.158 239.17 240.48 238.694 232.099 211.727 179.858 159.691 151.847 151.981 154.485 164.745 187.363 218.843 245.245 261.997 276.349 288.129 299.969 309.729 320.545 322.616 324.039 321.175 312.067 304.596 292.368 280.336 270.934 264.7 259.899
230.728 233.334 234.497 232.46 228.343 222.547 217.283 226.511 229.097 207.615 206.322 206.273 204.229 202.428 201.194 200.276 200.191 199.754 199.354 199.433 198.953 198.457 199.415 200.3 202.184 205.493 207.558 209.428 211.346 214.39 218.76 221.021 224.066 227.241 230.595 232.745 234.585 236.599 235.104 230.723 222.905 202.618 179.918 164.922 155.833 157.471 163.85 176.404 201.169 227.049 248.831 267.65 279.384 287.647 300.397 313.297 323.476 327.924 329.84 331.605 329.151 324.509 317.898 304.568 292.439 283.854 274.775
233.414 235.744 234.265 229.78 222.886 215.566 209.011 242.882 224.301 200.91 198.971 198.242 199.144 199.777 199.262 198.762 198.57 199.752 200.642 201.041 200.733 201.376 203.553 203.608 203.621 204.243 206.753 209.687 212.37 216.426 220.335 222.406 224.116 226.12 228.554 229.207 230.873 231.687 228.645 224.494 214.198 196.572 181.462 171.545 162.765 162.488 174.028 187.161 205.53 228.672 248.711 261.395 273.376 281.563 291.989 306.438 320.131 328.454 329.761 332.767 336.214 335.637 330.098 322.555 311.168 302.317 293.061
232.996 233.851 230.14 222.973 214.317 206.988 222.9 239.358 199.133 196.628 195.02 194.676 196.311 197.819 198.439 197.966 198.486 200.004 201.218 202.472 203.585 205.896 207.283 205.892 204.369 205.271 209.023 212.861 216.098 219.962 223.257 223.814 224.579 226.282 226.086 226.186 227.574 226.867 223.686 218.143 207.681 195.997 184.452 176.392 171.987 171.476 177.162 191.429 213.358 231.757 244.245 255.887 266.888 275.958 283.081 294.113 306.899 321.684 328.134 331.505 335.254 339.611 338.099 331.583 322.691 314.854 307.018
228.309 228.974 222.537 213.562 206.205 199.783 218.197 217.423 194.398 194.057 194.944 195.378 196.562 198.064 198.758 198.781 199.225 200.496 202.256 204.597 207.311 210.366 210.726 208.808 207.848 209.041 212.428 217.165 220.455 224.545 226.468 226.843 227.888 227.074 225.734 225.642 225.528 223.6 220.286 215.461 206.82 197.927 189.317 182.489 178.087 179.224 186.378 197.829 215.775 230.734 241.595 253.171 261.189 267.699 272.707 279.322 288.462 302.355 317.551 326.99 333.041 336.211 337.958 335.714 328.402 320.621 316.014
220.028 217.417 211.231 204.332 197.662 193.587 215.999 213.287 190.215 193.506 196.327 197.494 199.006 199.914 201.275 201.773 200.849 202.116 205.537 209.095 212.394 215.586 215.304 214.502 214.132 214.459 217.954 222.75 226.102 228.739 230.019 231.675 232.008 230.14 228.193 227.061 225.405 222.774 221.213 216.364 209.447 203.866 196.941 189.475 183.657 184.535 192.706 202.361 217.413 230.534 240.802 247.396 251.379 254.163 258.143 263.373 269.949 278.305 291.425 309.999 323.599 330.17 333.803 332.923 329.585 323.487 319.142
210.511 205.41 202.44 195.761 191.948 192.01 213.027 211.455 190.851 192.833 194.725 198.975 201.879 203.076 205.884 205.527 204.071 206.706 211.486 215.649 220.036 223.268 223.926 223.447 222.065 222.483 226.294 229.907 231.383 232.99 234.943 236.66 236.878 235.004 231.514 228.936 227.53 226.194 225.389 220.482 216.855 213.95 207.259 198.286 192.178 190.816 196.529 206.334 220.605 231.109 238.548 240.465 241.432 242.715 244.245 247.644 252.195 257.402 265.879 281.548 299.999 317.006 326.024 327.355 325.544 323.686 321.222
202.729 199.189 195.609 191.758 191.065 190.847 232.916 212.911 188.356 190.246 193.635 200.19 204.754 207.541 209.174 208.807 210.208 213.589 218.717 225.483 232.454 235.232 235.458 233.785 232.909 232.325 234.924 236.824 237.367 239.819 240.659 240.958 241.084 238.348 233.779 232.101 232.752 233.015 231.298 229.645 228.574 227.193 220.358 212.314 205.769 201.736 200.735 211.335 224.682 231.495 234.252 234.514 234.982 234.719 235.003 236.151 238.241 242.039 249.294 259.069 274.19 290.677 310.462 319.034 320.083 320.158 320.694
198.186 195.808 191.999 191.036 191.758 214.101 232.112 187.522 189.087 190.965 195.154 202.278 207.417 211.303 213.711 214.987 218.152 222.446 230.811 238.801 245.211 246.139 245.492 244.355 242.875 242.555 243.971 243.9 244.618 245.744 244.936 243.598 241.704 237.627 235.844 237.634 238.26 238.776 238.877 240.195 241.856 240.871 236.488 229.577 222.993 215.745 208.02 218.789 225.103 228.027 229.522 230.553 230.202 229.778 229.895 229.451 230.217 234.089 237.79 241.869 250.023 260.926 280.428 301.891 311.714 315.219 317.091
196.885 195.017 192.385 192.444 192.426 215.734 213.704 189.437 191.945 195.855 201.229 207.562 213.59 217.933 220.853 223.585 228.021 234.21 242.729 249.965 253.842 255.768 256.368 253.545 252.576 253.104 251.606 250.158 249.729 248.088 246.19 244.394 240.498 237.056 238.495 241.437 242.312 243.142 246.413 247.978 250.841 249.197 246.328 239.519 233.242 216.753 212.791 221.98 223.652 224.455 226.866 227.349 227.76 227.934 227.151 227.047 228.427 230.585 231.055 232.279 234.955 242.153 253.471 270.095 286.476 301.277 310.851
199.235 198.528 196.587 195.934 195.39 219.565 215.399 194.18 197.527 204.613 211.358 219.096 224.591 227.623 230.675 234.825 239.612 246.157 251.607 257.569 261.5 265.112 265.84 264.277 263.155 260.988 258.798 257.257 254.319 249.973 247.678 245.34 241.06 239.249 240.658 242.953 245.343 247.811 251.332 252.978 252.657 250.05 245.346 240.112 229.945 215.184 219.618 227.819 223.724 221.231 223.538 226.826 228.54 227.789 227.1 227.561 229.029 228.788 227.962 228.544 230.113 234.525 240.266 245.945 258.033 273.052 288.556
205.838 206.51 204.302 204.945 205.176 226.8 218.436 202.889 208.425 216.394 225.715 233.34 236.081 241.224 244.649 249.809 253.227 257.022 260.631 264.585 269.639 272.894 274.141 276.731 272.33 269.457 268.861 266.604 262.32 255.964 252.762 248.199 244.486 243.37 243.571 244.161 247.136 251.21 252.992 253.795 252.254 248.574 243.195 237.652 229.59 219.931 222.699 226.506 223.632 222.845 220.785 230.06 230.427 228.712 229.05 230.039 230.272 228.259 227.394 227.279 228.532 231.11 233.288 236.381 243.071 250.613 261.706
216.523 219.079 218.788 218.723 220.88 236.832 225.1 217.239 224.649 233.964 241.669 245.367 248.486 255.296 261.587 263.716 265.082 266.649 268.755 271.836 275.015 278.623 281.255 284.768 284.213 282.549 281.26 277.18 271.716 264.981 258.813 253.284 250.143 249.821 248.329 247.957 250.233 252.04 252.326 252.316 248.75 244.208 241.358 236.133 229.565 222.883 220.71 229.778 233.539 241.038 246.216 231.683 234.17 233.66 234.996 234.333 232.112 230.28 228.436 227.434 228.699 229.591 230.659 233.125 236.488 241.531 250.157
230.027 234.664 235.59 235.422 239.818 255.778 240.014 240.017 249.654 254.305 258.235 258.565 262.106 266.317 271.511 272.641 272.969 273.562 273.687 274.913 275.885 279.138 283.635 285.707 289.166 290.682 289.017 285.626 279.136 272.294 265.007 261.487 258.721 257.24 255.326 255.368 254.675 253.531 251.756 248.372 242.818 240.967 237.673 233.434 229.088 226.98 233.335 247.085 245.937 250.457 329.329 224.343 244.598 245.273 244.556 241.34 238.45 234.483 231.216 229.57 229.685 230.163 231.623 233.792 237.146 242.838 247.158
243.769 249.842 249.865 251.113 257.87 263.927 254.083 261.856 267.976 269.286 270 271.505 274.639 275.752 276.059 278.319 280.054 278.055 276.591 274.514 274.771 275.94 279.491 281.786 283.961 287.298 286.767 285.322 283.839 279.064 273.504 269.16 267.524 264.229 263.944 263.052 259.528 255.597 250.967 244.84 241.29 240.283 236.47 235.189 236.322 240.581 253.424 261.567 256.217 247.35 192.815 247.17 263.634 264.468 260.544 256.019 248.847 242.681 238.646 234.955 234.017 234.792 236.067 237.715 240.711 244.844 247.509
254.733 260.544 259.159 263.671 268.101 262.713 268.829 272.769 273.33 276.471 277.71 280.236 282.004 281.904 281.684 282.556 282.713 280.211 277.399 273.929 273.265 272.949 272.159 272.957 275.594 277.657 278.171 277.271 279.634 279.759 278.653 274.395 273.805 271.32 269.653 266.938 261.636 255.232 249.853 244.467 243.202 241.482 239.942 241.026 249.62 259.435 266.497 270.753 269.157 250.781 225.492 293.735 283.879 284.422 278.934 272.381 263.957 257.245 249.702 245.19 242.967 242.841 243.129 242.764 243.998 245.114 246.9
261.152 264.775 263.313 268.533 273.079 271.308 277.461 279.827 279.13 282.147 283.173 284.258 285.549 284.94 285.851 284.153 281.697 279.985 275.954 272.075 269.615 266.754 263.775 264.544 266.214 266.055 267.053 266.912 268.709 272.971 276.542 277.874 276.767 275.962 271.312 266.837 260.325 253.609 248.138 245.114 245.059 243.827 244.021 250.668 260.574 270.286 275.248 286.803 300.452 296.064 302.357 311.086 301.849 298.883 295.775 289.21 282.179 272.814 262.474 258.072 255.861 252.918 250.974 248.895 248.165 246.128 245.841
263.596 264.559 265.129 267.616 271.377 275.659 278.59 281.706 283.469 284.082 284.193 284.281 285.871 286.119 285.584 282.615 278.006 274.721 271.959 269.259 264.066 259.647 257.08 256.46 257.888 257.482 256.979 258.19 260.856 268.84 272.195 275.966 275.882 275.478 271.308 265.968 259.635 253.16 247.39 246.694 246.98 248.431 252.135 260.865 266.981 277.095 288.229 301.412 319.271 325.998 326.792 324.365 319.087 313.489 310.97 305.715 297.489 290.683 278.934 271.333 267.32 262.843 258.299 255.431 252.749 249.07 247.594
264.068 263.899 264.945 265.414 269.812 274.581 275.748 277.937 282.086 282.101 282.531 282.492 282.841 284.226 281.318 278.496 272.813 268.034 266.457 264.223 259.173 255.243 253.023 252.31 253.356 252.437 252.403 254.631 260.258 266.885 269.952 271.659 272.029 270.745 267.858 263.313 257.305 252.688 249.946 249.328 250.871 254.671 262.172 268.825 274.109 283.197 297.28 311.868 324.596 331.169 332.486 331.541 330.616 327.303 324.783 321.852 314.231 304.176 295.134 282.649 274.789 270.526 263.66 260.138 256.181 253.068 250.692
263.474 264.218 262.62 261.884 266.791 269.557 270.901 271.672 274.699 275.959 276.641 277.934 278.477 279.183 276.956 272.507 267.761 263.88 260.613 257.672 255.303 253.256 252.756 253.145 251.979 251.396 252.99 255.48 260.334 264.978 269.095 269.632 269.421 268.16 266.152 261.451 256.59 254.17 254.129 253.734 257.896 263.677 270.496 275.172 280.223 287.395 300.764 315.16 324.353 330.574 334.036 335.256 336.345 336.271 336.96 334.824 331.337 322.043 307.673 293.405 282.268 273.733 268.475 262.991 259.125 256.519 253.113
262.159 261.711 260.874 259.47 261.321 260.326 261.394 263.015 264.778 267.647 270.476 272.166 273.367 273.368 272.532 268.279 262.258 259.643 256.673 255.494 255.48 256.018 256.196 255.793 253.929 254.454 255.107 258.258 262.519 266.429 269.268 270.069 269.79 269.264 268.931 265.334 262.619 260.042 260.755 263.537 267.769 271.163 275.925 279.119 282.002 288.999 300.468 313.042 322.456 329.275 333.454 335.015 338.86 342.465 345.418 346.382 343.11 339.538 326.269 306.994 290.679 277.751 270.944 265.418 261.199 257.736 254.831
261.019 259.232 258.126 257.744 258.093 254.4 254.819 256.6 257.615 261.578 265.818 268.203 268.373 266.292 265.129 262.879 259.977 259.544 260.565 261.428 261.951 262.683 262.186 260.013 259.879 259.246 259.344 263.299 267.59 269.735 270.933 272.957 273.166 273.187 271.515 272.231 269.772 271.163 272.857 274.908 276.213 276.511 278.18 280.326 282.937 289.065 297.633 307.56 316.85 325.013 330.557 334.731 339.961 345.977 351.411 355.386 354.612 350.805 341.951 325.296 302.291 285.485 272.272 267.706 262.706 259.639 257.461
