wasim_mod/input/grids/GRD/fundus_25.sd1
ncols	193
nrows	326
xllcorner	39436.98047
yllcorner	214976.5781
cellsize	25.0198
nodata_value	-9999
[rows 72 to 107 of 326, columns 0 to 81 of 193]
0.186998 0.206709 0.219429 0.250314 0.290417 0.325107 0.311087 0.32454 0.328364 0.306255 0.270618 0.251572 0.255009 0.281762 0.283733 0.307469 0.347595 0.398606 0.480678 0.555957 0.612472 0.608006 0.586121 0.558999 0.525577 0.509556 0.519039 0.526437 0.515306 0.502814 0.507633 0.54777 0.617225 0.751067 0.87767 0.570422 0.428215 0.378505 0.301633 0.185987 0 0.105137 0.153582 0.281847 0.351841 0.408045 0.41006 0.410485 0.437782 0.491854 0.460115 0.416422 0.386512 0.398388 0.489075 0.648208 1 0.619707 0.352941 0.192497 0.142735 0.117976 0 0 0 0 0 0 0 0 0 0 0.0115591 0.014459 0.0364463 0.0165452 0 0.00868103 0.0567673 0.0868806 0.105183 0.106277
0.196742 0.185225 0.186758 0.236614 0.283065 0.290186 0.295 0.301191 0.298174 0.300119 0.281167 0.269569 0.262898 0.276205 0.282454 0.300854 0.319439 0.369503 0.447798 0.532548 0.597485 0.620472 0.606541 0.583018 0.551591 0.520765 0.50211 0.503282 0.50478 0.508744 0.518649 0.559316 0.654312 0.815022 0.780748 0.4926 0.385133 0.337618 0.268579 0.225881 0.15448 0.215581 0.277545 0.425131 0.486652 0.489672 0.45 0.444939 0.485689 0.486537 0.426099 0.393763 0.374998 0.434323 0.550506 0.692902 1 0.744486 0.509166 0.305683 0.189151 0.135481 0.0578752 0 0 0 0 0 0 0 0 0 0 0 0.0124106 0 0 0 0.100053 0.133744 0.128257 0.167536
0.208963 0.20764 0.206987 0.264302 0.301936 0.293512 0.303705 0.307938 0.291274 0.269839 0.270783 0.268085 0.265619 0.236769 0.253321 0.284921 0.293081 0.331799 0.392678 0.475621 0.531593 0.589526 0.614468 0.596657 0.565786 0.540552 0.507121 0.484017 0.48017 0.499889 0.539722 0.577954 0.675388 0.876062 0.682382 0.453279 0.361457 0.267432 0.223207 0.239482 0.217329 0.330997 0.462453 0.605432 0.618522 0.557845 0.490427 0.483289 0.490782 0.459828 0.416001 0.387476 0.402699 0.506915 0.626075 0.738145 1 0.82615 0.646227 0.444758 0.273835 0.180346 0.109773 0 0 0 0 0 0 0.0536094 0.0489008 0 0 0.00741086 0 0 0 0.0694486 0.127897 0.161158 0.172034 0.210452
0.230186 0.244525 0.254836 0.290746 0.315518 0.319965 0.307022 0.287514 0.286678 0.260155 0.252953 0.258811 0.239865 0.194566 0.198491 0.22973 0.268048 0.30118 0.353472 0.421651 0.474264 0.513915 0.572601 0.597635 0.570991 0.544166 0.512837 0.482323 0.469753 0.49148 0.539651 0.606112 0.688146 0.94377 0.610244 0.425456 0.307858 0.234739 0.271626 0.273419 0.292448 0.422396 0.606103 0.72215 0.689163 0.601675 0.522634 0.495517 0.481682 0.452588 0.424444 0.397773 0.453413 0.574247 0.672342 0.766938 1 0.868965 0.747307 0.579618 0.401228 0.306705 0.253218 0.207312 0.164431 0.191884 0.236565 0.218515 0 0.0433681 0.026374 0 0 0 0 0 0 0.070075 0.126294 0.172951 0.205968 0.246112
0.257542 0.257997 0.263274 0.270735 0.301657 0.311366 0.301164 0.257904 0.258122 0.246862 0.238592 0.246002 0.210117 0.178609 0.160044 0.156444 0.224369 0.261759 0.304565 0.356229 0.415789 0.450934 0.492307 0.551064 0.558987 0.532783 0.506803 0.477097 0.463583 0.491945 0.548587 0.616605 0.725733 0.92349 0.544674 0.364144 0.29534 0.341644 0.399019 0.345304 0.341445 0.515102 0.693716 0.742766 0.720226 0.631606 0.53628 0.502088 0.482113 0.458599 0.4401 0.445192 0.519583 0.62666 0.700292 0.804186 1 0.905491 0.827931 0.685135 0.525728 0.447389 0.397954 0.366885 0.341412 0.327592 0.379619 0.505489 0 0.133114 0.0472721 0 0 0 0 0 0 0.0408066 0.0955093 0.163237 0.232744 0.292808
0.2856 0.295613 0.27071 0.249998 0.263767 0.278438 0.270663 0.239883 0.227192 0.224518 0.214285 0.211501 0.181109 0.155782 0.123163 0.10157 0.14863 0.185142 0.206418 0.233621 0.30098 0.36005 0.389831 0.454043 0.503026 0.501231 0.48107 0.45417 0.449072 0.467795 0.541741 0.635425 0.803156 0.801262 0.507415 0.36274 0.366097 0.446666 0.446483 0.219142 0.367807 0.557072 0.640953 0.744883 0.766762 0.656759 0.57076 0.520406 0.469555 0.458322 0.477286 0.507322 0.573193 0.649891 0.728255 0.865785 0.964638 1 0.889185 0.74103 0.605097 0.560842 0.530698 0.474992 0.459864 0.454732 0.507694 0.734547 0.569776 0.219427 0.0289315 0 0 0 0 0 0 0 0.0263233 0.115738 0.235689 0.274616
0.316288 0.328732 0.267943 0.235267 0.240719 0.252976 0.250137 0.232016 0.225844 0.204124 0.182396 0.141535 0.141131 0.120147 0.0723494 0.0577172 0.0500904 0.0654461 0.0803516 0.0751981 0.126263 0.203042 0.2555 0.319414 0.385866 0.432421 0.43797 0.424035 0.422255 0.442677 0.516179 0.647664 0.893276 0.758376 0.518009 0.403967 0.428536 0.467083 0.36964 0 0.499129 0.548353 0.638558 0.789383 0.790227 0.696374 0.600315 0.510758 0.467053 0.499351 0.54203 0.565715 0.611704 0.658296 0.758428 0.904307 1 0.904962 0.889228 0.769693 0.64033 0.606516 0.61121 0.576213 0.550566 0.573114 0.639454 0.973853 0.483767 0.150872 0 0 0 0 0 0 0 0 0 0 0.0107764 0.0528753
0.338791 0.353346 0.293507 0.232276 0.202618 0.207356 0.209107 0.187852 0.192308 0.18767 0.146786 0.0717126 0.0503564 0.0409464 0 0 0 0 0 0 0 0 0.102565 0.178257 0.262139 0.329257 0.372659 0.384027 0.384398 0.416828 0.4839 0.646181 0.922894 0.762221 0.525105 0.429523 0.445677 0.447972 0.359165 0.360352 0.514791 0.559076 0.654322 0.781017 0.796716 0.719269 0.629208 0.542919 0.52223 0.56818 0.60841 0.626407 0.650719 0.681152 0.751719 0.887831 1 0.845336 0.814914 0.750761 0.659748 0.624475 0.617247 0.608116 0.611864 0.683721 0.811245 0.722035 0.21733 0 0 0 0 0 0 0 0 0 0 0 0 0
0.354194 0.356142 0.321739 0.27886 0.2059 0.184639 0.183119 0.162039 0.146997 0.139114 0.0716379 0 0 0 0 0 0 0 0 0 0 0 0 0.0834171 0.194198 0.262575 0.317931 0.346024 0.349559 0.382687 0.458796 0.629807 0.904876 0.746844 0.516869 0.429744 0.430613 0.435375 0.375764 0.382519 0.537053 0.591712 0.684189 0.777125 0.783146 0.74545 0.694164 0.613533 0.59115 0.635681 0.66918 0.679144 0.68947 0.707976 0.759814 0.863988 1 0.841795 0.766192 0.725067 0.675083 0.634991 0.60661 0.603006 0.64021 0.770549 0.805299 0.241713 0 0 0 0 0 0 0 0 0 0 0 0 0 0
0.371632 0.36826 0.3467 0.336319 0.309176 0.262664 0.25394 0.225168 0.17264 0.0950426 0.00215821 0 0 0 0 0 0 0 0 0 0 0 0 0.0428801 0.136802 0.211125 0.277835 0.316316 0.337001 0.362528 0.432856 0.602825 0.899712 0.71516 0.510461 0.431843 0.443659 0.47517 0.404067 0.417794 0.588558 0.650035 0.734379 0.77991 0.753486 0.758623 0.738903 0.676396 0.671802 0.69612 0.7041 0.723355 0.736301 0.747609 0.782576 0.85315 1 0.87078 0.770483 0.740251 0.707618 0.653143 0.595085 0.590389 0.65352 0.959661 0.307109 0 0 0 0 0 0 0 0 0 0 0 0 0 0 0
0.401437 0.407094 0.421051 0.418062 0.41654 0.368758 0.335928 0.301219 0.217958 0.104444 0 0 0 0 0 0 0 0 0 0 0 0 0 0.0848627 0.124865 0.172925 0.226048 0.272194 0.310622 0.346968 0.421265 0.565043 0.879373 0.705097 0.530191 0.459923 0.473118 0.5028 0.266824 0.463612 0.634466 0.683626 0.737239 0.737533 0.732202 0.733141 0.751892 0.783105 0.750192 0.709933 0.720918 0.768289 0.803565 0.810159 0.810567 0.871769 1 0.892978 0.799467 0.802987 0.78355 0.694484 0.608569 0.586351 0.710062 0.0912146 0 0 0 0 0 0 0 0 0 0 0 0 0 0 0 0
0.44132 0.456957 0.467318 0.489079 0.491143 0.454834 0.404336 0.344899 0.260291 0.149967 0.0606351 0 0 0 0 0 0 0 0 0 0 0 0.133134 0.178511 0.189533 0.191158 0.207034 0.239091 0.265173 0.301319 0.385308 0.535124 0.826451 0.732948 0.542574 0.474501 0.488449 0.408725 0 0.627843 0.667528 0.689264 0.710102 0.708363 0.709801 0.749352 0.806978 0.808472 0.755587 0.736205 0.781097 0.821123 0.832718 0.844264 0.874288 0.929987 1 0.896368 0.868895 0.895836 0.869497 0.759161 0.691669 0.670462 0 0 0 0 0 0 0 0 0 0 0 0 0 0 0 0 0 0
0.481993 0.49846 0.483537 0.511629 0.538163 0.524592 0.47767 0.405005 0.292894 0.174031 0.0400567 0 0 0 0 0 0 0 0 0 0.120199 0.190117 0.233562 0.265558 0.251142 0.228023 0.222736 0.227602 0.217093 0.251642 0.31985 0.469725 0.746388 0.787119 0.550681 0.504182 0.525992 0.439689 0.464021 0.672124 0.696077 0.690176 0.700027 0.694983 0.705814 0.766894 0.816163 0.804469 0.77474 0.784908 0.83013 0.872261 0.911974 0.901896 0.913472 0.962746 1 0.941438 0.956929 0.956192 0.937671 1 0.797906 0 0 0 0 0 0 0 0 0 0 0 0 0 0 0 0 0 0 0
0.51828 0.530932 0.504873 0.507529 0.535065 0.572982 0.548628 0.492249 0.353955 0.21679 0 0 0 0 0 0 0 0 0 0.132615 0.199999 0.249861 0.289348 0.316985 0.295544 0.251442 0.223623 0.202818 0.18 0.183954 0.234807 0.362599 0.622205 0.884681 0.60751 0.574719 0.588266 0.465762 0.479327 0.705229 0.715123 0.700592 0.710476 0.702796 0.724764 0.776011 0.794976 0.79847 0.807665 0.842397 0.880985 0.923703 0.969077 0.940275 0.926225 0.962966 0.972281 0.930507 0.854143 0.766504 0.666312 0.428349 0 0 0 0 0 0 0 0 0 0 0 0 0 0 0 0 0 0 0 0
0.542958 0.562049 0.526321 0.501692 0.505968 0.568896 0.604691 0.566095 0.441394 0.29309 0.144322 0 0 0 0 0 0 0.0514265 0.0902561 0.143624 0.206001 0.243469 0.278871 0.291658 0.301902 0.254927 0.206279 0.168029 0.158421 0.101064 0.115824 0.225774 0.465373 0.849104 0.782085 0.668475 0.62146 0.475781 0.489936 0.704046 0.730128 0.740879 0.738409 0.732135 0.758037 0.782026 0.789803 0.79935 0.830601 0.884991 0.930041 0.961906 0.968089 0.936738 0.914297 0.931381 0.885683 0.75922 0.668524 0.552981 0.350553 0 0 0 0 0 0 0 0 0 0 0 0 0 0 0 0 0 0 0 0 0
0.544358 0.56081 0.541801 0.48816 0.473085 0.520397 0.627543 0.59911 0.499208 0.347964 0.166129 0.0561612 0 0 0 0.0312074 0.0665759 0.0769564 0.0870457 0.124124 0.176084 0.212735 0.233884 0.238586 0.248165 0.21607 0.167263 0.128148 0.0985319 0.042245 0 0.0614692 0.225503 0.524889 0.925284 0.748543 0.678626 0.50421 0.502846 0.716582 0.786544 0.795289 0.776584 0.783371 0.792428 0.817499 0.82012 0.803232 0.830496 0.884732 0.942235 0.948942 0.928471 0.892743 0.859182 0.836835 0.717568 0.569533 0.444825 0.243124 0 0 0 0 0 0 0 0 0 0 0 0 0 0 0 0 0 0 0 0 0 0
0.51423 0.511873 0.513416 0.471315 0.436481 0.452851 0.565159 0.584588 0.47985 0.351248 0.213532 0.102365 0 0 0.0304775 0.0616884 0.0880765 0.0857184 0.0700621 0.0804535 0.108389 0.148713 0.172198 0.208727 0.19361 0.159068 0.100544 0.0628417 0.00800446 0.00726165 0 0 0.0636759 0.293279 0.588438 0.958498 0.861744 0.383473 0.541255 0.7605 0.802961 0.822234 0.840446 0.840408 0.838052 0.84026 0.818646 0.805861 0.83708 0.872429 0.871294 0.828498 0.81612 0.812985 0.75355 0.654576 0.4836 0.295108 0.0701519 0 0 0 0 0 0 0 0 0 0 0 0 0 0 0 0 0 0 0 0 0 0 0
0.45139 0.439994 0.431625 0.396976 0.37029 0.379764 0.418628 0.476305 0.481178 0.385614 0.281174 0.157135 0.106815 0.0819193 0.0766018 0.0971543 0.103023 0.0733742 0.0415256 0.0109275 0.026456 0.0512606 0.0942318 0.145954 0.163426 0.126105 0.05547 0.0195292 0 0 0 0 0.0449055 0.228855 0.431193 0.66756 0.671689 0 0.781635 0.80278 0.829996 0.848498 0.846055 0.848341 0.849999 0.835703 0.808862 0.802442 0.823753 0.809768 0.7658 0.729461 0.7181 0.68469 0.574898 0.407439 0.184287 0 0 0 0 0 0 0 0 0 0 0 0 0 0 0 0 0 0 0 0 0 0 0 0.0525376 0.116483
0.365068 0.334073 0.334885 0.281875 0.228298 0.238542 0.354325 0.394726 0.446072 0.443786 0.352528 0.234033 0.163304 0.125588 0.125856 0.120921 0.107736 0.0569191 0 0 0 0 0 0.0349604 0.111345 0.0995703 0.0311461 0 0 0 0 0 0.094412 0.214211 0.350908 0.533798 0.826024 0.700126 0.881264 0.849067 0.867307 0.868981 0.841205 0.825282 0.806237 0.797466 0.774693 0.761353 0.76278 0.738854 0.689111 0.633762 0.578493 0.478385 0.313634 0.097321 0 0 0 0 0 0 0 0 0 0 0 0.0619277 0 0 0 0 0 0 0 0 0 0 0 0 0.0754614 0.136708
0.264092 0.215334 0.166658 0.181427 0.108999 0.155693 0.281645 0.365902 0.416924 0.44289 0.384549 0.317856 0.240227 0.192324 0.175007 0.142745 0.0910819 0.0393242 0 0 0 0 0 0 0.00976374 0.0730385 0.0137804 0 0 0 0 0 0.106254 0.173111 0.266617 0.403911 0.972742 1 0.962476 0.921633 0.899865 0.867753 0.823282 0.771981 0.727152 0.710521 0.698306 0.681603 0.670526 0.656154 0.597332 0.480765 0.35778 0.209468 0 0 0 0 0 0 0 0 0 0 0 0.172021 0.21027 0.108465 0 0 0 0 0 0 0 0 0 0 0.039202 0.0895572 0.127698 0.188768
0.17772 0.110484 0.0161349 0.0883722 0.0953559 0.17619 0.274244 0.300319 0.330075 0.409219 0.385728 0.350436 0.302554 0.27581 0.226434 0.185026 0.102321 0.0147406 0 0 0 0 0 0 0 0.0428286 0.0358304 0 0 0 0 0 0.0706599 0.141582 0.187148 0.257197 0.603816 1 0.824663 0.974047 0.906036 0.81747 0.74552 0.680682 0.627021 0.597769 0.59292 0.583585 0.55064 0.501158 0.371551 0.21485 0.0983076 0 0 0 0 0 0 0 0 0 0 0 0.153804 0.258315 0.224508 0.114763 0.034708 0 0 0 0 0 0 0 0 0.0502572 0.125956 0.183709 0.220598 0.291889
0.160003 0.103929 0 0.115596 0.154405 0.188165 0.270527 0.294309 0.305197 0.375194 0.398672 0.359368 0.329144 0.324637 0.283428 0.22016 0.140529 0.00532153 0 0 0 0 0 0 0 0 0.0318104 0 0 0 0 0 0 0.0763421 0.0990999 0.0681176 0.210935 0.646782 0.680625 0.844213 0.925695 0.752224 0.634138 0.561386 0.511323 0.489929 0.510103 0.470256 0.369739 0.237967 0.00472991 0 0 0 0 0 0 0 0 0 0 0 0 0.151873 0.251381 0.280434 0.211573 0.120022 0.0101597 0 0 0 0 0 0 0 0.0736168 0.136469 0.208941 0.277199 0.344096 0.413844
0.195276 0.236896 0.29827 0.255985 0.231196 0.235197 0.28585 0.37128 0.40426 0.402568 0.431882 0.4137 0.364282 0.349441 0.332057 0.264866 0.175953 0.0315258 0 0 0 0 0 0 0 0 0 0 0 0 0 0 0 0 0 0 0 0.293288 0.451051 0.640517 0.985251 0.659425 0.521639 0.471214 0.432725 0.420544 0.4345 0.338784 0.195685 0 0 0 0 0 0 0 0 0 0 0 0 0.17026 0.249498 0.268586 0.288813 0.227986 0.12657 0.0567926 0 0 0 0 0 0 0 0.0616384 0.130901 0.206176 0.292404 0.38221 0.446905 0.492794
0.237536 0.26592 0.299659 0.352939 0.34502 0.357863 0.363304 0.418351 0.497607 0.508915 0.494141 0.486218 0.440493 0.398424 0.392841 0.359708 0.274591 0.14602 0 0 0 0 0 0 0 0 0 0 0 0 0 0 0 0 0 0 0 0 0.0976962 0.254627 0.675898 0.581663 0.463939 0.431128 0.404687 0.386808 0.339727 0.234776 0.0964546 0 0 0 0 0 0 0 0 0.144789 0.206135 0.26883 0.297978 0.321697 0.307146 0.297087 0.268095 0.144604 0.032064 0 0 0 0 0 0 0 0.0820412 0.11754 0.184746 0.264631 0.375685 0.467736 0.517683 0.562212
0.260552 0.249792 0.286635 0.350483 0.405793 0.441564 0.475874 0.485291 0.515231 0.542157 0.540048 0.526343 0.503241 0.462583 0.457681 0.441356 0.378257 0.269562 0.112535 0 0 0 0 0 0 0 0 0 0 0 0 0 0 0 0 0 0 0 0 0 0.184356 0.666667 0.49295 0.473604 0.432201 0.3974 0.304941 0.208575 0.143049 0 0 0 0 0 0 0.16795 0.225242 0.303291 0.359359 0.403747 0.404318 0.3527 0.3081 0.319599 0.275409 0.165606 0.100565 0.0817797 0.0720076 0.0805868 0.101321 0.133664 0.149819 0.169758 0.179833 0.231661 0.273679 0.356163 0.469113 0.560701 0.596717 0.636425
0.286842 0.287859 0.348289 0.392585 0.431221 0.463409 0.498612 0.522636 0.534686 0.541962 0.544223 0.539901 0.529482 0.501162 0.490223 0.48978 0.428384 0.318974 0.168792 0 0 0 0 0 0 0 0 0 0 0 0 0 0 0 0 0 0 0 0 0 0.062496 0.634367 0.686814 0.582812 0.488294 0.426158 0.340438 0.288006 0.259322 0.199733 0.167912 0 0 0.1965 0.288259 0.339122 0.377073 0.405881 0.458381 0.472155 0.414422 0.349531 0.341767 0.353429 0.294847 0.218887 0.191207 0.174185 0.16936 0.17275 0.193893 0.216144 0.221081 0.235341 0.269438 0.326301 0.376032 0.474649 0.572716 0.637445 0.676889 0.705073
0.336711 0.345292 0.368512 0.43345 0.451342 0.471451 0.490682 0.512586 0.531936 0.535678 0.531711 0.537181 0.535181 0.528085 0.504232 0.499309 0.459672 0.329445 0.174967 0.0443783 0 0 0 0 0 0 0 0 0 0 0 0 0 0 0 0 0 0 0 0 0.161574 0.508729 0.8721 0.72471 0.543436 0.458763 0.423447 0.397151 0.354242 0.320892 0.329305 0.353498 0.37918 0.427336 0.464266 0.449544 0.45242 0.47313 0.5044 0.46481 0.391871 0.372114 0.406146 0.389301 0.314117 0.268554 0.263993 0.24064 0.245345 0.244092 0.258398 0.265698 0.270544 0.281723 0.34115 0.398679 0.484261 0.567509 0.631655 0.693323 0.752436 0.778168
0.394948 0.420175 0.415964 0.444448 0.462132 0.466327 0.484722 0.495041 0.512641 0.523472 0.518663 0.525684 0.526577 0.523211 0.528677 0.494514 0.452376 0.315909 0.140925 0.0179425 0 0 0 0 0 0 0 0 0 0 0 0 0 0 0 0 0 0 0 0 0.213545 0.438282 0.708627 0.831847 0.609179 0.51102 0.48572 0.471506 0.434485 0.408874 0.433559 0.461341 0.488791 0.514766 0.503515 0.478763 0.474264 0.490649 0.49333 0.431152 0.386025 0.394072 0.412709 0.358002 0.309748 0.303903 0.295966 0.273537 0.281991 0.267828 0.270991 0.281874 0.30459 0.3283 0.377623 0.453284 0.543965 0.61479 0.682997 0.768886 0.809666 0.86705
0.460984 0.472812 0.463178 0.453274 0.459846 0.457821 0.468703 0.477208 0.487972 0.50013 0.501245 0.508526 0.52174 0.489822 0.506849 0.52928 0.478633 0.354271 0.176017 0 0 0 0 0 0 0 0 0 0 0 0 0 0 0 0 0 0 0 0 0.121547 0.237678 0.369192 0.582045 0.929223 0.705332 0.564676 0.529166 0.521762 0.484946 0.46825 0.489048 0.507544 0.511474 0.499134 0.486922 0.477386 0.474792 0.485265 0.451607 0.386751 0.345754 0.335887 0.320541 0.291939 0.296845 0.294003 0.273034 0.260328 0.260703 0.254786 0.269351 0.281347 0.311402 0.340366 0.400222 0.47995 0.583887 0.689106 0.753713 0.80526 0.816651 1
0.529831 0.554329 0.514301 0.483592 0.453288 0.43823 0.436217 0.439702 0.438666 0.4516 0.465909 0.483234 0.488169 0.465805 0.452703 0.494367 0.487757 0.389516 0.219688 0.0937595 0 0 0 0 0 0 0 0 0 0 0 0 0 0 0 0 0 0 0.0218895 0.150641 0.255252 0.333602 0.510149 0.752415 0.810786 0.605278 0.548434 0.520851 0.478763 0.471568 0.495489 0.499634 0.481295 0.46836 0.463035 0.461403 0.456767 0.420758 0.343441 0.257064 0.197929 0.16633 0.156089 0.194902 0.223873 0.199754 0.173186 0.176494 0.176313 0.222255 0.254702 0.259648 0.293003 0.348153 0.413429 0.491564 0.628182 0.772621 0.800625 0.804748 0.78242 0.5881
0.603785 0.634257 0.578726 0.533315 0.482921 0.437692 0.407027 0.385826 0.358812 0.347268 0.352861 0.367229 0.399826 0.396602 0.382118 0.417411 0.452449 0.412557 0.267454 0.155801 0 0 0 0 0 0 0 0 0 0 0 0 0 0 0 0 0 0 0 0.101863 0.202549 0.303005 0.420273 0.658483 0.872099 0.605255 0.506841 0.456972 0.406736 0.408192 0.423079 0.417008 0.414453 0.415821 0.40259 0.394964 0.363391 0.279192 0.137465 0 0 0 0 0 0.0549503 0.068212 0.0261007 0.0141291 0.0492253 0.120064 0.169197 0.211753 0.274912 0.356017 0.410514 0.510285 0.641493 0.760543 0.781282 0.640031 0.348166 0
0.677471 0.704656 0.630826 0.569513 0.512197 0.464166 0.415729 0.352024 0.265133 0.197113 0.141877 0.0755491 0.148027 0.254157 0.263788 0.277265 0.392621 0.453344 0.379714 0.25669 0.111397 0 0 0 0 0 0 0 0 0 0 0 0 0 0 0 0 0 0 0.0481852 0.121223 0.222468 0.319574 0.488913 0.920466 0.498954 0.374387 0.27857 0.19288 0.215745 0.220404 0.22698 0.271157 0.27328 0.253829 0.212543 0.128388 0.025946 0 0 0 0 0 0 0 0 0 0 0 0 0 0.138553 0.253244 0.343051 0.415117 0.492397 0.542041 0.528579 0.423975 0.144822 0 0
0.746385 0.778883 0.683797 0.610538 0.542172 0.482534 0.428628 0.342789 0.186667 0.0417025 0 0 0 0.0508609 0.146151 0.206556 0.350343 0.447545 0.441317 0.369552 0.230708 0 0 0 0 0 0 0 0 0 0 0 0 0 0 0 0 0 0 0.0291621 0.069464 0.120639 0.163086 0.203819 0.783953 0.134953 0.0544806 0 0 0 0 0 0 0 0 0 0 0 0 0 0 0 0 0 0 0 0 0 0 0 0 0.100359 0.232258 0.26993 0.332976 0.312386 0.242923 0 0 0 0 0
0.805559 0.836974 0.761368 0.663088 0.594914 0.538136 0.460277 0.366922 0.218396 0 0 0 0 0 0.00135086 0.209587 0.296846 0.37755 0.429956 0.436575 0.356026 0.193768 0 0 0 0 0 0 0 0 0 0 0 0 0 0 0 0 0.0111517 0.016579 0.0280129 0.0519136 0 0 0 0 0 0 0 0 0 0 0 0 0 0 0 0 0 0 0 0 0 0 0 0 0 0 0 0 0 0 0 0 0 0 0 0 0 0 0 0
0.852737 0.86806 0.85279 0.769888 0.682138 0.638377 0.570209 0.45616 0.348416 0.18802 0 0 0 0 0 0.220601 0.273466 0.325475 0.362984 0.418368 0.433304 0.308564 0.1563 0 0 0 0 0 0 0 0 0 0 0 0 0 0 0 0 0.0106069 0.0290439 0 0 0 0 0 0 0 0 0 0 0 0 0 0 0 0 0 0 0 0 0 0 0 0 0 0 0 0 0 0 0 0 0 0 0 0 0 0 0 0 0
0.888394 0.905508 0.922603 0.887308 0.815036 0.79545 0.758964 0.623332 0.490779 0.405333 0.352128 0.321223 0.287133 0.237818 0.256038 0.28904 0.279701 0.303886 0.333339 0.383258 0.47779 0.396684 0.242533 0.160184 0 0.121573 0.131746 0.182136 0.215109 0.208223 0.162669 0 0 0 0 0 0 0 0 0.0190471 0.0235133 0 0 0 0 0 0 0 0 0 0 0 0 0 0 0 0 0 0 0 0 0 0 0 0 0 0 0 0 0 0 0 0 0 0 0 0 0 0 0 0 0
