wasim_mod/input/grids/GRD/fundus_25_svfdir.grd
ncols	193
nrows	326
xllcorner	39436.98047
yllcorner	214976.5781
cellsize	25.0198
nodata_value	-9999
[rows 66 to 98 of 326, columns 0 to 73 of 193]
0.592074 0.622727 0.684709 0.698534 0.682898 0.698809 0.724712 0.718185 0.694037 0.668234 0.637244 0.595986 0.574931 0.546152 0.518281 0.51813 0.527636 0.537279 0.557231 0.578309 0.613861 0.633217 0.631273 0.589763 0.534635 0.48275 0.449539 0.427292 0.409702 0.388839 0.377439 0.373686 0.3898 0.41072 0.43194 0.471456 0.533691 0.620062 0.705505 0.784016 0.86941 0.982541 0.941723 0.939132 0.949899 0.956504 0.960503 0.957001 0.949497 0.946704 0.928114 0.888436 0.873642 0.856473 0.818491 0.78171 0.716973 0.661145 0.607296 0.545905 0.542813 0.576867 0.606338 0.624952 0.694507 0.804983 0.86114 0.941619 0.995924 1 1 1 1 1
0.627544 0.659075 0.704177 0.715291 0.705459 0.720247 0.736969 0.716642 0.685414 0.65247 0.613055 0.581761 0.559803 0.534914 0.528047 0.544011 0.553423 0.566872 0.588545 0.620801 0.646049 0.648658 0.625063 0.574514 0.52602 0.485389 0.457786 0.437312 0.419121 0.398702 0.384162 0.389082 0.413011 0.438052 0.466115 0.520564 0.610172 0.706408 0.790466 0.868109 0.952886 0.992153 0.947911 0.956484 0.964364 0.96676 0.963596 0.956022 0.950851 0.944375 0.913319 0.879214 0.860641 0.835543 0.812602 0.786872 0.723334 0.684678 0.652255 0.621167 0.629249 0.667542 0.701767 0.724672 0.779683 0.866948 0.935271 1 1 1 1 1 1 1
0.64849 0.682854 0.723864 0.739882 0.732983 0.727248 0.715413 0.687363 0.656098 0.629694 0.598773 0.576858 0.550753 0.535213 0.545229 0.563586 0.564243 0.57466 0.602379 0.638496 0.656431 0.645325 0.60693 0.567672 0.529874 0.498296 0.463845 0.444829 0.430554 0.410118 0.405194 0.41638 0.444665 0.478058 0.525066 0.60951 0.722992 0.818842 0.890965 0.939916 0.980204 0.972849 0.973538 0.979379 0.980433 0.976557 0.971201 0.961015 0.952326 0.935765 0.898069 0.874951 0.856907 0.83845 0.822467 0.785521 0.739251 0.720209 0.704236 0.682731 0.688236 0.724164 0.746017 0.750178 0.794912 0.88548 0.966349 1 1 1 1 1 0.999466 0.997146
0.660882 0.691781 0.737 0.749807 0.746071 0.729366 0.705082 0.677015 0.653732 0.638425 0.622517 0.598435 0.565313 0.549848 0.553251 0.558322 0.55815 0.569287 0.59905 0.636176 0.651308 0.636403 0.608357 0.575505 0.538566 0.504751 0.469079 0.455325 0.443313 0.428065 0.429966 0.445756 0.479563 0.526428 0.601849 0.720552 0.842738 0.917072 0.953177 0.982248 0.996766 0.987697 0.991049 0.993921 0.987886 0.984713 0.974794 0.960979 0.945636 0.926897 0.89478 0.883698 0.875335 0.866453 0.848483 0.814263 0.78838 0.778539 0.760142 0.717447 0.71445 0.74044 0.728419 0.726149 0.788253 0.893111 0.966034 0.999139 1 1 1 1 0.996731 0.992632
0.6626 0.685951 0.725767 0.73699 0.733595 0.718829 0.703246 0.687602 0.681631 0.673768 0.65169 0.613411 0.572356 0.553637 0.544631 0.533963 0.528044 0.545174 0.580594 0.623308 0.632435 0.618459 0.594809 0.564708 0.532974 0.496326 0.47328 0.466307 0.453324 0.437605 0.443136 0.472986 0.514476 0.578483 0.684458 0.820438 0.918652 0.962807 0.98399 0.994101 0.999494 0.997811 0.997744 0.996875 0.990138 0.985218 0.974378 0.96354 0.946908 0.925607 0.909091 0.909816 0.911819 0.913361 0.901458 0.87383 0.853978 0.844203 0.801116 0.742586 0.731879 0.725438 0.70554 0.720596 0.80292 0.901956 0.951679 0.989768 1 1 1 1 0.997979 0.99469
0.661232 0.669511 0.70183 0.721337 0.717749 0.709528 0.71155 0.710313 0.709848 0.6956 0.658257 0.609193 0.568008 0.544916 0.52932 0.510186 0.498111 0.522792 0.559999 0.598261 0.605529 0.589775 0.567053 0.546649 0.524626 0.496521 0.482213 0.477104 0.4578 0.446155 0.461798 0.501387 0.558079 0.639473 0.762066 0.88 0.943934 0.972798 0.988604 0.996417 1 1 0.999154 0.994967 0.989251 0.977849 0.968763 0.961369 0.953462 0.93111 0.925028 0.936597 0.947846 0.957533 0.949618 0.928541 0.911433 0.886196 0.824254 0.767042 0.734835 0.709215 0.704206 0.744426 0.821336 0.898329 0.933972 0.97441 1 1 1 1 1 0.999635
0.669148 0.672592 0.69912 0.720935 0.716772 0.722104 0.736559 0.730477 0.718986 0.689899 0.648125 0.595077 0.559268 0.531051 0.514753 0.496234 0.494028 0.519044 0.549737 0.576357 0.57701 0.558038 0.543109 0.52683 0.512021 0.499632 0.491735 0.480147 0.45689 0.45804 0.482032 0.529305 0.598627 0.687612 0.8047 0.911404 0.956515 0.969727 0.98535 0.996912 1 1 0.99888 0.99183 0.980974 0.962939 0.957372 0.955346 0.948169 0.929867 0.939373 0.954903 0.967473 0.971682 0.953144 0.928022 0.907983 0.870871 0.817411 0.762769 0.723086 0.704041 0.71624 0.758927 0.819877 0.883158 0.916193 0.949331 1 1 1 1 1 1
0.685676 0.69592 0.710611 0.715196 0.715652 0.741117 0.738594 0.730335 0.71967 0.683802 0.630007 0.571509 0.538681 0.52241 0.50499 0.492992 0.5062 0.528887 0.559064 0.568549 0.552397 0.528364 0.518121 0.504402 0.495517 0.494211 0.494072 0.478292 0.457852 0.466922 0.497476 0.550749 0.613604 0.695379 0.822439 0.934257 0.966011 0.977316 0.988698 0.993082 0.998244 0.99618 0.993406 0.968447 0.944745 0.941675 0.943591 0.942467 0.930408 0.931757 0.950304 0.958852 0.967236 0.951781 0.915101 0.8861 0.85843 0.824426 0.78316 0.737299 0.714507 0.714035 0.729798 0.762769 0.804015 0.846906 0.877612 0.905379 1 1 1 1 1 1
0.684982 0.685959 0.681784 0.685159 0.709911 0.739633 0.728818 0.729746 0.71942 0.677982 0.614486 0.559508 0.542487 0.544662 0.513915 0.504394 0.524063 0.549469 0.575676 0.567685 0.54567 0.51894 0.507021 0.499728 0.499783 0.500304 0.497384 0.481675 0.470201 0.482548 0.509197 0.559941 0.612147 0.694997 0.850059 0.937943 0.968704 0.98823 0.993407 0.991111 0.994392 0.985463 0.947595 0.913408 0.898155 0.914974 0.930112 0.925871 0.92528 0.939841 0.952972 0.959771 0.957811 0.907368 0.868228 0.840977 0.805081 0.772594 0.742409 0.717217 0.705473 0.71309 0.728007 0.744218 0.761507 0.790566 0.826033 0.863104 1 1 1 1 1 1
0.679698 0.66792 0.654946 0.674171 0.716402 0.736443 0.732153 0.738343 0.717957 0.666901 0.602585 0.561158 0.570514 0.566281 0.533588 0.532212 0.54162 0.563937 0.574754 0.565188 0.545 0.529231 0.521781 0.517884 0.515272 0.509611 0.497858 0.480838 0.472308 0.481426 0.514417 0.558269 0.611064 0.719887 0.877846 0.942493 0.977119 0.990821 0.987979 0.987323 0.985479 0.962296 0.90264 0.88368 0.879058 0.899636 0.917669 0.921487 0.925361 0.938952 0.947797 0.95614 0.927547 0.866509 0.832717 0.801256 0.75853 0.729152 0.716531 0.699136 0.675067 0.671584 0.67773 0.682923 0.691879 0.721371 0.774494 0.858403 1 1 1 1 1 1
0.664175 0.65431 0.651541 0.689336 0.732051 0.746847 0.74758 0.750399 0.718516 0.657202 0.594831 0.575415 0.600517 0.577765 0.556357 0.561416 0.557968 0.580868 0.591909 0.581249 0.564723 0.559916 0.556704 0.545348 0.534194 0.524429 0.504716 0.483626 0.469473 0.483419 0.51821 0.561538 0.640385 0.778349 0.905685 0.96061 0.977841 0.969925 0.958194 0.972398 0.976237 0.9279 0.890069 0.887698 0.879366 0.900312 0.913923 0.921875 0.924227 0.933472 0.939007 0.936783 0.88275 0.836856 0.805962 0.760177 0.719679 0.704579 0.701943 0.669041 0.619185 0.605 0.608323 0.609265 0.616867 0.665402 0.74439 0.86882 0.993413 0.999385 1 1 1 1
0.646469 0.638727 0.660344 0.711836 0.752869 0.764647 0.767493 0.756416 0.716144 0.652267 0.602242 0.604156 0.626658 0.595456 0.582783 0.584202 0.587185 0.621129 0.639957 0.633412 0.617615 0.610984 0.602763 0.585956 0.57054 0.547911 0.519802 0.492183 0.479346 0.497282 0.525124 0.588945 0.694674 0.820388 0.918979 0.959818 0.957669 0.929454 0.934449 0.992766 0.964706 0.920429 0.896519 0.883465 0.873498 0.895243 0.904711 0.91949 0.932099 0.933312 0.916687 0.887935 0.842263 0.818239 0.783662 0.730977 0.69623 0.671123 0.654812 0.603969 0.542281 0.526574 0.534113 0.543787 0.565611 0.634245 0.734807 0.849191 0.958267 0.995605 1 1 1 1
0.64506 0.646618 0.690903 0.739235 0.766504 0.773446 0.774058 0.751287 0.705875 0.654877 0.62709 0.646173 0.653233 0.624359 0.614629 0.609226 0.631094 0.672079 0.695716 0.694985 0.679783 0.676737 0.657154 0.640014 0.615439 0.572302 0.536662 0.505631 0.498603 0.510678 0.548223 0.631636 0.735412 0.823665 0.912091 0.944171 0.933115 0.918568 0.952169 0.991058 0.927261 0.916906 0.88741 0.870617 0.872213 0.890996 0.904399 0.927325 0.933269 0.897345 0.86523 0.835977 0.801146 0.78487 0.750758 0.713864 0.677314 0.640358 0.609128 0.544962 0.490678 0.490839 0.500713 0.503693 0.539981 0.620205 0.732119 0.846546 0.963168 0.998382 1 1 1 1
0.660507 0.672607 0.714034 0.752959 0.78291 0.79232 0.792156 0.762103 0.714681 0.668399 0.660853 0.685475 0.691776 0.67178 0.656546 0.648295 0.686434 0.731307 0.764935 0.752595 0.738237 0.73399 0.700323 0.678315 0.640246 0.595597 0.556921 0.526145 0.519705 0.529135 0.583401 0.669692 0.749576 0.822657 0.910345 0.934041 0.924753 0.926387 0.954542 0.958305 0.90893 0.896607 0.862646 0.852175 0.862075 0.880749 0.892902 0.910782 0.894855 0.849747 0.81748 0.788948 0.762144 0.743513 0.713366 0.680153 0.648002 0.613455 0.57603 0.515576 0.486014 0.501432 0.505159 0.508436 0.557643 0.653438 0.769492 0.915489 0.995749 1 1 1 1 1
0.683678 0.6989 0.735104 0.770199 0.792293 0.795493 0.794801 0.760936 0.720801 0.698069 0.709048 0.729589 0.732843 0.717549 0.703307 0.708676 0.738811 0.782509 0.79794 0.767569 0.757166 0.750161 0.717188 0.68232 0.636408 0.594479 0.5588 0.537705 0.535869 0.55325 0.606769 0.676242 0.748081 0.832241 0.916378 0.937262 0.93333 0.931721 0.946134 0.939731 0.880931 0.858486 0.822596 0.81448 0.834186 0.851354 0.860246 0.873787 0.854634 0.813863 0.78779 0.761685 0.734435 0.709349 0.676051 0.639064 0.613213 0.576273 0.542929 0.509984 0.512967 0.531906 0.531136 0.551492 0.619603 0.728571 0.869916 0.994843 1 1 1 1 1 1
0.700738 0.719129 0.740173 0.759352 0.767297 0.769444 0.76784 0.74003 0.724489 0.732709 0.749726 0.760728 0.759499 0.758549 0.746467 0.744074 0.762662 0.792003 0.788077 0.765796 0.753669 0.735517 0.6968 0.66843 0.632406 0.592496 0.562046 0.547175 0.542157 0.562903 0.609735 0.678666 0.753023 0.846567 0.917322 0.937982 0.928948 0.910981 0.933612 0.892152 0.815095 0.790617 0.766869 0.778381 0.804439 0.819038 0.833481 0.832868 0.810523 0.792986 0.780704 0.755487 0.723967 0.689912 0.655328 0.616133 0.581666 0.536675 0.51253 0.520009 0.553197 0.569108 0.576571 0.623534 0.716058 0.851237 0.989824 1 1 1 1 1 1 1
0.702564 0.707345 0.70979 0.725994 0.732874 0.736231 0.73775 0.725296 0.73275 0.754103 0.765462 0.777434 0.785072 0.784752 0.764142 0.757534 0.76936 0.786232 0.776883 0.746973 0.7203 0.687062 0.649637 0.631808 0.612656 0.58531 0.568581 0.556828 0.551714 0.572484 0.617476 0.68739 0.764817 0.849678 0.908654 0.927753 0.918061 0.90232 0.983098 0.851797 0.766773 0.744065 0.739419 0.76492 0.783805 0.790063 0.781199 0.7743 0.780408 0.78391 0.762064 0.730457 0.706253 0.687441 0.658183 0.610678 0.565271 0.518348 0.518103 0.56041 0.60182 0.613228 0.646481 0.729582 0.861502 1 1 1 1 1 1 1 1 1
0.688342 0.679449 0.682605 0.697546 0.708449 0.713967 0.724606 0.732141 0.749663 0.762493 0.775085 0.793467 0.802334 0.786243 0.764921 0.764926 0.769624 0.769299 0.735173 0.693927 0.658916 0.61335 0.583502 0.573176 0.57039 0.564519 0.565235 0.564919 0.572945 0.593836 0.63261 0.70196 0.782812 0.848396 0.90542 0.922567 0.906457 0.935496 0.940814 0.778697 0.748713 0.732351 0.732936 0.752751 0.760927 0.751892 0.731741 0.740754 0.760871 0.755242 0.722147 0.694432 0.669534 0.652834 0.625267 0.588245 0.554715 0.537122 0.56393 0.625256 0.663982 0.694585 0.758796 0.892617 1 1 1 1 1 1 1 1 1 1
0.668997 0.660416 0.675297 0.686745 0.693085 0.699563 0.720845 0.742232 0.768372 0.782958 0.805684 0.814071 0.797318 0.776317 0.763293 0.758068 0.748471 0.708111 0.660111 0.613149 0.568702 0.523862 0.508597 0.519651 0.541771 0.547164 0.555869 0.574023 0.598632 0.614935 0.656875 0.734536 0.803639 0.854642 0.902591 0.897862 0.868208 0.919951 0.860972 0.763634 0.746272 0.736087 0.728612 0.737554 0.728971 0.70826 0.704836 0.721097 0.728771 0.706869 0.675563 0.647796 0.616959 0.607559 0.590786 0.572435 0.561458 0.581491 0.63659 0.712945 0.765927 0.825926 0.94696 1 1 1 1 1 1 1 1 1 1 1
0.659367 0.658813 0.678041 0.683789 0.684642 0.695757 0.727061 0.759643 0.795485 0.807202 0.819959 0.816977 0.789103 0.76687 0.747659 0.732904 0.691679 0.630382 0.586575 0.547487 0.502877 0.471196 0.469425 0.501324 0.535713 0.546445 0.567574 0.604339 0.626396 0.645994 0.697009 0.772365 0.817375 0.861567 0.872027 0.847262 0.82389 0.90504 0.845314 0.757614 0.751906 0.736864 0.722638 0.71935 0.695186 0.674536 0.680639 0.6903 0.685952 0.657764 0.630123 0.601383 0.58431 0.593962 0.589925 0.58499 0.600767 0.659537 0.739562 0.816835 0.888851 0.975114 1 1 1 1 1 1 1 1 1 1 1 1
0.670574 0.675028 0.688319 0.690862 0.691774 0.714681 0.757371 0.800194 0.812552 0.81516 0.828315 0.818132 0.786845 0.753953 0.725936 0.700176 0.641383 0.584513 0.551289 0.519957 0.480796 0.46489 0.479286 0.534775 0.559357 0.571393 0.60068 0.634416 0.648167 0.688219 0.736932 0.794451 0.836175 0.847921 0.838623 0.826581 0.810228 0.898564 0.837192 0.75726 0.741835 0.718977 0.707913 0.694763 0.667457 0.648925 0.645396 0.647538 0.639735 0.618802 0.599677 0.58654 0.593533 0.615273 0.627575 0.638355 0.690853 0.780116 0.85554 0.92068 0.979131 1 1 1 1 1 1 1 1 1 1 1 1 1
0.699167 0.70526 0.709296 0.711768 0.717526 0.75815 0.810453 0.840479 0.830231 0.839631 0.846345 0.81958 0.784397 0.736991 0.706595 0.668722 0.611383 0.566908 0.542376 0.514245 0.485934 0.482913 0.520065 0.580269 0.601772 0.615556 0.640095 0.66544 0.691749 0.727624 0.770515 0.81969 0.854599 0.846498 0.835865 0.825811 0.786511 0.882815 0.805879 0.714498 0.690157 0.682272 0.669717 0.647256 0.625232 0.604834 0.607341 0.612016 0.597706 0.5817 0.581074 0.610315 0.644487 0.676576 0.705052 0.744802 0.828135 0.904267 0.95292 0.992314 1 1 1 1 1 1 1 1 1 1 1 1 1 1
0.736155 0.744394 0.744989 0.745654 0.761456 0.814257 0.871589 0.86817 0.863898 0.872577 0.851936 0.818467 0.770469 0.717199 0.686568 0.646705 0.598398 0.564841 0.54944 0.533068 0.51855 0.520638 0.564789 0.606914 0.643995 0.661255 0.686072 0.707438 0.733994 0.748478 0.796351 0.832885 0.85394 0.840795 0.818574 0.788004 0.783728 0.958861 0.763452 0.665193 0.642842 0.634607 0.624709 0.618074 0.608301 0.601055 0.61414 0.612178 0.593605 0.594908 0.625645 0.680769 0.713624 0.751827 0.802796 0.872845 0.945856 0.986382 1 1 1 1 1 1 1 1 1 1 1 1 1 1 1 1
0.777328 0.788499 0.791843 0.799437 0.820304 0.873277 0.905413 0.890978 0.882979 0.869166 0.846773 0.808915 0.751145 0.696719 0.660138 0.622422 0.592491 0.578427 0.571331 0.567382 0.556287 0.565823 0.598047 0.640584 0.673919 0.693341 0.717312 0.731822 0.740577 0.766588 0.798787 0.823123 0.825844 0.801255 0.761586 0.72116 0.845167 0.85271 0.664903 0.633648 0.609829 0.597268 0.601626 0.608615 0.619109 0.631021 0.648688 0.649887 0.645547 0.666456 0.70897 0.755744 0.789617 0.842865 0.907095 0.964991 0.996855 1 1 1 1 1 1 1 1 1 1 1 1 1 1 1 1 1
0.816722 0.829595 0.839145 0.852643 0.870643 0.90857 0.908386 0.882551 0.870862 0.860427 0.840374 0.791641 0.732552 0.67464 0.635198 0.612939 0.603125 0.600921 0.60633 0.601259 0.60165 0.617482 0.642181 0.677347 0.694704 0.720131 0.739253 0.743236 0.75163 0.781094 0.787617 0.800544 0.786772 0.760195 0.70949 0.665786 0.791214 0.715367 0.631142 0.61162 0.588502 0.589044 0.602428 0.624824 0.656252 0.681966 0.707521 0.721031 0.733424 0.757414 0.790173 0.839449 0.886491 0.940982 0.983137 1 1 1 1 1 1 1 1 1 1 1 1 1 1 1 1 1 1 1
0.8522 0.866821 0.882316 0.886507 0.900262 0.9099 0.893783 0.872026 0.872554 0.858899 0.825106 0.762944 0.699375 0.638511 0.612867 0.612032 0.621814 0.629298 0.642715 0.637305 0.646567 0.655998 0.679563 0.700531 0.719653 0.737103 0.75429 0.755336 0.767896 0.781149 0.783743 0.780368 0.766315 0.743554 0.686262 0.651472 0.773189 0.673131 0.601309 0.592733 0.58631 0.613134 0.645536 0.691259 0.73295 0.763766 0.788636 0.807816 0.824934 0.847113 0.881658 0.930384 0.970564 0.99472 1 1 1 1 1 1 1 1 1 1 1 0.997329 0.995519 1 1 1 1 1 1 1
0.878761 0.894595 0.903805 0.896751 0.895438 0.893803 0.883774 0.878574 0.875075 0.848481 0.801056 0.733494 0.659046 0.60008 0.595307 0.611592 0.638129 0.661279 0.669435 0.670404 0.66645 0.672551 0.687529 0.701959 0.717078 0.739211 0.759537 0.765582 0.77511 0.780413 0.778465 0.766609 0.758671 0.733871 0.692 0.684163 0.777664 0.661291 0.620901 0.622644 0.637179 0.680778 0.733994 0.790849 0.834472 0.860356 0.874446 0.893094 0.913895 0.939587 0.972883 0.993927 1 1 1 1 1 1 1 1 1 1 1 1 0.998099 0.990647 0.993727 0.999775 1 1 1 1 1 1
0.885556 0.89238 0.883219 0.883059 0.879945 0.881129 0.877341 0.873879 0.856917 0.820077 0.765994 0.69835 0.61693 0.572956 0.586438 0.620812 0.65366 0.690969 0.695833 0.690678 0.679533 0.673763 0.675156 0.684071 0.702727 0.738376 0.768124 0.780088 0.780815 0.777122 0.773353 0.77057 0.766984 0.750094 0.729051 0.741996 0.797663 0.704048 0.688563 0.699292 0.729453 0.784341 0.843556 0.885427 0.912709 0.927802 0.924691 0.943493 0.972867 0.99313 1 1 1 1 1 1 1 1 1 1 1 1 1 0.998161 0.9916 0.988263 0.994548 0.999521 1 1 1 1 1 1
0.866743 0.854561 0.850822 0.859397 0.862939 0.864215 0.855386 0.834289 0.803656 0.764849 0.705205 0.63465 0.570798 0.558607 0.588815 0.634879 0.677535 0.715117 0.716177 0.703017 0.689758 0.66886 0.661304 0.671843 0.704855 0.758754 0.801185 0.802008 0.789806 0.782882 0.796985 0.802994 0.796115 0.785885 0.781979 0.795139 0.794961 0.769859 0.782445 0.800138 0.827623 0.882901 0.921845 0.935223 0.946157 0.95565 0.953649 0.976846 0.995981 1 1 1 1 1 1 1 1 1 1 1 1 0.99702 0.989956 0.988876 0.987497 0.993596 0.999203 1 1 1 1 1 1 1
0.855345 0.845564 0.851626 0.844033 0.833306 0.823553 0.806403 0.770401 0.721759 0.664071 0.602293 0.548999 0.516969 0.536856 0.579809 0.624505 0.675228 0.707293 0.708854 0.710276 0.691597 0.66568 0.652435 0.668762 0.729522 0.806519 0.841838 0.831339 0.813801 0.815303 0.832728 0.818607 0.810137 0.812678 0.834051 0.813095 0.807318 0.84635 0.852655 0.873462 0.896495 0.943297 0.950646 0.952821 0.955585 0.96327 0.977544 0.991499 1 1 1 1 1 1 1 1 1 0.997967 0.994273 0.987058 0.982679 0.978351 0.980565 0.983309 0.989021 0.998432 1 1 1 1 1 1 1 1
0.843553 0.8415 0.834063 0.81577 0.794473 0.772428 0.730172 0.676563 0.623354 0.569364 0.525135 0.499611 0.494395 0.52692 0.57116 0.62466 0.679826 0.707493 0.712705 0.713153 0.692153 0.657357 0.645375 0.689951 0.776782 0.834539 0.858534 0.850516 0.835614 0.837193 0.831114 0.812843 0.818735 0.838247 0.858733 0.81852 0.829904 0.869662 0.89169 0.901682 0.925325 0.955971 0.945197 0.941187 0.94466 0.955042 0.981246 0.993907 0.998026 1 1 1 1 1 1 0.996639 0.991306 0.978802 0.96624 0.953917 0.953656 0.969546 0.979523 0.977829 0.986619 0.997112 1 1 1 1 1 0.998709 0.997888 0.996875
0.82126 0.811705 0.795982 0.776448 0.751539 0.709559 0.647536 0.591824 0.554812 0.521411 0.496568 0.491241 0.50639 0.542867 0.600592 0.665942 0.714185 0.733892 0.734026 0.717624 0.692678 0.659273 0.666929 0.736983 0.809538 0.8495 0.866938 0.859785 0.851373 0.843798 0.827006 0.826821 0.842343 0.86014 0.863807 0.813491 0.827503 0.864087 0.875172 0.888064 0.90281 0.907281 0.88696 0.882217 0.918784 0.937005 0.969235 0.981433 0.984673 0.993561 0.996104 0.998312 0.997688 0.995318 0.98371 0.971498 0.958055 0.949579 0.927323 0.922941 0.945557 0.967373 0.971158 0.968984 0.981271 0.992299 0.995283 0.996258 0.996517 0.996377 0.995145 0.992811 0.99246 0.990865
0.785681 0.774909 0.759315 0.731527 0.699933 0.643414 0.586493 0.548717 0.525013 0.50576 0.499547 0.510633 0.543311 0.59232 0.66285 0.721954 0.758725 0.777078 0.766191 0.739004 0.707851 0.683069 0.709331 0.777199 0.834012 0.858083 0.871261 0.866171 0.859471 0.847268 0.839817 0.853406 0.865801 0.866903 0.862977 0.798795 0.809478 0.842405 0.849936 0.845871 0.827769 0.803828 0.794097 0.830603 0.881976 0.914556 0.931088 0.946552 0.959293 0.967006 0.96468 0.95952 0.954506 0.935293 0.927932 0.932664 0.927425 0.918552 0.906225 0.922453 0.949506 0.957362 0.948498 0.955045 0.975142 0.984637 0.985619 0.988885 0.988123 0.988686 0.98699 0.986089 0.985736 0.984774
