wasim_mod/input/grids/GRD/fundus_25_svfdir.grd
ncols	193
nrows	326
xllcorner	39436.98047
yllcorner	214976.5781
cellsize	25.0198
nodata_value	-9999
[rows 66 to 98 of 326, columns 74 to 147 of 193]
1 1 0.996683 0.997736 1 1 1 1 1 1 1 1 0.994918 0.981561 0.927049 0.839254 0.797004 0.764015 0.731147 0.757331 0.824736 0.887103 0.915268 0.945226 0.955521 0.953468 0.951799 0.996569 0.99236 1 1 1 1 1 1 1 1 1 1 1 1 1 1 1 1 1 1 1 1 0.99711 0.963118 0.861983 0.794065 0.707162 0.58783 0.511941 0.485898 0.481924 0.47231 0.460968 0.455679 0.442284 0.421146 0.394607 0.367871 0.356807 0.361188 0.353403 0.348633 0.387305 0.469081 0.596593 0.734114 0.831303
1 0.997454 0.994875 0.997696 1 1 1 1 1 1 1 0.995419 0.980719 0.949407 0.848746 0.766525 0.737215 0.716683 0.703756 0.763327 0.843666 0.900383 0.91731 0.941098 0.941937 0.965362 1 1 1 1 1 1 0.999759 1 1 1 1 1 1 1 1 1 1 1 1 1 1 1 1 0.997736 0.94254 0.835922 0.761704 0.655563 0.546086 0.476548 0.45486 0.449787 0.435681 0.424663 0.413424 0.398217 0.378879 0.354045 0.327761 0.322789 0.330478 0.32528 0.345927 0.401971 0.481743 0.592389 0.700881 0.764892
0.99488 0.992904 0.997119 1 1 1 1 1 1 1 0.997259 0.987114 0.960021 0.883562 0.770042 0.705622 0.688458 0.673314 0.696386 0.78859 0.872928 0.919425 0.930758 0.934019 0.945328 0.948216 1 1 0.999156 1 1 0.994398 0.996113 1 1 1 1 1 1 1 1 1 1 1 1 1 1 1 1 0.999315 0.929867 0.824205 0.732129 0.623558 0.529561 0.46874 0.445695 0.435649 0.420915 0.411574 0.391931 0.375289 0.357434 0.325402 0.308756 0.310095 0.316285 0.323653 0.356454 0.404314 0.477634 0.586632 0.660322 0.694752
0.989186 0.993375 0.999854 1 1 1 1 1 1 1 0.994784 0.978101 0.932501 0.822301 0.729759 0.690259 0.670657 0.669218 0.723943 0.833699 0.909941 0.949216 0.955339 0.955072 0.966922 0.968044 0.99473 1 0.996089 1 1 1 1 1 1 1 1 1 1 1 1 1 1 1 1 1 1 1 1 1 0.927782 0.824485 0.713069 0.608615 0.529811 0.486166 0.466715 0.446464 0.430185 0.424629 0.404709 0.382091 0.353538 0.319188 0.308754 0.312396 0.320006 0.33944 0.37351 0.404076 0.473134 0.561353 0.612812 0.629074
0.994466 0.99707 1 1 1 1 1 1 1 0.997948 0.990747 0.970958 0.886687 0.786104 0.722306 0.696056 0.684195 0.703016 0.782835 0.896351 0.957413 0.976376 0.990468 0.99676 1 1 1 0.998559 1 1 1 1 1 1 1 1 1 1 1 1 1 1 1 1 1 1 1 1 1 0.997668 0.892475 0.77801 0.6813 0.597757 0.534473 0.504418 0.493213 0.476414 0.472499 0.468913 0.443767 0.412323 0.366521 0.328958 0.321765 0.33089 0.338786 0.359473 0.371431 0.394172 0.456753 0.519196 0.556524 0.567069
1 1 1 1 1 1 1 1 1 0.996122 0.98384 0.948433 0.844926 0.767413 0.723764 0.713001 0.723642 0.767885 0.872564 0.95822 0.987876 0.9968 1 1 1 1 1 1 1 1 1 1 1 1 1 1 1 1 1 1 1 1 1 1 1 1 1 1 0.999397 0.962267 0.823518 0.717333 0.630861 0.569003 0.528727 0.497417 0.486034 0.493321 0.5165 0.516846 0.476116 0.427475 0.373665 0.340912 0.345017 0.358358 0.364905 0.360577 0.350906 0.373034 0.426227 0.469035 0.491106 0.490763
1 1 1 1 1 1 1 1 0.997059 0.98879 0.971741 0.910127 0.814885 0.757333 0.736428 0.750122 0.79073 0.861143 0.954702 0.990748 0.999751 1 1 1 1 1 1 1 1 1 1 1 1 1 1 1 1 1 1 1 1 1 1 1 1 1 1 1 0.997804 0.907933 0.758908 0.658687 0.574774 0.526423 0.498756 0.471462 0.475425 0.502604 0.531559 0.52441 0.480476 0.431978 0.38971 0.370827 0.377508 0.379336 0.36951 0.339948 0.329432 0.354788 0.396942 0.424288 0.433652 0.425992
1 1 1 1 1 0.998304 0.998738 0.996137 0.988731 0.977059 0.955195 0.878825 0.802259 0.784265 0.79156 0.820667 0.882154 0.944577 0.993602 1 1 1 1 1 1 1 1 1 1 1 1 1 1 1 1 1 1 1 1 1 1 1 1 1 1 1 1 1 0.990629 0.838103 0.698485 0.596465 0.523293 0.483368 0.45842 0.449658 0.475771 0.511326 0.528544 0.511806 0.475345 0.445728 0.422079 0.413347 0.409712 0.394716 0.357398 0.319297 0.315711 0.3389 0.363229 0.381155 0.386356 0.380427
1 1 1 1 0.99874 0.996315 0.995678 0.992544 0.981767 0.967862 0.944551 0.925719 0.918657 0.94273 0.95139 0.941122 0.946879 0.993761 1 1 1 1 1 1 1 1 1 1 1 1 1 1 1 1 1 1 1 1 1 1 1 1 1 1 1 1 1 1 0.945294 0.770096 0.639409 0.539817 0.479259 0.449197 0.430664 0.438234 0.471729 0.510385 0.525874 0.50744 0.479639 0.457135 0.448615 0.445886 0.441798 0.406059 0.350014 0.315549 0.311098 0.323015 0.333326 0.349208 0.358434 0.358742
1 1 1 1 0.998905 0.995545 0.992627 0.987495 0.976987 0.958347 0.95464 0.982378 1 1 0.994413 0.999765 0.999536 1 1 1 1 1 1 1 1 1 1 1 1 1 1 1 1 1 1 1 1 1 1 1 1 1 1 1 1 1 1 1 0.88255 0.712519 0.585225 0.50843 0.455678 0.421689 0.413283 0.434862 0.463839 0.499986 0.51892 0.501252 0.481423 0.456846 0.454972 0.470234 0.468368 0.409173 0.353379 0.331455 0.321413 0.324558 0.324561 0.345325 0.366464 0.374484
1 1 1 1 1 0.996465 0.988776 0.979177 0.976858 0.976109 0.991222 1 1 1 0.997785 0.993143 1 1 1 1 1 1 1 1 1 1 1 1 1 1 1 1 1 1 1 1 1 1 1 1 1 1 1 1 1 1 1 0.985871 0.829068 0.667504 0.554373 0.485634 0.435514 0.414677 0.423779 0.442655 0.466678 0.501591 0.503779 0.479892 0.456466 0.43411 0.439612 0.467493 0.453452 0.401065 0.376396 0.375056 0.373321 0.36624 0.360094 0.387757 0.421802 0.430199
1 1 1 1 1 0.999641 0.989275 0.983416 0.993648 0.99994 1 1 1 1 1 0.991728 1 1 1 1 1 1 1 1 1 1 1 1 1 1 1 1 1 1 1 1 1 1 1 1 1 1 1 1 1 1 1 0.942249 0.76163 0.61582 0.522104 0.458373 0.419398 0.417895 0.435496 0.450865 0.47467 0.49793 0.474951 0.440517 0.417735 0.403451 0.407577 0.423196 0.41944 0.413051 0.423205 0.439297 0.459881 0.44921 0.440317 0.478405 0.507176 0.50241
1 1 1 1 1 1 1 1 1 1 1 1 1 1 1 0.990949 1 1 1 1 1 1 1 1 1 1 1 1 1 1 1 1 1 1 1 1 1 1 1 1 1 1 1 1 1 1 0.982433 0.834497 0.673922 0.554311 0.481128 0.435868 0.410398 0.41561 0.433849 0.456127 0.472772 0.474403 0.440729 0.406904 0.389588 0.377646 0.378286 0.394275 0.418089 0.456175 0.491524 0.521823 0.555649 0.542913 0.544053 0.584791 0.58767 0.573781
1 1 1 1 1 1 1 1 1 1 1 1 1 1 1 0.989541 1 1 1 1 1 1 1 1 1 1 1 1 1 1 1 1 1 1 1 1 1 1 1 1 1 1 1 1 1 0.998127 0.904036 0.72707 0.596985 0.505443 0.447245 0.416013 0.409013 0.419505 0.436983 0.455581 0.461532 0.448258 0.41828 0.395649 0.378545 0.364752 0.373096 0.403712 0.45277 0.513866 0.561128 0.610235 0.627632 0.617297 0.629686 0.656984 0.665906 0.660476
1 1 1 1 1 1 1 1 1 1 1 1 1 1 0.978541 1 1 1 1 1 1 1 1 1 1 1 1 1 1 1 1 1 1 1 1 1 1 1 1 1 1 1 1 1 0.999606 0.95564 0.817296 0.667511 0.562453 0.49072 0.442174 0.424122 0.430428 0.445939 0.453686 0.459506 0.457064 0.442172 0.42506 0.408061 0.389986 0.384788 0.402204 0.439313 0.497144 0.546889 0.599609 0.654939 0.652189 0.653007 0.687254 0.733739 0.748507 0.742996
1 1 1 1 1 1 1 1 1 1 1 1 1 1 1 1 1 1 1 1 1 1 1 1 1 1 1 1 1 1 1 1 1 1 1 1 1 1 1 1 1 1 1 1 0.994016 0.929997 0.801876 0.670262 0.572031 0.504779 0.465924 0.453856 0.465645 0.474684 0.481771 0.481752 0.468081 0.459645 0.459353 0.447112 0.434763 0.447723 0.472261 0.505091 0.53275 0.5687 0.621135 0.654307 0.649282 0.670775 0.727857 0.77259 0.795167 0.803132
1 1 1 1 1 1 1 1 1 1 1 1 1 1 1 1 1 1 1 1 1 1 1 1 1 1 1 1 1 1 1 1 1 1 1 1 1 1 1 1 1 1 1 1 0.996723 0.949814 0.818411 0.681597 0.583789 0.52241 0.488976 0.482623 0.494979 0.505553 0.521856 0.517631 0.502659 0.506776 0.52008 0.511078 0.511111 0.535413 0.556478 0.57925 0.588534 0.609544 0.629524 0.629245 0.63717 0.676879 0.741498 0.776696 0.80398 0.816921
1 1 1 1 1 1 1 1 1 1 1 1 1 1 1 1 1 1 1 1 1 1 1 1 1 1 1 1 1 1 1 1 1 1 1 1 1 1 1 1 1 1 1 1 1 0.960806 0.819045 0.688276 0.599598 0.544803 0.516906 0.518993 0.528583 0.548986 0.55625 0.555641 0.556379 0.573008 0.588417 0.584527 0.595988 0.610507 0.622523 0.623323 0.623558 0.620013 0.623924 0.620086 0.632576 0.693824 0.742158 0.760557 0.777294 0.804671
1 1 1 1 1 1 1 1 1 1 1 1 1 1 1 1 1 1 1 1 1 1 1 1 1 1 1 1 1 1 1 1 1 1 1 1 1 1 1 1 1 1 1 1 1 0.947273 0.804257 0.705988 0.62865 0.578756 0.559985 0.561226 0.572038 0.585053 0.582614 0.593871 0.613135 0.631558 0.646682 0.654731 0.658725 0.659707 0.649847 0.628323 0.618136 0.614378 0.62414 0.626167 0.649079 0.699022 0.722086 0.726349 0.741271 0.778258
1 1 1 1 1 1 1 1 1 1 1 1 1 1 1 1 1 1 1 1 1 1 1 1 1 1 1 1 1 1 1 1 1 1 1 1 1 1 1 1 1 1 1 1 1 0.91895 0.800052 0.730088 0.655343 0.611848 0.592961 0.586197 0.598841 0.602132 0.606751 0.636404 0.656395 0.67207 0.700978 0.702658 0.690982 0.672517 0.642934 0.626429 0.618415 0.621434 0.630302 0.632473 0.655952 0.681186 0.683143 0.682957 0.700213 0.738188
1 1 1 1 1 1 1 1 1 1 1 1 1 1 1 1 1 1 1 1 1 1 1 1 1 1 1 1 1 1 1 1 1 1 1 1 1 1 1 1 1 1 1 1 0.996123 0.91563 0.829817 0.753533 0.672729 0.627474 0.601265 0.593781 0.609281 0.608279 0.62469 0.663985 0.686155 0.718218 0.740263 0.725377 0.708855 0.680432 0.65776 0.646566 0.631735 0.63069 0.637728 0.641007 0.654739 0.653442 0.627613 0.6243 0.587471 0.538983
1 1 1 1 1 1 1 1 1 1 1 1 1 1 1 1 1 1 1 1 1 1 1 1 1 1 1 1 1 1 1 1 1 1 1 1 1 1 1 1 1 1 1 0.999559 0.980984 0.918287 0.844919 0.752803 0.673302 0.62949 0.605918 0.60042 0.610535 0.611775 0.640039 0.691572 0.717725 0.737635 0.730993 0.71451 0.69322 0.676831 0.666697 0.646128 0.631754 0.637861 0.651346 0.646511 0.633807 0.534624 0.365127 0.371911 0.387677 0.485351
1 1 1 1 1 1 1 1 0.999182 0.995452 0.994743 0.993767 0.994142 0.993168 0.996401 0.998176 1 0.999187 0.998915 0.998778 1 1 1 1 1 1 1 1 1 1 1 1 1 1 1 1 1 1 1 1 1 0.998553 0.993026 0.981542 0.949121 0.904716 0.825174 0.731534 0.666204 0.624798 0.597596 0.594079 0.598149 0.611699 0.663166 0.703236 0.714443 0.728538 0.714843 0.693286 0.672458 0.664336 0.652069 0.633473 0.630699 0.65198 0.576161 0.418718 0.38552 0.329796 0.335148 0.399126 0.451347 0.767421
1 1 1 1 1 1 1 0.999493 0.994688 0.987499 0.977538 0.964398 0.957932 0.95888 0.963188 0.967694 0.968483 0.967516 0.959407 0.959686 0.975224 0.995936 1 1 1 1 1 1 1 1 1 1 1 1 1 1 1 1 1 1 0.998389 0.988301 0.971211 0.946497 0.923487 0.87995 0.796002 0.713453 0.657317 0.606771 0.57036 0.568215 0.579685 0.610764 0.665342 0.683718 0.705012 0.724049 0.702739 0.679855 0.665271 0.653198 0.635331 0.559675 0.445064 0.450534 0.3807 0.373694 0.388454 0.37309 0.530621 0.570867 0.641826 0.804772
1 1 1 1 1 1 1 0.998101 0.99342 0.979994 0.955331 0.935648 0.926403 0.923875 0.919865 0.927287 0.917686 0.904059 0.907613 0.925579 0.955614 0.989213 1 1 1 1 1 1 1 1 1 1 1 1 1 1 1 1 1 1 0.993187 0.977985 0.955167 0.936274 0.911683 0.867461 0.791743 0.709601 0.637751 0.575656 0.544244 0.543284 0.56788 0.610459 0.644737 0.666758 0.700347 0.720972 0.690797 0.673894 0.586979 0.436133 0.42182 0.392416 0.422704 0.471051 0.422157 0.503663 0.488219 0.493684 0.525463 0.576976 0.67771 0.87523
1 1 1 1 1 1 0.998756 0.994501 0.982443 0.958612 0.930921 0.910683 0.904385 0.896612 0.901387 0.894296 0.87875 0.87289 0.890211 0.915328 0.956244 0.987002 0.996802 1 1 1 1 1 1 1 1 1 1 1 1 1 1 1 1 0.999431 0.99288 0.980788 0.966114 0.949579 0.920382 0.871373 0.786477 0.697818 0.611139 0.554164 0.5375 0.541681 0.564511 0.601029 0.626098 0.663091 0.710097 0.650394 0.505487 0.473478 0.403732 0.403929 0.45026 0.462505 0.59507 0.544887 0.503293 0.474761 0.474521 0.486157 0.522373 0.595196 0.742613 0.946578
1 1 1 1 0.99886 0.994744 0.990268 0.978296 0.954996 0.921739 0.895645 0.894085 0.891085 0.890454 0.894508 0.887541 0.874729 0.875881 0.897292 0.919147 0.956276 0.986823 0.996707 1 1 1 1 1 1 1 1 1 1 1 1 1 1 1 1 0.999156 0.995819 0.989789 0.982253 0.970047 0.935135 0.873219 0.782669 0.680832 0.586359 0.546991 0.535839 0.543059 0.557657 0.584321 0.573146 0.542789 0.588462 0.50963 0.489663 0.501468 0.460117 0.584721 0.580743 0.579252 0.546946 0.503186 0.470221 0.46031 0.467424 0.486131 0.537626 0.645413 0.810567 1
1 1 1 0.998193 0.992276 0.981087 0.962836 0.938953 0.899414 0.864409 0.867674 0.89014 0.897746 0.899756 0.897094 0.897871 0.894996 0.894799 0.906186 0.930036 0.95989 0.987303 0.99765 1 1 1 1 1 1 1 1 1 1 1 1 1 1 1 1 1 0.998711 0.996771 0.994504 0.989871 0.941135 0.87921 0.782959 0.660689 0.572918 0.537294 0.520845 0.47383 0.376935 0.436724 0.475082 0.543177 0.642835 0.591578 0.649646 0.603004 0.571582 0.557576 0.555852 0.544646 0.515217 0.477658 0.454842 0.456379 0.467097 0.499563 0.581961 0.715414 0.922803 1
1 1 0.998759 0.992973 0.978504 0.952268 0.92047 0.871553 0.825817 0.820065 0.85541 0.889776 0.903626 0.906801 0.909855 0.91612 0.911149 0.908488 0.911761 0.924325 0.961628 0.988085 0.997208 0.999729 1 1 1 1 1 1 1 1 1 1 1 1 1 1 1 1 1 1 1 0.993172 0.943327 0.883403 0.775526 0.647268 0.500041 0.32637 0.303896 0.309645 0.366406 0.523869 0.590754 0.734216 0.703938 0.653543 0.610593 0.566372 0.534914 0.521753 0.529299 0.523489 0.496868 0.45825 0.438514 0.444734 0.466715 0.525549 0.649722 0.844923 1 1
1 0.999617 0.995866 0.98567 0.958234 0.903777 0.852266 0.794731 0.758835 0.776069 0.814854 0.864679 0.891934 0.906261 0.921001 0.92386 0.917022 0.900394 0.901663 0.921265 0.96359 0.987239 0.99479 0.997536 1 1 1 1 1 1 1 1 1 1 1 1 1 1 1 1 1 1 1 0.984855 0.940074 0.811753 0.611833 0.45868 0.330149 0.318063 0.337345 0.374798 0.632377 0.681825 0.695528 0.68307 0.654015 0.612148 0.563577 0.524307 0.500003 0.498995 0.510204 0.50642 0.473856 0.434959 0.414786 0.430514 0.472067 0.578133 0.774335 0.998737 1 1
0.996531 0.992158 0.986492 0.967667 0.904293 0.83991 0.789804 0.735501 0.725525 0.771848 0.83444 0.886051 0.919297 0.935983 0.947584 0.94289 0.928076 0.908292 0.909584 0.942721 0.973359 0.989781 0.996726 1 1 1 1 1 1 1 1 1 1 1 1 1 1 1 1 1 1 1 1 0.951249 0.854719 0.672313 0.54845 0.454244 0.391243 0.506249 0.529795 0.585146 0.633183 0.651833 0.654235 0.636953 0.602687 0.564665 0.520655 0.493757 0.482028 0.49299 0.49981 0.482264 0.442936 0.410387 0.403954 0.43276 0.503022 0.679959 0.969569 1 1 1
0.987336 0.978465 0.9663 0.910956 0.840777 0.793832 0.745021 0.697723 0.703147 0.786333 0.872938 0.942589 0.968812 0.97985 0.98187 0.972974 0.954441 0.940469 0.935186 0.971625 0.990087 0.998514 1 1 1 1 1 1 1 1 1 1 1 1 1 1 1 1 1 1 1 1 0.983492 0.902546 0.785103 0.660631 0.595491 0.54115 0.511754 0.505669 0.528129 0.568863 0.609589 0.62727 0.62485 0.604016 0.577484 0.540851 0.499788 0.49118 0.501161 0.515338 0.500647 0.462665 0.419011 0.39135 0.400711 0.453524 0.5792 0.848442 1 1 1 1
0.974435 0.962062 0.917762 0.867043 0.816076 0.766295 0.72019 0.670627 0.674246 0.795738 0.904521 0.968549 0.988112 0.993807 0.994738 0.990329 0.982072 0.977605 0.977419 0.994474 1 1 1 1 1 1 1 1 1 1 1 1 1 1 1 1 1 1 1 1 1 0.968798 0.90937 0.835087 0.749196 0.659223 0.582147 0.533402 0.507622 0.503157 0.519183 0.551222 0.597951 0.616369 0.61292 0.593906 0.58037 0.543663 0.51187 0.516612 0.535181 0.540799 0.510068 0.460949 0.417376 0.396911 0.422655 0.509075 0.699722 1 1 1 1 1
