wasim_mod/input/grids/GRD/fundus_25.sd4
ncols	193
nrows	326
xllcorner	39436.98047
yllcorner	214976.5781
cellsize	25.0198
nodata_value	-9999
[rows 144 to 179 of 326, columns 0 to 80 of 193]
0 0 0 0 0 0 0 0 0 0 0 0 0 0 0 0 0 0 0 0 0 0 0 0 0 0 0 0 0 0 0 0 0 0 0 0 0 0 0 0 0 0 0.0321705 0.0692793 0.0804361 0.0680239 0.0573609 0 0 0 0 0 0 0 0 0 0 0 0 0 0 0 0 0 0 0 0 0 0 0 0 0 0 0 0 0 0 0 0 0 0
0 0 0 0 0 0 0 0 0 0 0 0 0 0 0 0 0 0 0 0 0 0 0 0 0 0 0 0 0 0 0 0 0 0 0 0 0 0 0 0 0 0 0 0.0243741 0.0402866 0 0 0 0 0 0 0 0 0 0 0 0 0 0 0 0 0 0 0 0 0 0 0 0 0 0 0 0 0 0 0 0 0 0 0 0
0 0 0 0 0 0 0 0 0 0 0 0 0 0 0 0 0 0 0 0 0 0 0 0 0 0 0 0 0 0 0 0 0 0 0 0 0 0 0 0 0 0 0 0 0 0 0 0 0 0 0 0 0 0 0 0 0 0 0 0 0 0 0 0 0 0 0 0 0 0 0 0 0 0 0 0 0 0 0 0 0
0 0 0 0 0 0 0 0 0 0 0 0 0 0 0 0 0 0 0 0 0 0 0 0 0 0 0 0 0 0 0 0 0 0 0 0 0 0 0 0 0 0 0 0 0 0 0 0 0 0 0 0 0 0 0 0 0 0 0 0 0 0 0 0 0 0 0 0 0 0 0 0 0 0 0 0 0 0 0 0 0
0 0 0 0 0 0 0 0 0 0 0 0 0 0 0 0 0 0 0 0 0 0 0 0 0 0 0 0 0 0 0 0 0 0 0 0 0 0 0 0 0 0 0 0 0 0 0 0 0 0 0 0 0 0 0 0 0 0 0 0 0 0 0 0 0 0 0 0 0 0 0 0 0 0 0 0 0 0 0 0 0
0 0 0 0 0 0 0 0 0 0 0 0 0 0 0 0 0 0 0 0 0 0 0 0 0 0 0 0 0 0 0 0 0 0 0 0 0 0 0 0 0 0 0 0 0 0 0 0 0 0 0 0 0 0 0 0 0 0 0 0 0 0 0 0 0 0 0 0 0 0 0 0 0 0 0 0 0 0 0 0 0
0 0 0 0 0 0 0 0 0 0 0 0 0 0 0 0 0 0 0 0 0 0 0 0 0 0 0 0 0 0 0 0 0 0 0 0 0 0 0 0 0 0 0 0 0 0 0 0 0 0 0 0 0 0 0.0142622 0 0 0 0 0 0 0 0 0 0 0 0 0 0 0 0 0 0 0 0 0 0 0 0 0 0
0 0 0 0 0 0 0 0 0 0 0 0 0 0 0 0 0 0 0 0 0 0 0 0 0 0 0 0 0 0 0 0 0 0 0 0 0 0 0 0 0 0 0 0 0 0 0 0 0 0.0327332 0.108975 0.250932 0.585903 0.82277 0.579945 0.450779 0.363688 0.250002 0.122503 0 0 0 0 0 0 0 0 0 0 0 0 0 0 0 0 0 0 0 0 0 0
0 0 0 0 0 0 0 0 0 0 0 0 0 0 0 0 0 0 0 0 0 0 0 0 0 0 0 0 0 0 0 0 0 0 0 0 0 0 0 0 0 0 0 0 0 0 0 0 0.125719 0.222801 0.349118 0.580421 0.873573 0.84782 0.716506 0.624734 0.549623 0.476427 0.377282 0.220001 0.0595369 0 0 0 0 0 0 0 0 0 0 0 0 0 0 0 0 0 0 0 0
0 0 0 0 0 0 0 0 0 0 0 0 0 0 0 0 0 0 0 0 0 0 0 0 0 0 0 0 0 0 0 0 0 0 0 0 0 0 0 0 0 0 0 0 0 0 0.0585501 0.187522 0.292849 0.39582 0.584929 0.822405 0.977798 0.845937 0.769076 0.706198 0.645868 0.596933 0.538167 0.419982 0.240162 0.0500903 0 0 0 0 0 0 0 0 0 0 0 0 0 0 0 0 0 0 0
0 0 0 0 0 0 0 0 0 0 0 0 0 0 0 0 0 0 0 0 0 0 0 0 0 0 0 0 0 0 0 0 0 0 0 0 0 0 0 0 0 0 0 0 0 0.153591 0.303589 0.395185 0.468385 0.608994 0.812481 0.989771 0.892242 0.831506 0.792993 0.745718 0.709027 0.685894 0.659342 0.580297 0.437255 0.237524 0.0774504 0 0 0 0 0 0 0 0 0.0346991 0.0205774 0.00868847 0 0 0 0 0 0 0
0 0 0 0 0 0 0 0 0 0 0 0 0 0 0 0 0 0 0 0 0 0 0 0 0 0 0 0 0 0 0 0 0 0 0 0 0 0 0 0 0 0 0 0 0.257 0.415703 0.49347 0.560106 0.675059 0.848241 0.985434 0.929573 0.856163 0.810672 0.797272 0.778764 0.767828 0.768178 0.763966 0.716959 0.608649 0.442175 0.296769 0.17634 0.077392 0.0747177 0.0987035 0.0912146 0.102071 0.124571 0.131736 0.165567 0.138231 0.132601 0.122196 0.131517 0.0688677 0 0 0 0
0 0 0 0 0 0 0 0 0 0 0 0 0 0 0 0 0 0 0 0 0 0 0 0 0 0 0 0 0 0 0 0 0 0 0 0 0 0 0 0 0 0 0 0.364162 0.553914 0.619575 0.665074 0.759352 0.903631 0.977617 0.936601 0.909181 0.857011 0.802083 0.781811 0.806424 0.839073 0.846631 0.84575 0.81219 0.720287 0.584447 0.4438 0.332581 0.269948 0.258008 0.247466 0.208834 0.204549 0.232099 0.239563 0.231621 0.222901 0.209211 0.194845 0.201765 0.149258 0.0154772 0 0 0
0 0 0 0 0 0 0 0 0 0 0 0 0 0 0 0 0 0 0 0 0 0 0 0 0 0 0 0 0 0 0 0 0 0 0 0 0 0 0 0 0 0 0.594436 0.791998 0.848016 0.832109 0.845768 0.91835 0.991648 0.932944 0.89814 0.873631 0.839556 0.797068 0.77524 0.810028 0.890509 0.945285 0.950242 0.867798 0.726273 0.644702 0.543537 0.409468 0.348396 0.34074 0.31368 0.28298 0.252127 0.260093 0.262789 0.238899 0.250586 0.232558 0.219263 0.219721 0.14518 0 0 0 0
0 0 0 0 0 0 0 0 0 0 0 0 0 0 0 0 0 0 0 0 0 0 0 0 0 0 0 0 0 0 0 0 0 0 0 0 0 0 0 0 0 0 0.54445 0.729566 0.815191 1 0.994481 0.977994 0.938463 0.908215 0.87306 0.834829 0.814733 0.801179 0.802529 0.835479 0.912512 1 0.98612 0.892238 0.720643 0.648855 0.590609 0.44828 0.349946 0.330342 0.317366 0.308483 0.28511 0.266263 0.267061 0.284714 0.29632 0.27587 0.246884 0.22443 0.153711 0.022103 0 0 0
0 0 0 0 0 0 0 0 0 0 0 0 0 0 0.102723 0.507622 0.196866 0 0 0 0 0 0 0 0 0 0 0 0 0 0 0 0 0 0 0 0 0 0 0 0 0.229355 0.444727 0.575198 0.661775 0.767852 0.864066 0.90568 0.898455 0.866826 0.836306 0.8115 0.798433 0.807374 0.846263 0.886864 0.945679 1 0.969369 0.930799 0.732094 0.631553 0.577923 0.453749 0.332942 0.267386 0.278826 0.289889 0.296044 0.28622 0.280732 0.32034 0.345353 0.337166 0.278307 0.22035 0.181984 0.107557 0 0 0
0 0 0 0 0 0 0 0 0 0.0435825 0.0798791 0.155999 0.312213 0.581033 0.946121 0.789812 0.658108 0.525878 0.39178 0.137166 0 0 1 0 0 0 0 0 0 0 0 0 0 0 0 0 0 0 0 0 0.0333101 0.240738 0.383387 0.493081 0.5829 0.671391 0.75967 0.842404 0.865208 0.820575 0.796267 0.796814 0.799274 0.826843 0.886434 0.941338 1 0.98223 0.946433 0.996174 0.769869 0.609594 0.538544 0.440754 0.326547 0.231328 0.227859 0.245881 0.266801 0.281654 0.286876 0.298286 0.328496 0.354685 0.311102 0.222954 0.196296 0.157555 0.0753255 0.0166105 0
0 0 0 0 0 0.0158337 0.160031 0.275643 0.365948 0.428791 0.482221 0.579814 0.748385 0.905604 0.936176 0.802032 0.729966 0.694235 0.666665 0.538157 0.402381 0.393504 1 0.50462 0 0 0 0 0 0 0 0 0 0 0 0 0 0 0 0 0.0830457 0.186817 0.312659 0.419103 0.504965 0.605316 0.686761 0.778324 0.829019 0.796321 0.774998 0.789523 0.820253 0.870094 0.915805 1 0.963447 0.932669 0.890875 0.931951 0.839004 0.61307 0.499305 0.426171 0.329391 0.237645 0.190106 0.187799 0.208324 0.229163 0.264671 0.271671 0.27756 0.298433 0.304346 0.234107 0.199996 0.165483 0.13477 0.119807 0.0668416
0.0125271 0.0403325 0.0413657 0.072907 0.134809 0.294504 0.43738 0.526661 0.609735 0.675261 0.726119 0.807521 0.912868 0.997377 0.90769 0.815669 0.760127 0.764676 0.799354 0.738581 0.61583 0.625358 1 0.5283 0.126923 0.100665 0.221335 0.499155 0.4568 0 0 0 0 0 0 0 0 0 0 0 0.0529354 0.160179 0.273073 0.375513 0.457558 0.552899 0.641489 0.723038 0.799567 0.808623 0.779488 0.778722 0.817344 0.867006 0.928959 1 0.936668 0.874452 0.827309 0.872884 0.928459 0.68765 0.500728 0.39939 0.305359 0.257584 0.189326 0.157712 0.163908 0.183542 0.215967 0.250292 0.251115 0.248021 0.275359 0.26035 0.216878 0.173794 0.142142 0.101844 0
0.0537101 0.0545401 0.0824306 0.170434 0.310615 0.488916 0.60222 0.702125 0.792439 0.861327 0.88827 0.915866 0.975861 0.941682 0.871325 0.826342 0.794451 0.798332 0.83297 0.825999 0.778416 0.833165 1 0.561431 0.303176 0.340594 0.414376 0.597559 0.92632 0.550004 0 0 0 0 0 0 0 0 0 0 0 0.144143 0.233674 0.361047 0.436228 0.51821 0.614019 0.687542 0.765747 0.805255 0.80754 0.803162 0.823874 0.863763 0.937862 1 0.928676 0.865416 0.840436 0.860987 0.93701 0.840958 0.603799 0.43572 0.291029 0.242254 0.231323 0.205649 0.202079 0.219209 0.216877 0.246301 0.263265 0.26668 0.3088 0.318083 0.268262 0.212041 0.163603 0.0760105 0
0.102792 0.103125 0.14957 0.277594 0.455812 0.617346 0.766059 0.896728 0.994834 0.960071 1 0.972259 0.997621 0.924316 0.838599 0.812393 0.831374 0.79211 0.791088 0.789854 0.841747 1 0.864894 0 0.405433 0.508445 0.541816 0.636404 0.753518 0.920287 1 0.868015 0.30483 0 0 0 0 0 0 0 0 0.111051 0.166911 0.3443 0.432621 0.49343 0.583803 0.659065 0.734428 0.791647 0.815831 0.815313 0.833859 0.878605 0.945191 1 0.94192 0.893617 0.858917 0.841412 0.849481 0.983936 0.747981 0.555459 0.394113 0.290927 0.304298 0.306946 0.307179 0.322027 0.2999 0.284874 0.293803 0.306355 0.343755 0.368631 0.341247 0.289429 0.227436 0.135972 0.0415159
0.168282 0.187976 0.264636 0.419531 0.596409 0.787683 0.978706 0.906795 0.870033 0.88341 0.925878 0.963444 0.95234 0.904339 0.824779 0.765686 1 0.846644 0.787955 0.687133 0.685126 1 0.594778 0.373395 0.638177 0.595421 0.599592 0.614932 0.674681 0.816133 0.728736 0.587263 0 0 0 0 0 0 0 0 0.0201728 0.0692158 0.129836 0.287069 0.426696 0.487542 0.557468 0.635452 0.702242 0.761744 0.808465 0.818727 0.83796 0.894819 0.952293 1 0.976576 0.934192 0.869529 0.810784 0.782456 0.859367 0.91647 0.697982 0.543987 0.435474 0.403633 0.40317 0.411623 0.424486 0.403831 0.352122 0.323106 0.335219 0.351755 0.375917 0.381142 0.36872 0.316262 0.26417 0.229144
0.245654 0.262841 0.38883 0.563366 0.750633 0.980462 0.857604 0.805567 0.799395 0.838603 0.892294 0.92025 0.911827 0.869029 0.86277 0.897405 1 0.974971 0.808092 0.740698 0.775932 1 0.579951 0.539414 0.632939 0.585604 0.559205 0.541985 0.556629 0.560756 0.46014 0.34531 0 0 0 0 0 0 0 0 0 0.0943173 0.173786 0.251825 0.390059 0.485337 0.549337 0.622539 0.682445 0.722803 0.782055 0.825926 0.846732 0.898762 0.948267 0.977022 0.987907 1 0.863989 0.77734 0.769552 0.880038 0.977986 0.809065 0.670062 0.568026 0.514493 0.48447 0.483605 0.499426 0.489921 0.42882 0.357925 0.336525 0.345485 0.359692 0.379811 0.400236 0.393208 0.383542 0.380297
0.335147 0.347662 0.519578 0.711486 0.917008 0.887707 0.796152 0.76168 0.764762 0.811427 0.875752 0.901376 0.871428 0.829497 0.859186 0.952868 0.910645 0.89355 0.871733 0.828526 0.911395 1 0.559122 0.523395 0.595301 0.549993 0.520383 0.501174 0.495538 0.482622 0.427497 0.283737 0.00463338 0 0 0 0 0 0 0 0 0.113515 0.1795 0.224431 0.350549 0.433343 0.507932 0.597134 0.662488 0.699065 0.744403 0.795354 0.838147 0.898485 0.944694 0.970862 0.987536 1 0.841504 0.765021 0.932967 0.877522 0.900855 0.875987 0.760252 0.665348 0.606567 0.568132 0.550692 0.57567 0.580618 0.516397 0.423826 0.354982 0.339421 0.34978 0.362594 0.390991 0.427163 0.443736 0.452432
0.450586 0.467595 0.68316 0.883325 0.9219 0.819409 0.769579 0.747653 0.762053 0.807258 0.869001 0.880624 0.830351 0.799874 0.796936 0.814669 0.901346 0.9251 1 0.920937 0.950328 1 0.529552 0.493677 0.550373 0.505111 0.473003 0.450746 0.43499 0.419074 0.36497 0.230741 0.0496851 0 0 0 0 0 0 0 0 0.112877 0.139284 0.21147 0.299179 0.359763 0.419927 0.528438 0.61829 0.658354 0.690297 0.733055 0.792362 0.88261 0.946215 0.972734 1 0.921679 0.8469 0.781123 0.807136 0.673001 0.75179 1 0.945169 0.707059 0.651366 0.625578 0.616245 0.653459 0.672291 0.619746 0.512635 0.41505 0.36282 0.357365 0.369028 0.382573 0.411361 0.439755 0.474878
0.596841 0.646441 0.900169 0.929498 0.842648 0.769605 0.739988 0.742027 0.765775 0.819513 0.863894 0.856447 0.80945 0.783338 0.79927 0.857351 1 0.989861 0.972115 0.94976 0.927564 0.823813 0 0.443841 0.488778 0.449398 0.414134 0.388968 0.371156 0.355125 0.303024 0.216168 0.0843846 0 0 0 0 0 0 0.0242658 0.0491143 0.124589 0.132779 0.25729 0.267069 0.29604 0.351757 0.46684 0.57425 0.619172 0.648359 0.678129 0.718759 0.8216 0.929648 1 0.932269 0.907107 0.887829 0.857212 0.691474 0.56367 1 0.887914 0.812643 0.776826 0.702315 0.672771 0.693839 0.719704 0.714206 0.6795 0.600825 0.494035 0.416995 0.391191 0.406401 0.418856 0.422099 0.423795 0.460011
0.788329 0.875051 0.873931 0.766725 0.74167 0.736258 0.721998 0.727634 0.763323 0.826354 0.865152 0.853168 0.814284 0.793898 0.815261 0.871831 1 0.950699 0.895341 0.829349 0.787348 0.528673 0.274437 0.483307 0.417815 0.369947 0.32693 0.305332 0.298163 0.281464 0.249236 0.190778 0.0828488 0 0 0 0 0 0 0.113572 0.0910965 0.114394 0.170571 0.234861 0.257366 0.270578 0.326616 0.442566 0.5666 0.611699 0.631982 0.647351 0.660655 0.736745 0.87382 1 0.932943 0.919536 0.95957 0.984124 0.711144 0.51293 0.679338 0.75255 0.755506 0.839684 0.767566 0.731706 0.780948 0.796931 0.750682 0.70887 0.655584 0.570347 0.4923 0.454618 0.455189 0.466962 0.472242 0.457025 0.455058
0.95267 0.840801 0.735555 0.678695 0.664376 0.686857 0.706117 0.725817 0.766608 0.814642 0.840907 0.84451 0.831919 0.814774 0.829267 0.893989 1 0.880104 0.802307 0.731127 0.69452 0.46966 0.405538 0.410204 0.327107 0.242765 0.190009 0.164421 0.184857 0.191677 0.178652 0.126036 0.0478901 0 0 0 0 0 0.0221643 0.146418 0.151506 0.157585 0.203391 0.12207 0.191892 0.267737 0.318021 0.418753 0.557864 0.63834 0.648996 0.650498 0.639607 0.667661 0.78262 0.89437 1 0.990204 0.950518 0.841869 0.751601 0.617925 0.563031 0.653895 0.775684 0.838114 0.789869 0.782693 0.852928 0.877294 0.805519 0.740574 0.692817 0.62372 0.560161 0.525761 0.506023 0.501169 0.513343 0.507076 0.479701
0.768175 0.693823 0.647678 0.634342 0.632173 0.649865 0.691173 0.727168 0.769613 0.805422 0.819307 0.838441 0.847807 0.832176 0.851681 1 0.908846 0.795105 0.715 0.66492 0.614457 0.409948 0.350783 0.331924 0.232635 0.10043 0 0 0 0.0762858 0.0735647 0 0 0 0 0 0.0850909 0.0360096 0.0462351 0.122819 0.300397 0.266654 0.204036 0 0.10046 0.238883 0.29961 0.392332 0.528167 0.643264 0.708202 0.729885 0.688551 0.680131 0.730356 0.79903 0.851966 0.888672 0.870848 0.789728 0.683338 0.623989 0.629682 0.675922 0.724272 0.738079 0.739496 0.774456 0.876451 0.939967 0.877428 0.78307 0.7168 0.644927 0.594142 0.573856 0.547737 0.526897 0.53459 0.548317 0.525978
0.679584 0.635893 0.607313 0.608054 0.624999 0.648232 0.692365 0.736877 0.758757 0.791043 0.821891 0.85112 0.869404 0.858345 0.895547 1 0.847148 0.729777 0.673933 0.633805 0.552306 0.372573 0.306339 0.274172 0.127076 0 0 0 0 0 0 0 0 0 0 0 0.209678 0.0673638 0.0503232 0.0533901 0.23184 0.249536 0.139238 0 0.10453 0.223505 0.294214 0.373415 0.515232 0.636343 0.713728 0.78553 0.754264 0.714225 0.767522 0.817414 0.804847 0.786595 0.773022 0.745853 0.689205 0.631485 0.640605 0.733618 0.757676 0.698839 0.699127 0.757092 0.848115 0.940349 0.943185 0.847134 0.71956 0.632081 0.600532 0.589941 0.551926 0.531287 0.544916 0.577837 0.576984
0.644273 0.628622 0.608638 0.608694 0.627772 0.65666 0.697276 0.757339 0.77558 0.775866 0.815554 0.85738 0.908847 0.944079 1 0.891471 0.786696 0.727703 0.689009 0.594874 0.495168 0 0.266945 0.164431 0 0 0 0 0 0 0 0 0 0 0 0 0 0.0633716 0.0781965 0.0422909 0 0 0 0.0484515 0.161659 0.235362 0.303231 0.375348 0.496206 0.631364 0.710083 0.755491 0.744867 0.725544 0.776331 0.825562 0.814021 0.766917 0.722839 0.694856 0.668331 0.641836 0.656978 0.736673 0.760112 0.722478 0.714691 0.769374 0.840235 0.907862 0.96174 0.897969 0.74916 0.64133 0.609399 0.593673 0.539659 0.519934 0.543818 0.580355 0.595201
0.636639 0.633913 0.615041 0.620199 0.644425 0.680642 0.709511 0.740358 0.778844 0.790742 0.822685 0.861869 0.926275 1 0.885191 0.838574 0.772513 0.728275 0.632313 0.511128 0.337804 0.189526 0.248032 0.0502125 0 0 0 0 0 0 0 0 0 0 0 0 0.205209 0.164953 0.182531 0.180809 0 0 0.0690056 0.150688 0.212549 0.242302 0.290056 0.365597 0.460121 0.589845 0.689261 0.712385 0.697947 0.696743 0.759792 0.819334 0.816357 0.780672 0.717591 0.65388 0.620696 0.613186 0.641378 0.71084 0.740135 0.719706 0.735607 0.786925 0.827166 0.864974 0.924248 0.882505 0.767607 0.687949 0.654044 0.624774 0.555069 0.514866 0.542364 0.576612 0.600003
0.642355 0.639817 0.622247 0.626424 0.649059 0.695323 0.728371 0.735866 0.774056 0.812049 0.847531 0.888934 1 0.916877 0.852455 0.811083 0.736303 0.658561 0.526984 0.403443 0.227144 0.241521 0.112691 0 0 0 0 0 0 0 0 0 0 0 0.152354 0.53339 0.558157 0.422041 0.328264 0.310188 0.271241 0.05143 0.166063 0.221782 0.236051 0.228222 0.246861 0.312469 0.392514 0.5001 0.612027 0.666789 0.65449 0.644849 0.7062 0.780072 0.794018 0.800361 0.746423 0.632599 0.559607 0.55532 0.591706 0.658209 0.697627 0.701035 0.728469 0.776469 0.801181 0.830321 0.866054 0.822611 0.750985 0.721488 0.705304 0.662899 0.593444 0.54006 0.54817 0.568433 0.58889
0.656213 0.659264 0.636905 0.636281 0.649753 0.687528 0.745167 0.762328 0.778566 0.836901 0.88262 0.926703 1 0.915882 0.862773 0.783388 0.683435 0.561358 0.419736 0.267115 0 0 0 0 0 0 0 0 0 0 0 0 0.0696131 0.252759 0.500518 0.984033 0.556078 0.506505 0.462359 0.374134 0.343972 0.277784 0.244678 0.261509 0.24626 0.203693 0.181151 0.206788 0.27276 0.376662 0.474424 0.570945 0.609675 0.605019 0.630467 0.685695 0.725718 0.78317 0.781545 0.653091 0.531788 0.497729 0.528718 0.588348 0.628246 0.657801 0.691579 0.723925 0.760772 0.785674 0.795691 0.75656 0.714522 0.717262 0.725184 0.680804 0.623458 0.583649 0.570138 0.564205 0.569945
0.670657 0.684136 0.665994 0.660743 0.664509 0.678248 0.745124 0.816375 0.827951 0.868353 0.917241 1 0.939183 0.913439 0.861404 0.733771 0.599137 0.438774 0.282181 0.135908 0 0 0 0 0 0 0 0 0 0 0.022963 0.131947 0.275032 0.501949 0.752853 0.820371 0.521928 0.417443 0.395144 0.458818 0.308972 0.371888 0.320015 0.285979 0.247109 0.189996 0.149262 0.131789 0.159657 0.250049 0.343612 0.436011 0.527729 0.565219 0.582231 0.5891 0.630079 0.730308 0.747443 0.652157 0.563041 0.510331 0.509455 0.540498 0.569424 0.590629 0.640169 0.669413 0.701139 0.727941 0.725279 0.696629 0.673592 0.677035 0.685915 0.664486 0.616332 0.595084 0.59365 0.576751 0.559523
0.679782 0.683435 0.694601 0.702349 0.685618 0.702501 0.760834 0.846595 0.920907 0.918595 0.924626 1 0.893706 0.865303 0.78497 0.659332 0.488136 0.303997 0.144687 0 0 0 0 0 0 0 0 0 0.00494101 0.0547519 0.139979 0.262016 0.452442 0.69154 0.930131 0.776192 0.567732 0.38098 0.297895 0.339224 0.456289 0.401713 0.366067 0.299872 0.229019 0.172156 0.133653 0.121726 0.131618 0.174583 0.251678 0.324833 0.426695 0.510506 0.557007 0.566863 0.581353 0.647566 0.672703 0.615 0.566232 0.536978 0.529059 0.538491 0.563748 0.570641 0.592549 0.629155 0.647291 0.672434 0.677843 0.666301 0.644282 0.641807 0.640419 0.633692 0.600932 0.580619 0.582591 0.571591 0.539
