wasim_mod/input/grids/GRD/fundus_25.eoc
ncols	193
nrows	326
xllcorner	39436.98047
yllcorner	214976.5781
cellsize	25.0198
nodata_value	-9999
[rows 104 to 155 of 326, columns 96 to 191 of 193]
176 103 161 26 36 28 58 24 177 51 25 3 46 6 60 167 162 129 15 89 178 12 10 1 180 43 176 167 116 101 175 37 42 61 169 25 76 166 40 27 43 22 142 126 77 104 60 65 45 57 56 24 118 176 161 64 92 172 97 23 28 65 79 153 80 39 171 152 43 163 27 33 132 11 8 66 170 137 125 62 59 66 137 137 115 137 75 54 183 43 20 151 80 66 55 137
76 25 72 8 174 183 80 57 150 171 161 42 54 59 67 8 8 37 63 161 53 82 144 169 47 44 67 147 64 74 65 61 138 166 80 60 21 63 176 27 65 138 19 53 17 26 24 40 5 119 169 63 62 37 179 32 149 42 18 62 172 170 40 83 7 175 152 66 44 106 78 66 61 124 84 39 2 8 61 70 57 164 61 130 64 151 57 53 182 168 58 36 50 133 6 37
59 46 146 51 147 12 140 139 59 5 62 64 175 22 67 166 40 20 72 74 61 35 59 53 24 162 18 150 42 56 73 46 55 66 178 40 21 61 14 30 67 19 112 87 67 184 163 166 7 28 64 174 64 108 101 31 40 109 85 156 29 64 43 64 154 79 167 141 7 25 65 55 81 181 41 117 64 64 57 176 115 39 118 67 66 161 61 35 181 64 17 62 66 65 165 51
28 23 158 177 162 69 2 80 61 67 165 177 7 184 45 16 76 62 50 56 42 7 93 69 177 152 123 56 24 10 45 60 39 56 150 177 145 62 11 180 143 183 19 2 63 56 65 58 1 33 63 4 7 16 7 147 43 106 56 30 172 126 55 76 183 164 25 160 163 56 77 121 35 9 138 170 64 52 151 156 62 24 28 173 168 162 63 1 138 59 13 138 57 63 64 46
59 62 92 21 24 178 63 117 55 166 68 12 44 169 177 61 40 58 62 53 47 65 135 61 49 75 52 31 22 22 57 144 62 176 24 100 54 63 78 170 75 54 172 56 91 37 79 10 68 36 114 40 166 17 66 178 14 36 58 132 142 175 65 120 182 64 65 71 157 57 148 6 53 55 68 45 67 139 170 162 58 130 165 20 66 18 11 115 64 13 62 38 55 152 155 78
172 145 65 178 167 7 59 5 169 48 64 51 169 68 19 136 9 68 63 65 164 184 41 68 165 56 57 47 33 22 11 81 124 22 50 170 40 140 37 26 45 112 69 54 6 147 109 60 38 10 48 69 105 99 68 150 81 164 185 172 60 16 23 113 6 5 6 40 75 62 62 35 73 81 40 3 26 118 31 42 30 80 29 172 167 153 56 44 163 103 42 146 104 69 4 24
18 3 55 60 62 139 35 6 56 17 178 39 1 129 131 155 58 56 116 141 183 60 63 107 141 34 19 62 76 38 145 64 63 65 172 77 27 180 66 66 2 21 122 52 41 8 185 63 178 25 24 180 3 9 34 46 58 178 52 163 167 43 62 57 175 69 163 41 143 22 69 178 68 133 44 173 152 171 178 174 56 61 54 74 68 96 70 70 20 66 68 24 24 80 66 63
69 19 139 160 49 174 166 51 67 54 1 126 82 111 127 70 3 66 16 70 173 36 21 164 185 57 5 25 5 63 45 56 161 175 55 69 63 139 57 24 61 160 165 65 153 181 57 75 139 41 164 50 38 73 139 41 165 47 77 57 53 68 58 170 178 39 68 34 61 67 66 42 15 57 139 62 176 26 61 30 70 61 66 17 139 151 117 38 174 66 149 64 26 183 159 130
44 175 70 40 177 81 186 20 62 61 164 70 13 92 18 37 23 175 64 2 72 78 22 70 140 23 55 23 58 53 175 5 22 113 179 90 22 158 26 106 40 61 70 13 112 107 54 42 132 60 91 2 60 116 146 42 93 42 67 70 45 64 36 176 46 105 59 185 63 34 65 37 87 14 169 61 7 169 26 172 74 34 4 60 42 171 186 28 16 170 162 27 176 28 34 25
66 52 77 58 50 157 57 47 4 56 89 10 25 42 176 167 49 56 68 61 71 179 131 168 67 176 117 166 20 39 60 62 60 179 72 50 65 176 57 164 115 14 129 8 145 66 36 66 176 34 60 38 169 17 163 179 65 176 165 66 75 5 60 66 174 114 52 32 70 43 179 72 3 170 78 65 186 65 12 73 44 46 67 183 37 171 171 182 40 60 82 62 141 60 175 149
71 135 59 155 163 60 178 150 179 38 64 59 45 71 71 16 175 82 39 58 39 19 65 22 57 80 71 178 176 2 147 168 176 68 121 148 57 71 11 11 48 143 77 44 25 63 55 63 110 25 116 80 41 78 71 13 9 122 130 55 186 35 29 167 160 12 71 154 40 159 3 56 10 25 4 147 34 141 65 82 177 165 51 177 179 63 56 22 181 150 43 2 177 40 10 75
58 140 66 21 46 167 59 40 164 80 19 63 39 40 35 18 1 23 21 178 88 58 58 21 57 67 56 61 60 177 22 38 7 42 42 162 58 4 85 26 148 62 187 27 13 6 37 127 64 57 65 50 182 71 146 173 57 186 144 58 33 43 67 68 4 140 126 39 25 58 61 117 34 185 45 36 187 157 106 44 101 59 179 27 60 115 15 144 71 166 67 21 178 22 146 61
21 5 168 92 4 59 179 70 66 141 181 65 176 56 140 9 22 35 54 125 180 41 170 166 58 30 178 145 22 123 39 13 178 50 5 10 165 2 44 178 156 30 138 45 17 63 6 64 162 48 139 140 15 78 40 116 17 52 57 175 111 43 37 49 179 110 74 54 31 33 104 24 185 129 52 103 159 172 94 80 59 23 165 17 91 62 175 180 187 11 43 68 38 22 55 78
77 42 180 165 60 22 24 72 66 67 34 2 180 158 77 113 74 50 172 164 179 171 7 177 77 63 51 66 171 63 96 19 36 61 169 169 1 75 58 2 24 68 108 32 56 60 165 187 58 147 21 28 36 112 151 72 56 176 65 170 154 61 118 177 4 109 39 171 68 146 87 68 33 119 70 5 76 16 147 121 62 169 102 151 181 21 65 134 170 22 80 57 178 41 180 37
163 71 14 43 168 110 166 1 124 1 179 21 60 157 166 50 17 65 57 59 174 159 149 53 58 164 172 89 72 179 82 37 26 179 168 83 64 81 111 16 27 116 66 146 179 39 69 117 3 167 60 180 44 145 14 58 167 38 81 47 61 41 65 187 71 188 141 149 152 59 65 62 62 21 188 148 83 45 83 182 64 144 22 174 61 19 76 68 34 120 143 57 175 179 11 83
37 78 44 61 36 66 135 43 8 183 58 83 100 2 23 79 29 37 48 52 181 67 60 21 183 57 57 177 35 101 57 56 141 49 70 154 33 112 105 80 67 113 15 168 60 174 166 166 176 185 38 51 65 10 22 75 64 67 73 61 67 73 16 45 21 73 66 23 32 176 13 145 180 23 73 32 38 57 37 102 29 14 109 21 55 22 58 30 166 57 168 72 47 73 110 157
31 62 64 16 43 67 88 63 114 60 142 19 27 181 17 38 2 78 73 108 66 60 92 64 93 68 34 156 57 186 37 145 147 67 126 21 64 73 41 7 163 22 147 169 167 129 57 169 57 167 22 13 173 57 146 50 32 170 64 83 38 64 83 165 75 72 48 6 68 180 56 141 180 188 155 16 20 32 58 73 48 21 180 116 150 2 57 171 66 184 123 60 41 21 59 58
68 15 22 187 172 11 17 3 53 56 68 78 160 22 180 125 181 34 27 141 47 154 58 14 159 19 2 79 178 181 37 12 176 77 69 150 62 113 18 69 61 107 51 119 138 13 36 61 22 73 172 21 149 169 64 59 32 164 177 55 33 80 151 60 79 90 14 5 170 182 56 21 102 63 189 10 134 78 64 60 172 97 175 59 168 36 161 32 146 58 69 21 111 2 24 67
83 46 148 158 73 178 168 67 121 16 73 114 21 151 39 68 167 189 43 67 20 174 20 185 71 133 8 73 176 20 44 69 182 68 55 54 21 20 72 73 187 19 20 77 18 78 109 82 80 72 63 45 1 37 36 58 47 101 17 37 72 182 56 59 74 34 60 171 167 29 180 1 41 74 50 3 70 49 2 37 81 184 62 42 61 74 21 173 74 177 28 162 33 185 74 58
14 60 36 153 68 36 35 18 20 113 6 35 171 64 157 55 100 142 175 51 30 65 13 145 65 50 169 23 84 16 49 56 83 174 58 84 103 105 33 84 77 142 152 181 116 143 5 17 182 57 36 122 74 64 163 181 78 166 32 174 48 1 111 118 157 63 96 119 179 46 1 58 74 35 60 48 170 25 13 75 46 36 58 176 84 135 61 183 12 68 76 16 85 19 21 20
36 182 50 45 18 49 69 78 84 166 20 45 154 46 155 3 172 17 58 69 31 92 146 19 79 1 61 1 168 42 39 94 68 155 1 27 110 149 66 74 115 19 3 84 56 56 145 68 171 144 73 1 148 187 82 20 59 63 15 36 182 29 32 70 9 179 143 33 182 131 160 63 54 57 182 164 62 169 173 58 168 16 161 20 168 70 183 176 148 65 10 60 40 71 114 63
28 70 20 129 72 183 61 72 25 20 62 7 53 147 43 46 1 54 62 171 170 39 187 61 170 84 70 113 30 61 63 19 20 171 74 43 41 139 169 141 77 151 52 20 44 101 54 82 143 35 149 172 18 162 154 169 16 62 61 126 69 59 45 74 72 69 134 12 167 183 15 13 20 147 87 20 8 19 188 19 42 79 159 76 49 123 169 47 17 182 42 69 145 137 117 20
17 169 3 185 49 103 189 18 144 14 40 75 73 57 55 17 183 51 38 69 167 70 152 130 177 45 48 50 53 75 73 59 64 16 69 31 66 180 35 19 163 75 60 175 43 43 61 175 69 170 120 186 65 71 57 190 183 69 181 62 102 73 183 89 179 178 32 62 62 69 47 41 176 84 185 69 69 35 158 142 74 69 13 11 69 121 169 71 2 62 145 17 63 148 190 176
54 179 170 147 1 56 183 35 175 17 112 115 24 78 181 171 35 19 35 32 61 62 2 184 45 19 182 60 62 181 184 171 179 85 184 38 71 34 83 63 189 39 53 34 35 61 35 105 70 13 19 54 59 140 64 71 55 73 10 70 183 184 60 80 183 78 88 62 64 174 43 156 184 67 110 18 19 27 50 59 182 174 81 16 62 78 43 68 161 65 19 161 104 164 53 45
173 150 19 12 184 62 19 169 16 144 149 100 71 4 64 38 75 173 180 162 3 14 143 141 26 155 68 42 33 45 34 191 187 62 183 52 72 96 47 83 71 70 67 24 2 16 173 82 70 122 30 62 31 124 184 62 5 62 95 81 55 56 74 70 62 68 92 21 19 180 70 82 60 6 71 36 40 60 145 56 19 75 61 30 28 83 19 190 191 143 18 8 71 66 1 39
70 163 73 72 44 131 66 144 146 107 143 179 3 11 56 3 52 19 190 184 85 70 79 145 53 185 32 49 170 50 14 136 64 62 30 61 44 90 71 29 16 70 34 151 168 40 17 14 185 66 13 102 30 63 3 17 69 65 72 176 54 43 51 171 69 58 75 171 15 65 50 77 37 62 23 168 171 18 74 57 75 84 191 171 76 56 16 60 22 85 89 63 72 70 117 48
10 15 72 7 16 175 74 63 65 81 34 43 185 73 40 34 112 60 34 34 181 146 188 76 34 34 65 60 23 184 63 70 39 151 71 174 157 177 173 70 20 144 52 68 46 13 69 175 173 76 149 176 74 46 148 63 173 14 67 61 42 64 2 60 30 78 4 3 55 71 186 42 54 71 43 113 81 184 71 115 127 166 63 67 106 143 18 2 140 19 128 32 71 185 164 147
175 52 47 21 16 37 54 62 147 160 63 182 62 14 156 142 71 11 76 73 68 75 126 52 13 38 71 75 3 79 64 56 190 30 73 172 143 188 63 61 51 186 33 8 174 27 180 150 7 181 172 32 13 185 110 145 179 12 187 133 181 50 43 179 60 176 148 25 85 178 191 185 78 144 71 33 80 19 73 53 16 98 192 31 48 15 18 144 66 146 60 161 165 61 31 158
108 144 61 12 66 185 183 18 142 76 75 90 28 54 183 42 180 1 64 10 39 12 71 146 74 91 143 145 13 51 69 186 14 96 165 18 55 41 81 12 189 17 177 4 155 15 71 4 10 185 85 16 12 71 89 61 102 92 62 143 180 44 33 49 192 55 68 76 49 87 66 79 12 18 153 190 139 54 64 18 187 164 63 141 18 74 157 62 149 182 11 30 19 76 44 69
76 167 46 66 72 30 175 73 74 48 29 145 31 72 78 74 178 151 18 170 28 70 60 70 1 47 185 185 101 136 77 50 148 13 58 144 33 76 42 33 24 65 156 6 51 33 187 151 143 77 33 176 4 53 64 76 154 9 172 11 164 11 63 8 183 57 32 7 173 182 85 61 142 173 32 11 166 177 185 176 146 169 66 73 150 75 54 144 21 70 3 61 83 80 29 46
166 149 82 77 33 188 29 144 68 65 142 70 50 115 44 75 78 134 131 160 77 34 16 61 60 72 21 42 42 184 148 51 77 67 39 177 174 104 26 62 76 22 186 77 145 77 18 183 18 3 38 79 18 8 109 15 116 72 77 174 183 73 172 33 36 34 52 150 61 49 14 82 33 11 54 188 185 56 168 170 51 154 25 175 182 124 27 72 190 40 141 61 65 144 187 143
67 8 178 86 20 165 74 4 43 159 32 35 10 10 184 74 54 61 30 69 141 51 62 10 77 50 68 193 59 54 147 86 187 65 142 72 165 7 92 86 73 139 10 49 32 60 86 6 12 158 75 174 72 29 152 56 186 161 3 181 180 58 30 51 174 48 141 178 76 42 78 5 63 145 89 65 175 75 11 81 4 189 186 55 53 171 188 57 64 71 66 9 144 186 73 45
185 66 77 28 6 140 57 151 190 186 77 184 73 184 76 40 86 49 143 17 51 17 172 193 10 186 52 84 85 164 180 74 142 9 72 77 193 10 10 64 4 97 41 23 39 86 164 68 30 80 17 161 3 48 22 42 32 8 146 177 73 178 84 160 67 53 65 148 80 26 81 74 42 63 176 71 65 77 77 143 75 62 189 162 188 168 157 173 47 181 103 63 141 98 70 58
111 163 192 83 129 23 12 175 143 113 187 66 31 108 170 8 5 187 4 20 43 139 156 104 6 67 76 148 17 77 64 65 183 170 73 182 32 66 73 29 167 155 72 187 132 183 140 180 19 88 62 141 144 54 51 5 184 46 157 121 91 166 68 72 115 45 163 189 140 68 67 62 17 77 112 76 79 51 168 50 71 137 74 189 80 9 90 65 77 73 64 144 144 39 77 68
47 13 186 180 143 7 74 187 13 28 134 40 175 35 73 74 171 78 186 15 50 62 187 75 16 175 192 139 41 82 53 150 67 34 78 182 64 159 69 4 27 78 65 57 165 39 22 152 67 65 184 71 17 187 70 61 74 75 179 42 165 75 40 162 14 142 77 16 56 62 101 81 68 77 162 31 169 188 70 141 62 84 72 66 3 62 189 76 37 30 78 5 81 52 48 65
70 32 143 138 41 190 190 77 51 156 58 173 142 77 125 147 68 22 20 49 1 45 73 188 190 54 67 189 78 78 139 150 63 146 94 65 62 17 102 49 63 52 161 7 163 74 69 76 40 103 16 17 139 42 66 190 179 3 69 46 96 135 82 109 100 31 185 176 31 17 142 16 19 29 188 131 78 69 151 174 78 173 83 78 181 78 36 10 95 39 28 183 114 50 185 139
63 5 65 174 119 139 10 11 52 74 189 26 75 157 148 184 104 64 64 74 72 53 190 160 179 138 18 56 40 76 68 86 183 83 28 15 28 63 11 75 66 177 175 46 9 30 92 69 31 69 67 3 178 177 30 50 78 118 59 191 176 42 154 80 49 52 106 188 78 168 38 36 185 63 193 77 190 98 175 16 176 22 177 7 73 144 85 31 73 167 37 76 75 80 69 12
46 74 86 20 140 110 54 80 66 49 76 188 184 2 44 61 84 142 8 78 33 117 180 75 80 82 79 79 124 40 78 47 182 30 165 41 188 63 150 164 169 138 38 77 9 75 39 79 25 178 45 145 149 155 70 191 72 189 19 76 82 151 191 81 159 80 188 143 191 71 71 184 137 184 77 78 79 28 67 41 71 70 179 78 34 134 186 65 63 34 63 180 64 188 132 16
70 185 75 181 141 177 83 16 59 31 2 5 136 186 27 135 147 16 177 79 76 64 5 190 139 74 81 6 48 23 1 170 44 72 186 66 141 144 189 137 36 182 71 76 18 30 27 6 145 51 191 42 11 58 14 75 82 138 153 43 148 77 35 141 72 39 75 52 192 79 179 10 45 31 187 189 84 37 49 150 67 79 193 64 79 140 29 180 1 3 18 141 75 16 75 80
87 76 121 185 79 45 40 19 96 79 15 50 114 67 178 128 74 80 49 30 154 30 193 161 102 79 68 75 43 176 14 101 79 187 67 143 188 87 16 87 70 16 137 51 129 72 142 71 50 141 149 39 71 87 30 67 171 107 179 65 133 15 27 30 186 66 127 87 93 41 79 177 51 185 190 32 149 30 64 84 55 85 60 79 123 138 79 39 189 30 89 12 182 154 83 136
90 49 189 87 75 82 77 184 28 18 83 40 39 64 82 150 192 64 81 78 82 190 169 146 29 189 115 80 99 106 189 109 82 7 58 79 34 189 151 135 67 50 189 4 73 64 79 180 181 75 33 126 2 160 79 59 42 172 118 6 54 48 36 28 87 5 189 64 35 80 15 43 191 94 145 134 70 85 7 163 12 66 86 153 63 146 45 79 66 178 29 136 168 64 116 173
53 175 50 14 24 170 180 183 178 77 76 65 179 140 80 39 79 50 164 51 72 190 34 187 151 178 29 3 72 14 7 136 23 175 180 9 80 176 68 7 10 159 142 67 192 8 30 83 148 69 186 29 81 41 6 84 104 86 82 67 153 27 6 113 148 81 184 92 20 29 57 52 40 15 87 2 179 74 80 182 143 159 56 17 65 81 45 24 187 15 27 176 7 95 10 76
85 122 49 76 48 76 186 180 140 61 4 140 4 29 72 69 136 15 140 85 150 65 137 15 140 79 140 69 140 38 171 35 65 58 7 91 46 28 29 83 6 191 160 29 29 120 69 187 77 182 48 2 26 40 8 77 76 36 81 12 179 96 76 158 150 192 193 75 47 112 75 154 68 76 82 29 66 13 76 53 77 48 111 134 80 34 1 190 94 133 83 15 27 29 67 5
84 76 192 181 65 161 161 101 79 79 14 29 192 29 187 77 37 138 65 57 190 179 114 187 99 49 82 193 33 102 56 155 173 76 39 19 76 190 182 65 183 76 100 74 181 146 65 185 47 190 74 157 27 48 80 26 172 188 136 44 193 68 40 17 28 139 185 190 153 164 163 14 42 65 76 54 170 31 80 174 28 3 72 104 75 81 80 79 192 193 19 66 32 146 14 78
84 177 14 80 28 14 38 6 83 163 109 79 181 160 27 80 20 55 76 35 44 49 117 135 14 52 48 180 116 10 46 6 80 186 93 3 118 149 51 49 58 47 148 13 28 134 178 45 8 24 87 166 189 129 156 80 66 15 30 72 86 153 28 74 46 13 77 72 82 193 152 191 80 83 188 130 26 47 173 69 23 34 27 34 4 49 49 75 75 4 80 69 6 73 41 183
96 69 186 87 69 44 26 152 60 132 81 28 85 186 53 166 181 81 181 37 2 70 140 1 43 78 138 28 75 127 159 81 5 74 66 71 46 76 4 71 28 71 70 74 68 72 14 79 79 26 76 68 47 191 88 71 37 77 119 82 186 69 28 31 8 159 16 187 73 88 190 106 174 28 4 67 80 88 77 84 38 144 66 84 80 39 83 83 14 107 135 52 165 188 162 55
3 177 41 99 139 77 183 80 193 153 27 142 176 100 3 105 67 31 35 18 174 58 51 73 77 77 81 88 75 152 192 101 158 68 46 139 47 37 184 182 46 34 47 98 139 82 193 81 9 72 185 181 28 85 70 82 175 59 48 143 82 75 62 27 126 137 76 26 179 6 176 29 10 40 77 78 183 185 56 28 171 7 77 42 1 154 27 9 192 88 166 32 82 102 191 181
11 78 191 38 55 156 70 87 82 172 149 68 33 84 48 191 25 60 41 141 150 36 25 191 191 152 37 187 72 182 83 151 136 140 20 138 114 47 147 81 109 79 26 73 180 48 75 48 13 67 181 94 45 27 179 52 71 77 134 79 27 147 84 88 183 59 148 68 5 8 96 25 74 78 46 2 135 41 54 70 72 115 72 44 2 85 81 69 39 24 81 149 45 64 108 74
147 71 147 18 81 27 192 7 81 73 184 67 131 86 84 49 13 95 139 76 82 81 187 165 77 8 81 163 13 27 44 183 122 16 7 84 81 192 26 104 78 11 27 43 37 81 130 166 71 6 182 29 22 26 79 153 47 69 9 152 78 142 31 68 14 72 76 55 71 1 50 80 53 17 27 13 67 189 17 76 30 13 13 27 154 82 72 169 67 79 75 3 41 78 170 78
189 153 83 176 21 3 47 184 74 26 86 52 39 168 193 73 80 40 186 177 163 193 56 152 110 69 72 48 45 11 82 27 68 82 88 25 82 167 77 54 98 183 73 102 8 74 83 71 178 185 75 140 99 80 12 81 42 134 172 88 38 57 45 27 173 78 81 1 75 128 141 7 37 12 26 83 26 166 47 1 78 154 8 73 189 78 27 77 37 60 69 84 70 10 192 27
82 79 80 72 77 78 83 79 146 103 25 39 47 162 72 105 43 183 35 108 5 80 2 80 185 53 189 187 173 46 10 73 12 26 19 132 157 88 156 58 71 144 33 83 62 85 184 138 167 26 127 84 12 72 185 79 111 12 20 82 78 87 4 44 40 88 107 85 46 3 159 81 82 81 184 75 38 142 24 26 36 138 24 78 71 12 72 72 74 78 9 174 80 87 15 16
18 21 174 54 31 4 190 45 138 191 7 82 153 84 147 28 23 145 11 25 26 76 115 164 4 76 104 68 69 12 25 51 170 71 9 131 72 138 169 168 73 68 184 151 74 80 79 1 133 82 175 83 150 83 171 7 49 26 137 1 68 67 192 79 185 10 192 188 36 84 77 44 13 188 184 71 75 26 37 43 68 6 30 9 6 39 46 81 116 50 157 85 86 79 82 5
