wasim_mod/input/grids/GRD/fundus_25.eoc
ncols	193
nrows	326
xllcorner	39436.98047
yllcorner	214976.5781
cellsize	25.0198
nodata_value	-9999
[rows 156 to 207 of 326, columns 96 to 191 of 193]
85 179 73 6 98 101 15 75 72 93 82 117 88 8 82 82 25 148 35 110 71 26 82 102 83 83 185 191 96 134 139 7 11 83 3 19 64 85 82 73 77 82 36 2 100 71 78 11 155 81 178 36 187 73 142 31 2 186 143 149 73 47 78 144 189 69 185 45 57 60 109 12 45 56 188 8 4 84 46 26 25 187 151 52 6 99 83 148 154 8 25 26 11 84 29 10
25 11 4 7 3 9 185 42 34 153 69 79 32 28 37 83 25 59 84 30 38 135 33 85 85 9 71 24 6 183 161 156 80 113 186 7 155 6 8 137 158 27 77 69 45 73 25 53 83 74 34 71 70 35 192 10 55 63 185 4 78 172 75 25 74 76 120 81 72 74 174 90 58 180 145 84 1 31 43 69 45 89 141 187 11 25 111 33 5 7 17 3 71 78 185 88
167 81 4 193 20 144 39 24 84 185 73 1 162 51 104 187 73 6 9 50 83 80 79 79 169 54 82 80 24 79 38 7 7 190 74 79 166 78 89 172 3 82 78 74 175 6 35 166 131 133 168 88 79 8 11 5 8 24 45 83 74 26 81 149 139 79 18 6 14 9 82 186 74 71 23 23 24 62 110 25 24 80 193 10 86 3 155 114 73 39 25 70 10 44 76 6
59 5 79 167 92 151 184 130 75 4 127 186 142 190 11 49 187 75 85 40 34 57 45 161 150 71 9 25 83 72 13 100 4 102 137 94 70 81 3 190 83 116 189 107 77 24 23 5 1 26 75 150 23 154 75 178 54 6 154 77 35 51 143 10 85 83 186 188 105 99 96 48 188 186 5 84 50 27 108 144 193 79 88 88 45 79 145 193 65 187 15 84 74 83 80 186
44 8 190 14 84 72 4 70 79 78 24 174 25 33 21 174 19 111 84 187 82 84 191 70 5 44 21 4 71 24 68 3 70 83 35 137 80 170 11 79 10 83 191 85 76 43 85 23 119 121 183 56 153 72 129 78 52 6 85 6 16 113 89 23 191 41 23 85 32 83 2 71 32 82 80 187 149 153 49 74 141 12 4 117 180 83 135 89 57 159 1 8 137 16 97 28
145 4 182 126 82 3 3 181 189 3 163 74 73 169 59 36 55 84 83 106 187 77 189 84 23 77 24 53 76 77 84 8 188 192 7 76 46 176 182 191 152 187 140 23 71 2 79 7 86 81 76 88 188 84 6 80 10 82 1 187 2 84 86 76 11 77 76 84 131 177 47 9 44 84 10 9 1 63 187 81 4 186 27 187 77 87 173 3 10 87 15 138 82 38 150 81
13 177 18 79 185 23 105 2 33 12 73 85 4 9 72 76 38 89 85 77 26 22 15 108 107 41 102 1 84 30 79 44 40 188 145 51 3 115 32 82 190 100 84 86 35 50 22 2 25 24 190 85 23 154 34 144 73 58 99 46 137 22 55 86 8 80 86 44 111 7 37 162 43 11 84 174 77 10 36 188 24 190 22 36 1 158 139 68 24 103 28 156 91 71 20 53
9 84 39 167 188 113 84 45 116 25 104 180 172 77 166 189 179 81 14 49 184 84 77 81 161 85 3 1 80 82 8 54 5 146 10 46 43 75 77 78 188 39 5 28 122 85 82 4 112 84 70 161 86 88 2 188 150 82 19 145 72 110 134 11 155 22 33 33 16 188 188 26 85 188 81 86 78 76 23 138 24 77 50 23 175 65 165 192 132 72 73 82 85 188 77 191
40 188 170 151 27 88 158 17 43 23 85 181 76 79 90 75 73 87 73 84 43 78 86 147 24 84 46 57 81 89 157 167 3 144 10 169 79 84 85 89 3 8 139 87 129 43 9 192 91 89 35 90 48 79 64 43 154 30 47 182 190 29 68 109 114 6 82 27 7 189 88 73 61 83 176 90 140 152 164 24 84 41 23 2 84 81 169 33 173 2 79 37 43 88 189 153
192 67 35 22 79 177 90 156 10 181 66 89 1 189 73 73 85 189 80 88 41 22 78 159 6 23 13 78 82 121 91 32 136 18 82 53 16 81 43 84 83 74 189 100 23 23 6 13 25 9 28 136 81 36 119 31 153 99 77 26 136 189 57 34 90 90 86 163 8 191 84 84 77 74 85 75 154 76 71 191 103 189 1 88 162 84 78 31 186 90 5 115 151 43 81 70
152 79 190 89 74 192 84 21 6 10 20 75 189 104 106 77 43 136 75 110 72 22 28 140 58 184 85 144 190 157 9 191 90 84 86 135 175 3 173 86 15 193 82 56 74 61 36 45 34 21 185 21 136 80 37 9 4 8 22 79 81 190 47 88 51 162 9 86 74 4 187 85 151 85 25 192 12 92 30 18 85 5 130 85 22 87 16 11 50 22 4 29 85 75 191 81
81 90 73 46 75 96 42 116 82 158 190 190 181 105 54 11 59 84 159 178 171 160 48 38 31 7 1 76 32 146 142 155 184 42 109 9 86 42 11 75 143 191 31 80 36 25 76 23 82 17 150 80 64 79 63 79 35 107 85 114 42 66 190 190 7 156 186 192 86 182 167 97 24 85 11 27 80 83 42 2 118 132 190 102 22 75 111 139 147 77 75 30 153 52 138 87
9 85 85 86 81 167 151 77 129 155 22 7 56 83 127 28 60 42 78 40 13 4 84 137 191 70 79 23 172 188 90 148 26 122 11 4 80 80 77 85 35 8 19 141 67 87 22 49 47 144 76 192 81 140 88 156 5 164 157 53 145 21 14 87 112 76 76 81 79 91 45 85 92 12 10 86 48 113 22 20 34 88 26 85 50 192 6 22 90 71 99 8 193 21 100 2
21 1 54 193 154 65 163 77 173 20 8 61 85 86 193 14 87 29 75 136 164 92 83 110 77 21 29 176 81 22 92 20 85 52 139 82 79 117 191 5 6 21 191 191 153 191 191 78 87 180 93 9 11 138 30 21 72 63 191 48 5 173 89 20 25 11 7 87 4 43 87 60 3 2 81 90 169 16 25 21 156 87 47 161 5 9 185 149 80 1 158 21 78 27 89 90
135 6 88 78 48 128 36 77 5 77 90 126 155 81 161 172 145 86 109 82 160 103 80 84 10 90 35 84 10 83 7 79 9 20 93 181 21 174 33 81 53 7 147 21 90 59 20 66 93 82 90 24 111 177 27 7 85 170 56 33 114 61 50 102 155 6 24 74 21 32 130 89 85 144 90 17 82 85 41 20 182 153 41 185 78 42 78 82 83 30 86 86 3 89 140 150
138 181 15 86 86 35 41 189 80 19 2 82 64 135 6 84 82 101 192 85 37 60 137 20 84 193 97 40 81 29 12 135 158 139 169 192 52 162 78 118 78 80 14 4 54 69 193 86 62 89 8 92 176 167 41 192 83 80 135 28 96 90 79 156 135 21 146 123 82 98 120 135 29 135 135 78 174 47 81 26 148 34 71 31 171 78 79 23 17 170 22 83 81 87 5 91
87 8 41 95 61 63 5 72 6 20 19 5 191 20 84 4 79 86 51 90 50 81 81 88 88 154 88 6 34 82 9 89 83 3 4 32 115 81 188 21 163 82 19 55 7 22 157 80 9 12 73 159 11 172 91 19 87 178 18 86 86 11 127 88 85 152 107 94 18 179 30 5 49 19 30 87 91 177 79 91 193 135 49 187 193 13 80 91 105 20 160 173 134 176 13 16
43 146 193 86 138 13 133 173 86 150 62 35 49 87 193 90 18 15 87 89 40 103 81 14 109 91 154 16 20 85 18 17 87 82 91 86 29 5 148 12 10 20 20 37 80 27 165 11 21 86 19 131 84 19 87 87 16 20 90 56 36 89 65 91 180 86 86 86 119 3 169 80 77 9 26 88 8 156 108 82 83 34 182 17 83 111 85 82 94 114 12 179 12 82 181 76
10 86 128 84 79 183 80 4 170 86 174 18 64 88 112 40 93 92 91 113 75 16 3 13 81 19 121 3 20 82 7 13 84 57 184 81 17 87 124 42 175 40 147 32 14 92 91 20 10 83 40 82 193 80 30 25 1 83 85 84 8 185 159 87 4 80 11 18 82 85 84 93 18 89 17 13 40 134 47 84 19 87 12 145 45 20 116 91 176 86 67 1 151 61 18 80
110 100 85 156 18 11 171 180 20 3 65 8 17 189 142 40 4 135 40 138 166 9 91 83 87 20 82 83 86 20 163 99 98 39 88 62 28 17 15 88 15 156 82 9 161 10 21 82 53 162 11 9 83 143 85 7 84 38 81 120 91 85 19 91 97 33 74 10 147 176 167 92 167 87 86 81 55 91 149 87 14 177 82 6 158 50 48 12 41 6 87 132 38 172 90 158
86 177 86 4 157 17 86 17 19 191 157 180 111 34 104 83 37 173 19 8 8 106 123 87 134 169 103 83 28 66 168 9 183 87 4 87 26 9 39 159 85 13 82 91 91 85 51 86 86 84 35 18 84 22 39 6 52 2 60 2 84 84 151 129 134 90 173 12 127 19 14 114 17 135 86 36 89 6 87 95 11 95 78 17 83 6 153 82 19 147 87 5 117 91 145 95
16 31 89 88 174 24 83 89 181 179 87 150 4 102 142 177 93 11 148 84 39 14 7 82 61 72 39 33 10 2 161 87 73 87 88 178 71 27 160 19 33 17 88 8 82 39 32 171 184 39 89 87 18 39 164 155 39 40 13 84 86 193 175 10 107 1 13 91 6 5 4 141 67 49 131 138 87 28 165 88 87 19 143 166 163 94 15 68 80 83 86 50 83 25 162 11
53 38 85 84 83 17 39 172 175 83 128 88 88 1 45 19 133 188 152 90 19 18 92 87 9 7 135 169 83 5 144 91 19 83 86 5 90 24 19 143 16 92 84 178 140 169 89 90 141 88 83 84 191 64 63 108 140 84 148 9 85 156 18 84 92 192 149 83 55 106 81 17 2 11 18 180 140 87 13 145 52 23 100 92 58 151 140 6 160 85 31 121 89 4 118 37
91 163 91 6 171 44 88 26 25 167 59 87 9 150 13 166 85 167 165 136 75 177 87 11 130 8 84 18 51 3 97 89 91 92 7 15 10 78 92 86 13 93 16 66 114 83 4 32 84 90 36 112 181 90 3 88 8 84 139 171 34 168 182 88 92 36 148 184 140 7 8 88 147 10 1 113 86 168 21 85 7 89 87 120 144 153 96 182 90 105 143 96 35 88 88 18
92 38 117 90 86 16 184 85 87 142 38 179 165 40 85 74 170 18 89 92 30 88 177 191 90 91 92 134 88 86 3 14 88 52 18 18 89 137 145 152 92 90 18 85 29 89 85 87 17 31 180 92 94 92 92 110 92 92 84 53 80 140 11 148 88 9 26 190 133 92 84 135 86 24 7 85 37 89 2 31 38 51 88 9 139 94 8 37 7 143 87 127 11 38 102 154
5 38 37 89 186 139 175 15 84 13 139 21 87 116 123 93 86 38 169 139 86 89 55 18 164 9 93 13 90 18 96 62 85 17 95 10 91 92 179 132 18 91 125 133 83 88 90 46 147 172 89 111 11 139 101 160 181 52 17 190 144 4 64 36 8 93 85 18 138 18 10 18 81 47 7 2 92 17 14 148 93 136 86 12 14 88 87 93 91 88 140 3 142 87 3 41
88 39 93 6 3 113 90 85 1 88 88 105 93 88 12 88 149 38 183 20 71 104 92 84 88 88 96 144 53 52 50 8 118 24 70 27 12 172 91 13 93 2 89 92 2 94 88 86 84 176 86 88 99 177 15 89 94 93 122 26 34 11 87 92 4 94 141 93 89 150 28 137 29 93 88 85 128 14 48 97 14 88 6 9 37 98 84 51 184 189 95 173 3 96 88 159
91 121 96 14 103 90 6 92 95 90 17 93 28 181 1 89 97 130 4 22 188 93 13 145 91 132 93 3 90 158 36 144 84 149 12 94 109 92 94 43 36 185 9 94 90 91 97 147 85 17 37 15 91 171 34 91 13 11 97 19 80 31 9 3 166 24 84 85 126 89 23 6 17 89 68 10 91 91 93 10 2 32 90 117 60 136 92 94 7 17 188 86 139 17 49 90
96 95 13 22 144 93 95 17 5 8 88 73 26 177 35 33 187 89 92 87 180 137 14 94 61 91 146 37 2 143 165 85 11 86 94 142 37 132 10 95 86 89 89 93 145 84 83 5 37 17 88 116 21 93 9 89 183 94 95 89 14 9 138 94 94 85 86 92 181 95 38 53 29 51 26 155 30 10 139 6 112 11 2 148 95 12 153 71 94 41 16 96 141 134 81 50
97 156 100 90 93 96 91 85 2 8 58 160 31 110 9 89 16 16 28 45 96 85 89 138 144 10 96 93 36 3 4 36 35 17 142 10 150 175 96 89 96 139 87 95 89 93 88 89 139 15 96 92 141 53 9 63 145 7 16 93 104 96 12 94 10 16 89 89 92 96 139 185 139 93 33 140 109 106 87 52 94 86 94 143 98 7 1 176 93 5 89 136 16 74 2 20
66 53 13 96 168 84 189 5 103 125 159 10 51 123 59 11 8 186 32 149 95 72 6 12 10 96 87 177 89 2 88 90 86 96 16 13 141 34 150 172 86 96 16 131 133 8 26 145 139 89 148 96 36 144 192 111 90 138 89 95 1 97 178 85 158 89 183 97 97 29 43 18 97 97 57 138 95 97 4 2 96 93 167 5 73 13 6 29 14 89 17 71 130 154 140 54
89 33 174 96 56 3 182 54 60 150 97 31 37 30 97 93 89 98 181 1 110 14 87 191 92 5 65 55 90 21 50 11 11 2 36 138 185 88 15 15 109 113 11 39 35 97 2 36 1 138 93 145 36 26 166 69 93 136 122 161 36 93 36 36 114 83 89 30 28 153 92 36 12 97 91 14 97 5 90 97 90 14 98 24 144 98 7 116 97 98 89 98 41 97 101 98
107 98 91 15 186 176 8 131 13 141 99 29 11 16 51 98 12 145 146 89 137 71 89 2 35 138 11 98 190 120 87 88 89 86 18 35 184 62 64 151 137 78 8 13 180 55 104 15 52 182 150 96 137 94 46 16 22 189 5 11 140 188 134 97 34 97 11 98 5 45 47 111 193 98 9 178 57 137 40 15 90 16 19 95 156 93 32 93 54 15 89 14 135 1 12 87
23 4 24 44 137 185 30 98 35 99 137 6 99 109 110 1 99 137 99 10 90 98 100 95 15 100 10 13 14 91 22 150 189 85 130 90 15 146 148 27 15 145 38 91 28 1 175 5 15 53 69 35 158 183 112 154 135 87 100 149 100 89 14 49 147 90 31 37 92 10 98 159 4 54 12 99 192 98 43 102 14 24 95 141 88 131 7 151 137 162 33 100 4 99 33 168
143 101 88 11 34 72 15 90 97 98 139 137 87 86 87 90 35 14 99 90 191 87 182 153 11 99 4 11 135 100 96 177 86 3 7 12 70 117 57 21 35 3 86 83 178 25 133 15 86 15 14 135 92 33 26 6 146 13 30 132 101 1 8 100 97 106 167 99 97 137 2 107 101 41 54 151 75 185 32 100 89 9 88 115 95 96 74 105 34 12 12 99 90 14 35 51
100 109 136 5 110 66 90 27 29 94 128 100 28 151 26 5 101 92 93 102 90 14 17 170 103 190 62 90 90 94 186 101 98 101 4 101 12 181 13 40 10 141 57 163 12 146 34 4 14 144 1 63 14 99 134 99 166 12 33 184 23 100 102 134 101 99 58 143 20 134 27 96 100 136 14 91 71 94 91 95 101 78 15 90 90 188 184 82 136 16 18 90 91 56 97 7
131 102 100 94 86 36 101 187 102 90 10 129 3 149 14 28 151 9 103 135 186 1 91 87 53 33 185 90 91 49 57 44 101 94 137 15 65 113 90 88 157 3 67 178 134 69 32 137 192 88 88 34 173 145 102 87 97 86 137 11 154 79 14 35 139 126 39 21 2 14 92 9 121 59 94 91 135 100 2 34 3 183 102 32 165 43 14 99 150 98 159 158 92 90 120 12
109 75 14 191 89 110 138 14 11 135 103 135 68 94 94 91 3 83 15 19 51 80 175 133 17 16 91 73 70 34 131 134 124 3 184 168 92 23 103 94 14 104 135 90 102 14 14 102 139 132 33 136 189 148 34 7 91 97 94 101 135 41 91 147 88 89 7 180 164 5 9 33 104 7 149 26 142 97 26 137 136 22 13 90 118 14 1 135 30 15 14 170 136 103 102 58
6 95 86 89 93 94 133 190 102 135 185 37 133 57 34 152 102 161 93 103 92 91 34 139 188 101 138 90 92 14 102 177 167 38 179 4 94 91 152 24 151 98 94 133 87 40 36 18 103 54 96 66 58 27 182 99 13 14 20 133 28 32 133 13 135 88 6 6 15 136 6 87 104 16 188 90 104 144 52 143 131 23 150 151 151 134 16 11 11 93 68 163 98 132 92 29
138 92 3 2 84 171 138 105 184 98 136 150 182 96 67 108 105 97 13 192 69 101 34 57 189 58 32 185 49 49 5 15 142 22 95 6 96 130 92 63 90 109 94 136 25 135 94 62 154 48 104 28 100 151 39 136 103 12 110 92 150 74 187 134 102 8 93 88 103 13 138 95 31 180 156 103 5 27 152 160 136 50 104 59 137 176 132 105 25 65 73 13 145 104 136 33
31 87 12 55 134 1 178 151 95 104 97 19 181 104 170 94 151 2 112 89 169 2 88 4 149 16 144 76 135 57 89 95 92 30 102 80 92 1 93 95 93 30 83 8 29 70 15 13 134 58 59 17 180 152 105 33 87 184 12 98 152 140 91 100 88 94 67 32 191 138 91 104 105 92 134 89 91 189 149 9 9 32 186 62 69 14 14 152 101 99 132 12 126 148 105 97
20 139 5 184 95 134 2 13 92 88 133 13 187 13 12 134 38 153 3 131 132 105 105 32 12 155 93 23 85 96 193 108 104 27 91 35 111 93 2 171 105 152 2 92 105 91 133 119 64 124 190 141 59 29 21 105 140 94 129 3 33 40 60 8 91 109 15 92 55 100 31 93 192 57 15 27 102 167 132 87 132 113 93 110 33 54 14 99 135 161 13 58 116 91 16 127
134 93 151 91 130 29 106 89 101 94 33 138 193 75 174 87 17 14 94 92 140 97 70 89 131 8 137 97 172 152 3 134 87 186 84 60 144 150 97 95 148 10 68 106 28 17 105 2 98 28 90 93 149 64 106 3 142 88 1 79 23 2 133 103 93 92 141 72 62 166 99 32 39 12 16 152 136 173 61 105 105 132 93 7 15 132 89 98 12 21 139 6 91 25 92 59
12 108 92 66 4 105 15 80 133 133 176 95 106 89 131 16 106 3 71 15 129 44 170 88 149 91 150 91 101 94 24 106 89 188 106 51 45 12 15 133 10 130 12 62 185 56 12 99 169 134 180 13 22 153 171 109 100 55 157 47 43 95 96 141 9 91 87 15 134 61 46 158 64 32 15 27 148 180 100 17 150 165 135 77 36 95 162 95 191 28 148 88 159 133 182 111
12 13 16 59 150 29 65 101 135 94 22 66 148 93 41 16 11 126 7 142 94 152 17 190 7 150 92 19 6 147 149 58 134 2 2 148 135 12 93 31 11 12 106 142 146 95 95 1 11 188 1 1 191 113 11 91 92 153 133 91 1 14 62 155 135 135 11 91 94 144 141 149 14 131 121 12 94 106 1 149 12 10 131 32 90 74 88 148 141 34 78 70 107 172 149 38
153 92 100 3 96 147 6 102 91 18 89 11 99 53 155 154 131 106 134 94 97 191 93 151 116 132 148 60 72 107 188 147 94 91 98 153 92 173 96 1 97 28 140 133 137 10 98 79 32 2 107 174 107 143 5 142 93 65 147 109 57 100 16 32 136 107 101 11 143 66 181 95 95 146 143 91 67 56 29 32 3 90 95 161 97 93 112 106 146 93 145 2 131 28 76 59
94 153 5 145 183 118 31 6 105 144 139 95 4 107 1 25 11 31 8 101 61 107 187 143 132 11 152 133 1 154 88 193 142 93 170 141 15 100 16 190 92 80 69 94 101 16 29 20 39 155 101 14 151 93 133 163 91 21 10 169 151 153 96 129 7 171 193 99 31 143 187 16 143 96 123 104 10 154 154 28 13 77 132 132 65 88 11 138 94 143 91 94 148 144 132 95
44 58 11 24 102 96 180 70 113 96 95 188 94 99 132 144 115 11 11 97 168 186 90 43 109 31 154 92 63 74 157 143 67 96 93 145 143 96 155 45 1 93 73 134 11 101 10 37 30 34 89 147 186 10 158 159 153 91 57 11 94 107 11 50 51 105 91 147 78 130 147 122 92 100 10 182 137 49 134 83 149 48 96 133 100 81 94 42 28 148 133 31 8 142 46 135
23 144 174 7 112 108 85 26 165 41 24 94 133 146 95 92 139 130 133 100 135 134 130 130 133 142 30 99 134 92 98 185 134 104 145 111 13 1 9 31 107 108 121 190 155 16 98 60 144 95 18 144 62 156 24 64 19 5 17 20 32 10 79 108 89 16 130 140 135 25 152 132 139 1 21 132 94 5 116 154 191 55 114 155 124 71 29 97 38 89 137 133 96 1 1 181
153 94 93 4 156 156 92 92 136 40 22 12 31 96 147 4 189 167 130 134 82 140 91 131 108 134 108 25 94 1 191 95 31 10 61 2 96 92 132 132 139 171 143 102 149 183 152 95 97 154 10 77 135 17 132 132 5 108 146 92 108 99 150 139 99 22 131 187 31 108 95 133 179 67 84 139 142 130 136 65 92 91 95 29 98 17 172 131 96 151 137 7 10 147 192 92
21 95 25 3 94 23 100 132 155 28 147 101 54 63 10 72 128 130 193 26 78 182 95 97 2 132 188 139 27 188 154 68 111 133 93 96 35 127 92 94 152 96 7 140 100 86 104 8 108 146 10 131 95 97 23 101 17 131 94 90 112 88 10 136 147 93 151 56 28 108 135 97 96 109 130 34 156 101 140 96 17 36 133 99 146 9 9 137 97 186 154 10 174 93 175 155
110 58 69 1 97 29 168 13 97 159 98 7 24 97 116 20 97 29 129 94 1 96 108 7 92 45 100 96 92 21 24 129 109 97 144 79 133 136 90 166 109 139 131 85 14 76 189 131 128 16 154 1 65 42 21 19 129 95 131 131 9 20 32 129 93 106 139 6 92 145 96 191 156 152 9 55 62 94 19 186 188 109 37 102 138 155 98 156 131 96 131 131 146 64 141 151
