wasim_mod/input/grids/GRD/fundus_25.exp
ncols	193
nrows	326
xllcorner	39436.98047
yllcorner	214976.5781
cellsize	25.0198
nodata_value	-9999
[rows 30 to 59 of 326, columns 0 to 66 of 193]
151.517 149.282 150.639 151.997 151.863 149.316 144.52 139.142 131.159 125.782 122.126 118.593 113.962 105.813 96.8596 98.8796 99.7154 100.681 96.1957 82.4509 31.7136 345.496 333.367 331.247 331.454 326.267 320.712 316.295 313.243 311.8 310.329 310.28 312.627 312.748 312.941 314.387 316.797 321.453 332.561 341.164 345.752 350.619 352.614 351.029 354.247 0.0384394 3.51122 31.6639 33.7635 9.83336 17.9498 27.2475 36.1422 42.4658 42.8369 41.8726 38.2758 38.4857 36.311 29.4607 19.1339 13.4389 7.73156 358.719 351.232 340.241 329.845
147.155 146.054 147.566 149.306 149.523 147.583 142.849 137.116 130.056 122.339 117.623 112.973 107.859 103.91 102.686 99.1403 96.8238 92.5471 83.5261 49.6003 0.748374 331.981 323.309 324.159 325.748 323.084 319.349 317.08 315.081 312.748 310.312 308.798 311.008 310.861 310.833 312.617 314.375 318.583 328.177 338.113 344.422 349.325 351.348 349.024 351.734 359.558 6.45285 34.5366 36.412 12.3597 22.1297 36.1356 46.0201 48.3141 48.3823 48.5236 46.3942 44.8695 38.5226 31.4131 22.6087 16.0995 2.38286 353.785 347.182 335.465 328.412
143.065 141.767 144.806 146.955 147.506 146.358 143.139 137.248 131.074 123.469 116.959 113.022 108.699 104.274 99.5658 95.2001 90.3525 81.3236 65.0305 23.5336 344.324 324.343 315.471 316.303 320.006 319.095 316.296 315.682 315.859 313.935 311.239 309.012 310.276 310.614 308.861 310.758 313.208 316.842 324.836 333.939 342.038 347.92 349.677 348.167 349.624 357.549 8.7238 37.1561 39.0261 16.9315 31.589 47.807 54.3077 56.1697 56.8844 57.1717 53.8271 48.0863 40.6704 33.9177 25.6185 16.8726 0.410297 348.809 341.553 329.568 322.996
138.913 137.285 140.941 144.457 145.484 144.245 142.263 137.987 132.612 127.546 120.724 114.364 110.388 106.445 102.047 96.6293 89.3241 74.7877 54.6635 12.1327 333.919 319.311 311.193 310.174 312.378 313.835 312.42 312.217 313.496 313.499 311.053 309.591 309.945 311.81 310.429 310.459 311.949 315.615 322.198 331.21 338.292 344.909 347.449 345.824 348.118 357.393 11.4894 59.2083 43.0867 26.8586 45.5433 56.6284 58.7346 58.8254 60.0664 59.8143 53.9826 45.7228 40.8358 33.8509 27.8954 19.0332 0.100527 344.492 334.488 323.674 317.232
134.871 133.534 136.844 141.313 145.025 144.367 142.17 139.216 134.351 130.774 126.635 120.954 116.28 112.202 107.058 100.191 91.7998 75.0819 47.1968 1.4782 327.073 315.287 309.908 308.396 308.076 308.384 308.075 308.471 309.383 310.199 309.128 308.908 309.328 310.806 310.987 311.712 311.603 313.417 318.48 328.398 337.166 341.817 344.131 342.948 346.51 359.575 39.5341 60.4165 27.8548 39.6039 52.3951 58.955 59.4693 60.0807 60.1944 57.3559 50.1443 44.614 39.2259 33.6252 31.5789 21.2949 1.35406 343.243 327.562 317.387 311.16
130.978 129.755 133.172 137.304 142.85 145.199 143.494 141.522 137.347 134.424 131.998 128.278 124.742 122.18 115.47 106.607 95.273 73.4665 32.0274 346.443 323.18 311.768 308.163 306.436 306.49 305.883 304.984 304.929 306.003 306.884 306.198 306.896 308.209 309.36 310.016 310.463 311.182 311.19 314.813 322.885 334.13 340.359 343.362 344.086 348.533 4.86803 43.6831 42.7598 36.9348 46.752 54.1069 61.047 64.7761 64.2903 63.1484 58.5175 51.6211 44.0954 37.3215 36.8149 34.8057 22.5124 5.42166 347.593 324.991 311.681 306.053
127.555 125.753 129.214 134.577 139.1 144.242 144.782 144.119 140.994 138.352 136.52 133.163 130.066 127.127 122.661 111.758 92.5744 57.955 4.27527 332.168 319.199 310.949 305.914 305.029 305.071 305.218 303.926 303.631 303.817 304.866 305.417 304.557 305.936 306.809 307.836 308.381 309.777 309.736 312.562 319.838 330.102 339.059 345.296 350.272 357.887 16.3792 51.6025 48.773 47.88 55.2037 63.0239 68.3436 70.8825 68.1558 67.0102 59.7674 51.0665 42.2872 40.9348 43.1271 42.92 28.9031 6.54417 347.288 327.212 310.958 304.782
125.335 123.733 125.478 131.448 137.106 141.79 145.678 146.301 143.873 140.643 138.24 135.257 132.37 129.006 121.486 107.674 77.2599 21.4224 339.487 324.793 316.472 311.664 306.174 304.315 303.544 303.112 304.119 303.858 302.956 302.44 304.198 304.188 304.042 304.264 304.292 304.97 306.886 308.672 310.766 318.116 328.677 339.435 350.661 2.2481 16.5931 37.1823 64.22 61.9225 66.3633 71.6832 76.8445 76.1062 73.4893 70.4573 65.747 57.8075 51.0184 47.8956 49.9569 52.8252 49.4089 31.2186 3.42921 342.758 325.582 311.823 305.692
124.929 124.299 124.867 127.53 134.323 139.533 144.199 147.478 147.046 143.944 139.556 134.741 130.931 128.382 116.025 84.0202 28.7375 346.275 329.083 322.097 318.022 313.682 309.136 305.109 303.825 301.805 302.204 302.993 302.584 301.07 300.922 303.415 304.237 305 305.111 304.522 305.415 306.757 308.236 314.831 327.722 343.058 0 18.2358 35.7551 52.8168 73.1036 79.3836 83.7971 87.5034 87.4712 82.8146 77.8665 72.0685 64.9003 59.1672 55.3613 55.4424 53.6739 54.8625 47.3316 27.9812 357.258 340.641 323.789 310.738 306.118
125.443 126.348 125.927 125.932 129.85 136.34 141.904 146.143 148.359 146.737 143.113 134.799 125.946 115.671 82.8747 12.9328 346.173 336.137 329.648 322.914 319.132 315.889 312.478 307.915 304.506 302.705 301.158 301.183 301.607 301.063 300.796 302.72 306.352 308.425 310.092 310.018 308.657 307.791 306.781 310.681 324.562 345.001 8.86746 32.9691 49.1461 64.772 83.249 87.5999 93.6673 94.3155 91.219 86.5423 81.0333 73.5096 66.4633 62.0415 58.2156 55.0558 51.3545 49.6317 43.2817 21.9163 352.091 340.109 324.294 309.434 305.781
125.685 126.196 126.286 125.625 126.731 131.7 138.637 143.968 147.976 149.009 146.366 139.379 113.078 47.9443 354.473 338.604 334.91 332.256 329.098 325.676 321.771 318.642 315.067 310.66 306.494 302.767 301.145 300.125 300.101 301.754 303.321 304.825 309.066 312.818 314.188 313.699 312.064 309.035 307.215 308.959 321.491 347.203 20.4449 46.4579 59.7523 72.7936 87.8128 88.2365 91.9318 90.8856 87.3498 83.6984 75.3885 68.6423 61.9323 55.9737 54.0376 48.4357 44.442 45.2491 38.4539 17.6368 349.709 338.26 327.606 309.1 304.118
125.229 124.754 125.659 125.431 126.363 128.076 133.476 140.552 146.28 150.624 148.19 145.805 353.426 343.656 337.623 332.78 329.934 329.508 327.478 326.072 324.478 321.587 318.755 313.764 308.761 303.75 301.215 299.41 298.277 300.405 304.242 306.761 309.746 314.522 316.687 314.739 313.152 309.599 306.746 308.322 320.118 350.069 29.9009 51.5659 62.9342 73.2393 84.2115 84.888 82.2613 80.3355 77.5283 71.2174 61.6693 55.3645 49.3807 47.0018 44.6079 37.802 38.9309 38.9 30.0558 12.1101 348.766 337.616 332.02 314.836 303.915
124.975 124.282 126.029 125.898 125.912 127.187 128.815 135.653 140.372 153.371 181.895 318.958 322.547 330.696 330.591 328.201 327.516 326.869 326.332 324.732 324.63 323.28 320.821 317.201 311.5 306.35 301.074 299.251 296.883 296.968 300.236 304.679 306.642 311.693 315.333 314.531 311.472 309.534 307.16 308.185 321.202 352.997 32.9915 52.3717 62.6893 73.113 79.7535 76.3424 74.4131 71.1775 66.204 56.824 49.682 43.6096 39.9272 38.0908 35.4337 33.6336 32.9616 28.7924 21.4692 7.28109 351.946 340.587 334.151 321.479 307.342
125.823 125.637 125.903 127.189 124.592 124.428 122.965 125.584 141.301 0 322.306 319.495 321.273 324.891 325.461 323.15 323.17 323.928 324.635 324.783 324.725 324.436 321.594 318.193 313.383 308.758 302.593 298.876 295.835 294.468 294.788 297.876 299.9 303.436 308.281 309.587 308.335 306.214 305.442 307.605 321.543 355.402 32.7309 52.1917 61.8581 69.9237 74.1883 68.7167 67.5109 63.1133 55.556 46.7832 40.0418 35.8737 34.0486 32.2704 30.8191 28.3452 24.4908 20.0506 13.8557 7.04927 356.721 343.269 336.933 327.618 313.039
127.239 128.398 125.43 125.294 122.058 117.278 111.421 86.8045 4.15634 327.197 323.039 321.879 321.6 323.924 323.718 321.013 319.535 319.569 320.144 320.809 324.107 326.576 324.478 319.706 314.953 310.117 304.045 297.661 294.284 291.745 291.758 293.618 294.345 296.058 300.329 301.168 301.516 300.941 300.698 303.483 316.141 354.899 32.0426 52.137 60.8001 78.3198 71.0439 64.8549 60.8998 54.2241 45.4425 38.2675 32.0078 31.5386 30.2648 28.1769 24.9603 20.213 17.428 14.139 10.3171 8.19116 0.0217738 346.308 339.167 331.933 318.201
127.869 129.099 124.195 119.898 113.778 100.723 75.3829 13.4308 334.855 328.056 325.365 324.257 323.349 323.496 323.69 320.388 317.718 315.781 316.449 317.247 320.581 325.78 326.063 322.799 317.446 313.155 306.835 298.834 293.707 290.478 290.195 292.564 293.105 293.724 297.287 296.749 294.773 294.984 297.964 302.74 312.192 346.333 30.4004 52.3049 66.6709 78.9527 64.613 61.8584 54.5042 46.2456 38.2038 30.5635 28.2222 29.2059 26.5748 23.0721 18.2859 14.7036 12.9186 11.8571 10.5833 8.85968 0.867082 349.547 341.93 333.77 321.04
126.365 126.74 118.989 109.297 93.7711 59.3233 18.9633 349.529 334.602 327.295 325.436 325.264 325.615 326.014 325.727 322.985 318.697 315.11 313.124 315.432 318.285 324.323 326.442 325.283 321.043 316.275 311.545 303.024 296.045 292.141 291.522 292.251 293.754 293.024 296.798 296.543 292.683 292.251 296.655 304.257 314.925 343.905 29.3045 51.3143 65.8642 68.9903 62.9307 58.1914 50.2911 41.3238 33.7526 28.7806 27.5569 26.7723 23.7084 18.3629 15.5432 12.6399 11.3408 11.3811 10.9604 8.89953 1.50484 350.809 341.82 334.329 323.299
121.759 121.754 108.939 90.4314 53.272 18.2378 357.526 341.943 334.43 328.718 325.481 324.63 325.711 328.558 329.599 327.045 323.174 318.607 314.142 313.971 317.72 323.346 327.447 327.668 325.036 319.519 316.024 306.538 299.267 294.554 292.604 293.652 296.075 294.244 296.062 300.249 296.476 293.688 296.051 304.421 315.847 342.503 26.4614 49.4645 64.9736 68.3596 61.5295 56.8032 49.6416 41.4584 36.4534 30.9861 26.8365 22.8605 18.5804 16.0989 14.4144 13.5834 12.8117 12.9929 14.3677 10.8301 3.84912 351.62 339.078 331.291 322.283
113.965 112.177 94.7745 59.3222 15.2264 356.824 344.289 335.074 330.391 326.836 325.634 326.158 326.219 328.483 331.966 330.745 327.345 322.006 318.439 315.3 317.039 321.437 326.819 329.249 328.578 323.376 319.781 311.034 301.359 297.154 293.785 294.306 298.042 295.832 296.08 302.048 302.122 299.013 297.265 304.149 317.064 340.633 24.8202 48.7931 66.1846 67.208 61.8016 58.3563 52.0686 46.0041 40.9904 31.2625 23.2869 18.2493 16.0188 15.1935 15.8283 16.7844 16.3477 18.3254 18.5294 14.7958 8.08311 351.427 332.527 324.901 318.803
104.155 100.17 69.3948 17.8586 355.191 345.535 335.763 327.707 323.854 323.63 324.18 326.252 329.103 331.287 333.417 333.776 331.602 326.26 320.901 318.298 317.472 319.355 323.666 327.883 329.204 326.36 320.785 313.37 303.7 298.812 295.678 295.125 298.102 297.53 295.918 301.81 304.159 304.666 303.678 306.661 319.547 345.289 21.3765 48.4078 66.5622 67.8799 62.4802 60.0082 55.8501 50.3999 42.2632 30.0571 20.4204 15.8804 14.5374 14.885 19.4878 20.9496 20.9745 24.4036 24.2283 21.9385 15.4021 352.069 323.981 314.479 311.542
156.222 90.31 16.4482 352.825 344.694 339.978 333.118 325.176 319.522 318.412 321.154 324.524 328.727 333.962 336.254 336.382 333.81 329.823 325.363 322.031 319.655 319.783 321.215 322.479 324.521 327.241 323.033 312.913 304.591 299.634 296.215 295.575 297.541 299.349 296.934 301.215 304.944 306.143 308.308 312.882 323.453 345.99 21.431 51.332 77.6714 71.2158 66.2434 64.9996 59.4882 50.8633 39.5198 29.3837 22.936 15.1004 10.3757 14.4908 23.1407 26.2739 27.7888 31.0457 32.295 31.0788 23.6798 355.346 318.96 307.355 305.47
219.945 330.252 329.483 337.047 338.922 336.163 333.11 326.238 319.258 315.55 317.28 321.925 326.539 333.179 337.804 338.257 335.592 331.462 328.907 326.069 323.882 322.809 322.393 320.285 319.008 322.51 321.734 313.474 305.259 299.783 295.891 294.342 296.153 299.53 298.579 300.55 305.785 308.258 310.114 315.127 327.384 351.48 28.0727 64.7823 81.5515 72.6042 74.1168 69.7694 58.7746 46.9646 36.3461 30.0436 27.9267 20.1958 5.10392 13.4268 29.0683 33.0917 36.7693 38.6021 37.2659 34.6321 21.0231 355.287 322.125 307.146 305.064
291.033 302.995 313.114 324.52 334.274 334.387 332.423 328.129 320.998 315.854 315.413 319.391 324.174 329.618 335.97 338.597 336.75 333.3 331.295 329.973 329.211 328.477 326.779 323.507 320.184 319.092 317.715 313.169 305.717 299.822 295.519 293.196 294.691 298.741 299.458 299.626 304.624 309.575 313.265 317.904 330.407 356.975 35.9556 68.3596 74.9633 74.7664 75.1062 67.8022 55.5542 44.632 39.0723 34.9488 30.7365 20.4885 7.41043 16.8642 31.1533 36.2049 37.2786 35.5593 32.5287 25.7651 12.6013 355.829 331.288 313.741 308.891
304.96 310.941 312.249 320.943 330.123 334.583 333.256 328.522 322.352 317.717 315.413 317.294 322.409 328.067 331.474 335.345 335.692 334.242 335.149 334.849 334.424 334.729 333.637 331.359 328.04 324.899 318.562 313.335 307.175 300.712 297.087 294.549 295.039 298.097 300.035 299.936 302.574 307.62 313.963 321.626 335.805 0.321927 40.352 65.8713 74.6848 70.8685 68.1749 62.596 53.5523 46.11 41.1418 34.2773 29.397 23.0314 16.2091 18.0304 25.1798 29.9799 30.5618 28.5433 22.1299 13.9266 4.71189 352.721 338.154 325.22 317.969
312.241 314.872 314.565 320.174 328.277 333.803 335.011 330.805 323.589 319.495 317.791 317.423 319.512 325.662 330.522 332.165 333.396 333.876 337.546 340.212 338.647 337.609 336.767 336.343 334.984 331.808 325.26 316.607 310.764 304.472 299.702 297.73 296.997 297.66 299.549 300.929 301.842 305.169 310.89 320.224 337.952 5.64944 41.4471 64.6623 70.8037 63.8228 61.3014 59.2847 52.0859 46.3156 39.6263 33.6897 30.1979 27.2633 21.9448 16.0368 16.9018 20.9598 23.2346 20.4828 11.607 3.37473 356.532 349.918 340.883 332.01 326.102
316.464 318.19 317.653 320.594 327.295 333.003 335.057 332.646 327.192 322.628 320.405 319.46 319.575 322.788 327.388 329.421 332.793 335.502 338.436 341.541 341.467 338.671 337.753 339.224 338.929 336.061 330.781 321.068 313.117 307.853 303.054 298.553 297.083 296.836 298.282 299.612 300.447 304.536 309.227 315.582 334.184 12.3445 47.2651 77.1741 66.1713 60.2014 60.8448 58.111 50.768 43.6882 38.941 36.1932 32.3282 28.5258 21.8928 14.064 9.10431 10.7219 13.0141 10.3153 2.876 354.734 349.431 346.79 342.197 335.348 330.531
319.077 320.555 320.227 322.256 326.586 332.288 334.206 333.121 330.792 327.3 323.869 321.768 320.902 321.868 325.036 327.016 331.061 335.251 338.185 340.967 341.806 340.597 339.151 340.464 341.425 339.974 335.552 325.973 316.536 309.382 305.372 300.469 295.716 295.229 297.3 297.993 298.436 303.079 310.113 316.717 333.252 18.5521 61.1429 77.6256 60.9325 63.2739 63.8959 59.2018 51.6242 45.4085 41.9033 35.8342 31.5167 26.5423 22.0159 12.0678 359.57 358.45 358.657 358.404 354.907 348.541 345.326 343.174 341.318 338.094 333.59
320.133 321.099 322.483 324.583 326.799 329.991 333.24 333.159 333.233 330.355 326.315 323.925 322.877 323.277 325.145 326.44 329.316 333.265 336.399 339.397 340.13 341.966 342.406 341.386 342.03 341.827 339.402 331.139 321.252 313.816 307.46 304.347 298.204 294.322 295.593 296.953 297.889 301.905 309.949 318.956 338.74 23.0113 60.0012 64.8878 62.7844 65.8518 64.6626 59.1243 53.3934 46.6471 37.0692 31.9933 30.824 27.4663 21.4141 7.1923 354.392 349.425 344.496 343.478 343.503 341.897 342.348 340.227 337.872 337.704 336.468
319.62 319.802 322.729 326.301 329.376 329.06 330.5 334.245 335.901 330.693 325.33 323.039 322.831 324.605 327.105 327.568 327.674 331.462 335.038 337.812 339.132 341.635 345.029 344.424 341.969 342.159 341.324 335.191 325.628 319.382 312.668 307.961 302.794 296.137 293.897 295.111 296.461 300.336 308.74 319.383 344.124 25.1837 59.5286 63.3133 61.7914 63.6582 61.2257 56.6988 52.5651 41.1854 32.5356 31.704 29.8569 25.0401 21.7258 10.2272 350.463 337.099 331.11 330.813 334.477 336.06 337.839 336.885 334.848 335.232 335.835
318.278 317.445 321.193 326.336 330.39 331.023 331.019 334.279 336.016 331.142 324.766 321.036 320.157 323.877 327.222 328.316 328.447 329.65 332.769 336.467 338.566 342.288 346.376 344.936 342.151 344.147 344.654 336.947 327.534 321.794 317.994 313.513 308.614 300.806 295.542 295.579 294.984 296.459 305.78 320.841 349.358 23.9565 59.4328 62.2713 59.6018 59.847 57.9983 55.9706 48.7221 37.7029 32.0561 33.0154 28.5679 24.0637 24.4186 14.7742 350.161 327.819 318.275 317.159 323.805 329.275 332.334 334.137 333.629 334.179 335.037
