wasim_mod/input/grids/GRD/fundus_25.eoc
ncols	193
nrows	326
xllcorner	39436.98047
yllcorner	214976.5781
cellsize	25.0198
nodata_value	-9999
[rows 156 to 207 of 326, columns 0 to 95 of 193]
152 176 24 175 140 9 34 26 82 61 9 9 186 33 10 25 82 84 22 5 11 184 75 73 27 82 189 177 141 176 2 8 83 75 73 152 25 80 16 70 48 178 8 2 70 74 193 3 24 130 87 172 84 41 83 5 185 83 72 166 184 41 55 53 38 4 184 27 79 83 88 160 58 171 25 123 138 35 10 82 126 82 89 160 177 69 40 11 193 106 74 9 46 78 80 82
26 89 25 79 165 9 9 73 18 46 129 77 7 77 173 13 183 49 185 81 21 163 42 150 51 54 82 48 193 81 15 167 107 82 75 5 83 105 11 26 82 179 26 159 11 26 70 8 39 44 68 50 83 136 190 46 108 24 10 1 103 32 82 7 76 70 83 83 14 11 24 190 185 132 69 192 43 154 38 46 89 156 74 74 180 44 84 8 72 11 72 22 46 146 186 11
182 5 9 41 185 1 6 8 29 186 7 157 77 153 118 36 83 81 45 69 83 97 2 35 138 66 4 37 15 79 86 89 76 12 79 20 57 186 188 23 140 80 52 25 143 142 56 45 128 40 91 86 12 112 48 25 80 7 2 83 189 85 190 69 181 6 25 24 80 193 28 49 79 13 69 70 89 81 45 76 125 170 171 36 46 122 75 168 45 72 75 5 10 16 84 47
176 8 85 53 106 71 42 7 23 84 152 70 83 3 1 81 75 37 23 17 24 14 95 83 5 55 27 30 43 84 6 44 4 82 164 32 5 98 45 115 189 83 137 147 189 186 165 186 77 10 9 149 5 173 87 87 25 73 70 137 177 61 148 24 79 33 79 60 101 169 181 3 8 89 9 83 22 52 173 34 5 82 35 2 109 163 141 72 12 137 76 58 56 85 83 29
7 25 138 38 103 24 45 46 46 84 36 31 67 146 89 136 45 41 25 89 79 76 24 36 137 85 10 134 152 25 188 47 11 2 80 76 31 193 184 5 84 188 4 140 30 69 70 82 151 75 81 75 28 37 164 53 162 149 83 45 83 75 78 19 70 3 26 193 40 1 71 77 74 179 25 73 24 187 74 76 124 45 156 55 132 159 25 137 10 83 84 9 2 4 157 160
9 139 64 54 13 2 75 33 85 86 3 81 7 78 13 104 24 5 73 191 24 51 29 187 155 9 187 85 34 84 168 4 8 137 24 24 39 3 144 45 84 58 43 35 76 171 8 142 157 137 44 83 87 80 158 112 4 172 81 86 17 170 84 22 110 187 72 42 44 83 156 7 42 50 25 71 10 175 37 93 83 186 73 10 24 83 175 48 44 143 155 6 2 44 75 44
167 80 23 37 56 123 31 176 76 70 23 88 34 24 20 69 84 178 24 146 44 98 60 26 27 10 5 12 85 72 90 79 84 78 23 23 171 75 78 83 109 14 151 52 75 71 78 166 80 29 49 86 57 192 191 1 83 18 9 71 2 74 160 6 66 5 44 147 84 133 23 80 82 62 81 128 101 154 45 54 86 24 35 30 193 141 74 2 2 61 136 33 2 71 179 71
10 89 48 80 83 85 44 178 44 142 56 8 86 44 78 2 24 9 130 74 3 75 12 84 83 7 79 10 6 4 76 72 80 23 5 74 189 80 148 23 24 24 140 80 1 77 89 118 77 89 67 143 188 32 22 120 22 85 31 85 153 59 47 78 80 23 1 185 72 85 95 191 78 150 69 9 80 96 84 6 57 72 81 81 189 149 23 165 75 1 23 73 52 125 3 85
180 9 193 78 23 83 168 11 31 135 6 80 21 25 56 35 106 80 74 51 80 172 22 183 157 74 13 72 89 72 84 84 85 84 127 44 42 87 5 29 168 22 160 150 58 9 79 21 36 1 14 141 17 15 43 7 152 92 192 23 83 60 12 80 84 78 53 32 87 191 42 86 173 86 75 171 34 97 80 76 38 137 87 155 83 151 34 87 94 163 43 84 136 10 183 159
54 74 52 75 59 8 11 105 156 10 22 85 22 84 22 89 4 85 69 62 98 19 23 63 32 3 55 43 56 102 174 45 164 86 78 22 10 146 142 82 79 4 8 3 23 111 87 75 80 40 73 89 77 14 74 49 192 131 101 84 7 5 190 86 46 76 50 4 108 23 79 136 9 43 8 107 91 73 30 145 117 78 143 83 7 8 85 51 20 33 187 22 124 136 58 12
138 81 89 21 60 24 23 11 47 43 174 21 137 83 23 9 189 80 90 170 22 5 23 1 126 33 78 189 87 83 74 26 85 178 190 85 22 79 88 80 43 8 54 21 89 136 39 133 112 7 113 48 76 155 82 83 68 22 85 141 76 86 82 23 189 175 90 189 88 148 2 193 22 147 83 74 10 93 55 146 59 46 139 76 32 52 42 90 79 188 7 44 86 128 22 136
23 91 6 49 193 85 176 179 78 82 85 35 85 154 145 76 38 168 65 172 79 123 81 85 13 78 33 53 12 69 22 67 19 7 80 27 79 149 180 75 32 75 82 47 21 29 174 14 15 57 86 86 87 89 177 22 92 166 86 3 6 189 134 81 24 8 90 85 34 21 62 87 176 91 83 7 60 37 77 89 80 85 10 10 86 42 77 161 22 86 193 47 47 171 21 158
7 90 33 81 8 41 87 120 6 42 92 183 160 11 190 152 95 22 68 190 80 125 2 170 103 193 55 21 84 47 85 86 4 136 89 42 81 21 87 42 190 81 5 6 169 86 166 58 88 86 79 11 190 22 81 165 42 90 88 83 61 82 190 108 3 40 90 74 6 84 4 10 192 90 179 85 76 78 11 177 21 39 17 175 101 83 22 5 8 98 51 77 76 89 86 78
33 59 23 135 32 22 91 84 8 191 31 82 46 81 85 85 22 191 18 106 85 85 168 24 157 146 152 163 21 21 77 84 83 32 7 41 76 30 42 152 21 57 81 82 39 62 44 76 178 82 87 193 154 83 86 80 20 104 82 10 76 131 94 10 165 84 15 21 115 28 153 78 86 6 42 9 66 147 7 22 174 81 21 31 191 20 86 80 83 187 80 80 69 93 86 34
119 64 84 38 191 77 191 86 85 80 93 142 133 16 143 124 58 168 77 190 90 81 191 41 179 84 68 83 79 192 162 20 55 21 192 86 21 85 91 3 121 85 13 41 20 21 11 84 86 175 48 83 73 21 6 23 81 22 49 159 48 9 12 159 31 148 105 137 67 34 1 107 37 48 8 51 88 77 77 134 183 88 87 21 19 21 6 13 146 85 90 80 18 78 180 62
136 41 5 7 65 108 192 4 157 77 28 141 31 90 78 193 26 8 41 86 32 5 154 88 46 22 184 41 86 79 79 41 20 183 87 192 171 116 48 10 63 36 192 21 21 176 79 70 30 3 23 20 20 87 93 81 87 21 1 9 5 78 20 192 20 104 11 76 192 20 89 20 86 5 45 175 12 106 91 78 112 7 11 81 83 84 192 92 40 192 88 113 41 49 57 192
147 132 83 82 86 178 15 25 20 149 4 39 151 21 21 86 41 93 86 165 86 142 75 86 85 99 143 175 158 100 8 66 21 91 10 18 20 87 166 82 38 21 8 8 86 156 19 39 177 84 79 80 11 166 164 193 7 13 86 67 58 93 65 79 68 82 19 84 19 19 44 41 19 81 85 81 6 2 94 155 49 33 81 27 125 110 87 24 85 23 145 188 41 12 167 129
20 94 40 20 2 53 19 79 12 82 7 22 64 84 12 144 25 157 38 14 48 162 14 17 87 19 49 19 81 20 164 31 168 86 87 17 14 2 82 1 83 59 80 87 160 141 86 18 79 88 12 189 19 193 12 15 184 20 122 193 79 19 140 90 49 16 6 79 193 85 6 82 193 161 168 82 85 193 15 147 153 8 117 86 74 28 193 136 88 193 4 187 5 16 81 11
104 83 18 20 90 83 60 19 81 186 10 11 94 88 4 1 87 40 139 7 33 142 6 83 149 137 163 78 106 66 143 29 80 17 190 182 88 33 85 102 24 82 10 11 82 158 63 14 155 86 155 50 94 32 16 82 7 20 19 186 190 86 86 135 88 15 46 70 83 85 91 40 178 28 6 40 31 5 9 20 13 21 172 54 177 80 84 83 87 10 91 191 2 14 69 52
10 18 6 18 80 40 51 71 30 18 157 148 15 159 89 40 12 22 101 23 87 40 68 12 146 94 193 27 83 26 39 18 126 24 88 82 39 141 144 85 90 15 49 72 40 7 31 88 81 174 192 84 73 8 20 105 87 130 84 11 87 3 5 18 175 5 169 171 140 82 84 9 86 16 161 20 86 89 50 107 118 136 58 29 165 164 160 82 81 23 82 9 2 150 19 179
94 44 36 35 16 152 19 50 37 115 18 134 87 1 93 95 13 8 5 90 50 170 81 168 88 9 87 59 96 5 63 178 82 85 17 29 84 139 10 81 10 19 81 89 94 87 95 7 64 83 50 3 148 137 6 32 16 85 85 12 91 86 25 50 188 83 12 87 18 108 11 88 185 18 109 87 7 84 83 27 89 12 133 83 76 90 16 88 2 34 166 88 142 141 86 77
19 75 136 146 165 144 56 140 43 89 143 125 82 164 88 142 181 87 134 30 170 11 176 17 113 88 182 31 20 91 112 15 19 17 88 86 89 141 30 8 87 87 90 18 83 87 91 183 85 19 141 141 89 3 9 8 160 82 87 89 142 1 54 70 92 79 162 19 87 87 119 85 84 9 13 91 89 29 69 187 87 149 141 82 158 87 16 90 83 14 87 154 105 3 134 178
122 42 89 134 65 6 39 185 9 32 46 57 87 7 21 93 86 19 83 39 89 39 8 26 85 167 90 88 7 19 74 12 8 12 142 51 94 139 16 186 87 110 87 47 10 91 38 87 89 89 13 38 39 89 116 92 95 190 95 140 4 18 86 19 3 8 147 12 168 88 87 89 39 172 87 159 62 10 88 137 83 101 94 83 87 9 19 19 134 90 15 86 29 92 187 85
87 1 174 83 4 140 28 89 87 159 16 11 88 146 27 170 88 51 109 14 90 88 88 84 92 41 23 189 86 20 173 115 132 92 142 8 16 91 99 84 161 86 89 189 111 143 30 83 163 76 84 17 10 3 134 51 22 77 89 37 83 179 164 179 51 85 86 98 176 7 84 12 85 85 11 126 5 48 48 51 13 91 88 91 7 124 38 104 90 90 90 15 162 87 8 91
91 83 18 157 54 73 95 170 87 7 14 13 38 158 91 133 72 29 88 138 2 161 141 92 107 85 10 103 83 91 166 2 82 17 186 6 12 13 35 3 95 79 12 39 174 9 28 33 18 70 96 71 18 85 27 86 56 7 169 87 96 9 188 178 17 69 172 5 84 50 60 92 149 43 34 11 5 90 91 15 22 88 10 90 176 91 91 87 88 95 92 19 12 88 93 4
8 65 42 171 173 106 185 49 38 108 92 146 68 2 144 20 4 88 129 90 119 180 15 89 94 88 15 27 92 67 96 151 25 18 173 89 38 18 38 16 92 38 4 1 7 187 8 38 11 86 91 90 133 3 88 150 28 92 1 16 18 30 92 88 86 6 17 33 90 193 90 87 89 87 131 155 12 57 5 175 9 86 88 109 88 32 141 93 38 88 84 149 139 32 87 84
134 8 13 90 10 63 88 92 180 143 90 88 115 87 156 88 15 93 192 90 77 162 76 92 88 93 45 145 86 26 8 92 89 88 4 84 7 93 87 73 107 23 18 52 72 100 14 31 58 88 37 8 89 10 17 16 12 178 18 112 87 25 133 88 88 16 139 193 90 88 178 182 75 16 54 78 174 52 7 90 8 91 88 6 13 91 6 95 88 93 183 114 36 153 35 1
13 152 146 11 87 94 69 185 88 94 37 90 88 192 56 90 19 6 5 79 139 17 44 91 181 10 11 17 94 92 74 33 157 92 89 168 86 59 7 17 85 89 91 174 93 110 133 88 92 14 167 94 82 93 140 27 135 66 30 2 14 84 89 15 52 108 94 13 17 9 89 90 148 179 134 90 40 180 91 35 89 17 9 106 10 138 37 170 88 151 29 91 143 16 142 6
3 55 175 53 92 91 90 88 30 141 17 92 91 161 187 93 95 133 95 94 13 87 163 189 37 93 94 4 42 102 92 95 176 94 191 25 90 131 16 186 140 92 95 36 91 8 191 120 124 91 138 1 169 52 150 93 37 179 5 17 111 93 67 25 57 1 37 174 107 9 37 15 91 95 91 87 8 3 54 149 65 2 37 94 84 95 37 182 15 14 9 16 72 31 92 17
89 101 97 9 87 92 70 140 32 97 115 184 39 92 93 36 113 23 84 1 95 13 12 138 93 173 93 76 114 77 84 13 37 2 34 95 119 93 18 53 89 62 133 7 27 95 108 21 6 88 138 90 1 94 190 89 46 96 90 75 64 94 149 127 140 178 105 12 95 78 135 17 89 182 56 12 193 141 140 91 147 69 179 129 94 95 5 151 152 91 27 132 140 93 140 47
95 28 95 79 99 96 17 95 138 54 96 24 85 184 16 17 96 92 7 88 137 13 95 3 55 146 14 5 10 35 16 87 157 11 96 141 48 12 40 181 89 182 36 68 91 25 94 96 94 175 4 94 98 94 190 180 14 98 6 95 139 142 82 170 7 132 35 139 89 44 24 16 164 180 118 89 20 186 93 94 162 95 22 89 85 14 11 138 107 86 92 30 14 92 4 10
97 16 85 97 49 12 15 134 143 3 36 95 95 96 184 93 138 97 94 89 147 91 16 142 85 80 97 19 96 91 16 25 67 92 96 169 86 97 90 108 171 15 1 34 137 95 16 96 97 102 151 92 98 132 138 89 5 16 89 42 97 87 15 85 135 6 96 96 6 35 188 117 187 38 70 52 97 89 128 10 53 146 138 11 141 7 91 23 112 97 27 88 36 36 16 96
94 95 143 152 87 142 9 31 133 93 115 97 138 81 15 93 75 137 33 9 85 98 97 149 58 192 177 98 96 61 54 97 88 106 76 86 10 155 105 138 93 89 25 179 3 23 86 98 88 98 89 132 35 150 98 98 15 15 139 5 32 121 16 148 98 163 53 88 181 6 4 93 100 13 176 68 183 77 74 126 138 183 85 27 147 34 98 97 99 12 3 15 72 1 89 11
20 179 95 142 99 34 160 99 193 99 99 137 99 63 165 108 56 143 90 99 85 94 170 99 94 90 92 87 88 4 2 144 98 90 99 96 173 124 14 99 99 92 89 26 70 93 86 48 82 89 98 16 66 98 15 9 16 103 99 96 86 12 119 99 99 73 15 1 13 91 28 8 98 14 136 185 59 97 93 90 157 181 133 79 8 67 7 129 1 8 91 132 55 187 84 4
127 89 138 93 90 15 34 29 142 7 135 15 118 36 188 90 25 169 99 90 100 99 187 12 186 15 35 85 58 3 39 29 113 136 172 15 6 100 90 89 171 136 152 42 90 21 71 137 9 90 101 93 100 6 94 80 55 182 56 90 100 85 60 68 89 101 91 92 5 17 50 65 100 52 100 4 184 2 134 90 19 164 137 86 100 101 90 92 144 190 13 2 100 35 136 114
1 35 148 86 100 32 111 22 187 90 101 102 125 92 116 98 81 177 137 135 102 136 137 123 161 136 131 92 56 53 147 61 91 35 180 145 88 76 136 142 35 31 108 85 35 5 15 34 137 99 67 137 94 92 183 93 11 55 180 140 150 136 30 104 179 149 6 94 137 88 15 12 14 155 101 69 64 11 14 136 59 7 102 137 174 89 89 136 77 137 73 87 136 23 15 12
31 34 91 138 112 68 90 20 14 100 130 101 95 38 152 103 33 54 24 134 15 95 13 13 70 15 90 55 102 8 16 96 37 100 133 101 1 93 102 13 10 193 136 151 103 135 6 47 134 89 98 136 92 13 46 135 176 91 90 48 182 148 45 101 122 189 6 136 90 89 72 24 91 14 132 97 84 4 93 88 156 2 142 52 5 87 87 15 160 16 191 93 147 103 135 60
4 25 171 136 136 101 55 4 58 56 50 138 162 103 14 111 89 102 137 94 91 3 101 13 90 34 8 192 98 29 25 153 169 140 106 30 107 96 135 101 186 28 134 179 144 137 100 42 22 114 143 102 135 181 8 146 172 105 134 29 66 102 108 4 5 13 90 119 74 95 9 93 103 151 104 32 101 136 96 152 61 54 12 13 8 64 94 15 183 3 188 104 102 57 71 137
1 7 7 91 31 76 27 13 115 178 141 62 130 87 134 137 31 13 13 181 10 187 92 60 100 135 56 91 33 87 59 69 15 5 10 94 87 193 96 100 81 34 13 89 67 13 151 102 3 4 72 189 127 104 10 13 53 103 90 1 55 91 34 12 86 117 112 13 16 90 100 91 87 92 190 85 92 90 13 3 99 145 116 103 103 98 65 150 77 88 13 34 99 14 136 155
91 95 89 98 14 33 90 31 9 14 193 186 134 13 91 89 91 183 12 174 59 61 103 14 11 147 14 56 91 70 91 64 3 90 102 15 103 82 140 88 78 60 13 2 128 152 88 91 24 133 14 19 8 113 9 95 86 35 136 111 149 146 18 152 5 150 105 71 21 104 90 30 2 89 133 152 103 10 21 107 104 148 125 135 106 33 153 92 103 136 123 92 32 129 55 166
104 136 93 66 45 26 79 47 91 105 3 75 99 173 134 46 10 33 4 16 3 136 54 96 92 91 141 91 68 1 153 133 44 157 172 53 14 131 60 191 95 153 86 13 134 139 12 114 150 104 190 91 61 133 43 23 133 188 162 185 14 134 91 56 103 4 91 158 33 187 90 15 3 152 2 13 72 159 11 135 29 122 42 165 143 28 10 4 51 64 92 135 90 91 4 7
88 7 149 63 8 121 16 153 90 98 14 60 104 9 41 179 13 182 147 134 89 151 5 13 13 33 88 2 164 90 93 22 145 91 37 150 168 14 103 65 36 66 149 99 115 13 97 150 20 104 24 106 90 15 88 61 13 11 30 90 81 130 175 120 7 153 12 142 77 12 183 104 71 105 96 94 107 89 150 93 146 132 6 56 133 132 135 68 100 17 52 9 96 3 33 93
181 32 105 103 132 13 62 92 25 154 185 90 22 24 63 67 6 151 97 26 11 118 143 33 183 93 106 95 31 78 34 10 12 186 33 117 61 153 12 95 192 93 105 154 2 12 28 105 179 106 92 104 91 139 191 12 95 94 135 74 16 18 177 149 128 65 149 15 163 98 73 154 99 93 154 66 145 16 10 5 189 56 135 82 150 2 69 132 134 7 8 133 53 31 92 16
89 190 181 57 156 11 94 63 4 2 106 148 92 32 135 96 4 153 140 5 104 132 112 92 91 182 114 105 67 76 32 148 150 11 190 93 92 96 15 143 30 30 58 6 135 93 133 151 90 90 29 15 187 107 146 100 152 106 189 12 90 92 49 1 149 123 89 3 125 91 4 90 149 48 65 94 11 50 95 160 153 106 106 153 184 151 7 149 183 149 97 19 27 86 102 147
8 140 30 106 31 91 104 148 9 20 135 145 101 42 60 54 142 63 141 93 148 26 95 93 106 132 132 122 26 193 150 154 154 21 83 12 5 95 148 189 149 37 12 132 98 133 153 35 6 97 97 148 103 57 25 68 95 1 149 168 99 99 92 178 31 143 23 133 192 2 32 141 152 93 154 67 69 12 98 185 2 186 105 131 139 81 9 115 52 155 17 135 147 95 96 142
134 1 85 91 92 147 73 90 96 64 26 94 94 5 93 130 27 63 93 90 151 11 187 96 90 91 24 131 98 146 92 106 128 164 9 61 91 13 132 94 155 131 89 33 32 146 131 150 16 8 142 184 4 99 104 92 16 148 31 96 27 10 127 11 133 167 105 30 138 18 120 30 129 75 40 184 108 1 143 133 183 182 107 5 106 148 87 185 124 140 20 141 98 29 23 132
82 62 90 141 140 149 177 94 90 131 186 32 179 144 1 58 107 119 21 32 147 148 16 68 89 11 134 114 131 55 192 189 94 94 150 140 11 3 151 103 99 11 147 110 134 8 91 147 1 64 93 24 130 132 181 145 25 96 4 145 3 117 26 9 92 107 84 63 12 144 144 107 152 107 131 92 146 107 101 142 17 3 71 25 107 192 92 156 111 98 147 142 19 22 96 95
150 97 94 98 125 94 155 147 166 107 30 150 176 16 151 54 140 136 131 146 146 130 11 172 106 150 94 30 131 17 108 92 131 16 93 60 86 98 91 134 134 90 95 132 22 36 141 93 135 133 134 145 92 144 148 88 96 17 140 2 93 23 185 35 27 9 2 11 99 149 93 17 66 91 191 149 4 8 7 62 160 151 184 26 96 4 107 140 59 2 64 2 183 107 128 133
147 138 61 129 152 29 132 91 7 10 142 141 9 134 173 95 23 132 47 14 33 10 131 175 147 139 182 107 95 72 126 96 135 27 178 11 151 95 103 131 96 94 6 107 13 132 110 56 27 6 68 88 65 127 150 9 131 106 143 28 148 96 96 162 134 133 156 130 189 10 140 52 145 96 187 139 192 3 75 96 154 97 9 141 100 136 100 134 91 95 146 98 148 108 146 10
69 101 29 10 193 190 94 138 139 17 131 133 63 151 59 10 66 31 100 6 185 135 134 17 130 87 20 154 177 130 17 8 99 12 10 100 95 134 142 128 92 19 21 186 108 92 15 184 188 95 11 130 129 143 94 97 93 148 95 141 5 146 141 2 145 184 27 17 109 90 30 131 90 18 106 26 146 22 17 94 108 170 101 17 120 108 133 58 132 53 105 151 132 12 108 134
169 99 99 140 150 3 94 119 130 80 164 113 110 161 117 152 93 31 93 28 138 142 70 108 107 141 30 155 31 73 145 130 93 57 13 3 8 176 30 136 146 152 6 144 11 15 2 149 9 62 189 115 94 131 100 95 64 17 129 144 10 145 146 123 183 103 148 98 26 143 131 10 94 108 74 60 4 8 9 192 173 95 93 1 118 10 125 17 95 134 106 17 132 89 144 8
185 97 145 92 59 142 30 133 75 157 141 129 148 152 105 33 66 126 91 10 153 39 153 97 187 108 24 95 139 131 98 29 99 92 153 25 190 132 138 131 4 160 147 150 10 61 83 180 184 94 193 130 130 3 142 108 93 163 44 107 71 27 81 97 6 143 96 9 91 178 43 151 93 114 122 101 20 9 89 3 158 102 99 30 101 9 143 18 95 187 97 102 147 93 137 141
