wasim_mod/input/grids/GRD/fundus_25.sd3
ncols	193
nrows	326
xllcorner	39436.98047
yllcorner	214976.5781
cellsize	25.0198
nodata_value	-9999
[rows 32 to 63 of 326, columns 72 to 143 of 193]
0 0.0217782 0.148489 0.196395 0.214767 0.214236 0.200672 0.208574 0.261091 0.323839 0.353228 0.360335 0.388501 0.397734 0.357104 0.310498 0.299529 0.323283 0.356325 0.375861 0.372205 0.401264 0.41849 0.397702 0.360331 0.32882 0.275133 0.295724 0.366772 0.391574 0.411245 0.429815 0.468097 0.535185 0.641224 0.766333 0.903753 0.991214 0.92071 0.901921 0.943899 0.984015 1 0.972159 0.923824 0.877261 0.833471 0.782595 0.738082 0.688494 0.670261 0.646698 0.672647 0.739902 0.776818 0.805102 0.856965 0.910639 0.929879 0.908803 0.902829 0.897105 0.857678 0.809022 0.699079 0.53692 0.298377 0 0 0 0 0
0 0 0.104295 0.14054 0.164425 0.203568 0.201101 0.173228 0.218342 0.300417 0.346296 0.374176 0.395995 0.38216 0.342803 0.306934 0.299358 0.329781 0.385805 0.400733 0.392347 0.425917 0.454086 0.431205 0.4075 0.351417 0.302852 0.346099 0.381094 0.424265 0.448602 0.498969 0.582266 0.698711 0.874223 0.972915 0.866593 0.805164 0.780376 0.786269 0.836998 0.934783 0.995465 0.96809 0.937862 0.903937 0.848188 0.797491 0.741216 0.693559 0.68033 0.696554 0.742236 0.809982 0.866498 0.895825 0.925842 0.962524 0.989575 0.95356 0.938157 0.910966 0.851267 0.770016 0.670099 0.518098 0 0 0 0 0 0
0 0 0.0359361 0.0897618 0.116839 0.173492 0.196559 0.174006 0.198513 0.284829 0.354448 0.387268 0.390294 0.365027 0.335124 0.310389 0.314416 0.361077 0.40205 0.408126 0.410367 0.454829 0.47899 0.46204 0.434668 0.367336 0.346664 0.352496 0.399345 0.491129 0.560605 0.684348 0.777568 0.92612 0.918463 0.82564 0.771791 0.74419 0.732992 0.741828 0.790013 0.866274 0.949451 0.994295 0.978178 0.933794 0.88239 0.812372 0.760429 0.730058 0.728521 0.758494 0.824729 0.880658 0.944622 0.977615 0.987135 0.993063 1 0.97572 0.926658 0.886045 0.82072 0.756494 0.661375 0.45212 0 0 0 0 0 0
0 0 0 0.0509865 0.0693346 0.130101 0.192383 0.207683 0.218923 0.297557 0.365507 0.386447 0.381279 0.357784 0.338391 0.319568 0.343166 0.392296 0.416216 0.424884 0.437521 0.477195 0.489154 0.478624 0.445043 0.391722 0.384871 0.380984 0.489327 0.639484 0.778893 0.930064 0.93493 0.845934 0.815335 0.771342 0.742874 0.734782 0.734097 0.724601 0.768921 0.82472 0.879026 0.937985 0.97448 0.953246 0.901262 0.835503 0.793832 0.77983 0.794587 0.817609 0.898314 0.956624 0.975059 0.988591 0.985759 1 0.954909 0.934989 0.874133 0.815222 0.765282 0.722386 0.586388 0 0 0 0 0 0 0
0 0 0 0 0.0368349 0.10879 0.205354 0.24347 0.26157 0.315396 0.354086 0.379733 0.376545 0.352967 0.343976 0.352214 0.386327 0.428359 0.445324 0.45725 0.462979 0.484078 0.492472 0.49219 0.456319 0.425038 0.441354 0.500298 0.694609 0.861449 0.968069 0.854113 0.776648 0.753657 0.756065 0.759359 0.764837 0.764318 0.769133 0.762393 0.753664 0.796951 0.857193 0.901793 0.97406 0.957693 0.885556 0.843069 0.813066 0.834059 0.867048 0.909412 0.950828 0.999354 0.998597 0.986932 1 0.936742 0.890537 0.857986 0.814322 0.735805 0.694904 0.631283 0.483319 0 0 0 0 0 0 0
0 0 0 0 0.0431945 0.131929 0.190285 0.239816 0.286143 0.317513 0.346203 0.3667 0.376467 0.384952 0.397861 0.418813 0.468683 0.490523 0.488686 0.486202 0.475414 0.488654 0.491845 0.482931 0.465545 0.487197 0.56235 0.733408 0.965545 0.859066 0.812522 0.748922 0.716361 0.724029 0.734943 0.764794 0.799517 0.801687 0.807506 0.805372 0.787386 0.803724 0.860417 0.918715 0.972825 0.940288 0.877973 0.846593 0.849654 0.888848 0.941933 0.975679 0.995943 0.980755 0.975744 1 0.965446 0.89885 0.837126 0.795452 0.738374 0.676626 0.632983 0.552337 0.382382 0 0 0 0 0 0 0
0 0 0 0 0.0695326 0.132875 0.164526 0.228048 0.28073 0.315108 0.351691 0.39697 0.432281 0.45643 0.486084 0.52014 0.551388 0.537222 0.525273 0.499854 0.493073 0.489709 0.482908 0.49852 0.533823 0.604223 0.755389 0.990026 0.767871 0.7097 0.714617 0.710934 0.702539 0.715524 0.746555 0.792884 0.825543 0.84267 0.844813 0.851288 0.835835 0.832545 0.853631 0.939135 0.973437 0.961837 0.919292 0.895398 0.917842 0.955904 0.958106 0.931198 0.924262 0.928334 0.933333 0.983442 0.937385 0.858751 0.786938 0.73306 0.668983 0.630545 0.579276 0.481998 0.305394 0 0 0 0 0 0 0
0 0 0 0 0.0749395 0.128276 0.147233 0.205579 0.265559 0.320101 0.395546 0.457902 0.488826 0.530673 0.569227 0.585764 0.586494 0.570062 0.54884 0.529788 0.525134 0.505358 0.515538 0.572792 0.646032 0.769671 0.969767 0.818279 0.709579 0.666284 0.658425 0.685942 0.707993 0.732582 0.773258 0.819524 0.849104 0.87564 0.88714 0.894555 0.855427 0.804707 0.798297 0.864787 0.927529 0.956221 0.973059 0.975954 0.970878 0.915139 0.872807 0.830693 0.844058 0.868951 0.90522 0.973348 0.942665 0.830151 0.75469 0.681462 0.623856 0.581056 0.52533 0.44095 0.298462 0 0 0 0 0 0 0
0 0 0 0 0.0300647 0.102092 0.121315 0.187431 0.258067 0.348725 0.45461 0.506415 0.544359 0.605453 0.62057 0.613599 0.610894 0.595258 0.574661 0.574119 0.559078 0.550067 0.605885 0.722653 0.802372 0.960296 0.864808 0.742269 0.66981 0.652162 0.648656 0.677211 0.722347 0.771403 0.80152 0.826516 0.873378 0.896635 0.906358 0.882859 0.834657 0.764748 0.735237 0.762616 0.828694 0.891813 0.938093 0.927841 0.854946 0.807466 0.804292 0.78589 0.787112 0.823814 0.89465 0.975859 0.941175 0.819143 0.725147 0.64525 0.596653 0.564785 0.529602 0.480438 0.320564 0 0 0 0 0 0 0
0 0 0 0 0 0.0216545 0.105323 0.203642 0.291332 0.408189 0.496152 0.539287 0.591968 0.636486 0.635751 0.633407 0.626302 0.604155 0.590925 0.589733 0.593342 0.647466 0.79659 0.913952 0.959328 0.849667 0.771273 0.711728 0.654768 0.6353 0.65999 0.689773 0.746346 0.794107 0.809703 0.838874 0.890867 0.925414 0.905354 0.877473 0.812075 0.758941 0.718363 0.713762 0.750754 0.809802 0.810952 0.809769 0.775877 0.751265 0.747659 0.75137 0.758169 0.791899 0.866714 0.969959 0.892999 0.798533 0.714772 0.65207 0.629393 0.61119 0.565067 0.508074 0.308397 0 0 0 0 0 0 0
0 0 0 0 0 0.0321612 0.159626 0.262146 0.344549 0.449011 0.531772 0.576931 0.624639 0.643406 0.650637 0.65907 0.642379 0.632922 0.608368 0.604334 0.660937 0.807971 0.981504 0.875256 0.793142 0.749174 0.716365 0.70731 0.690802 0.652891 0.677027 0.725881 0.789802 0.817779 0.824987 0.847883 0.894426 0.931249 0.9214 0.887653 0.845162 0.79881 0.750488 0.697119 0.68028 0.711608 0.725187 0.722189 0.715578 0.707146 0.711153 0.719003 0.738616 0.781118 0.849125 0.967847 0.886779 0.804992 0.766965 0.734241 0.714065 0.671064 0.598216 0.505111 0.283328 0 0 0 0 0 0 0
0 0 0 0 0 0.109529 0.241008 0.327325 0.414395 0.520824 0.579898 0.622177 0.651724 0.655463 0.657938 0.666266 0.66577 0.66654 0.643977 0.676938 0.794364 0.973407 0.8778 0.774797 0.722963 0.70035 0.687054 0.701306 0.740759 0.73745 0.748902 0.794661 0.845356 0.87293 0.877726 0.898033 0.935845 1 1 0.944175 0.921974 0.899507 0.852003 0.75269 0.688305 0.670614 0.691786 0.693586 0.687582 0.688479 0.690323 0.702924 0.725471 0.775291 0.82485 0.915091 0.946123 0.862012 0.841726 0.860565 0.793116 0.704511 0.610948 0.499997 0.275661 0 0 0 0 0 0 0
0 0 0 0 0 0.213036 0.339119 0.428933 0.518013 0.590203 0.63349 0.66392 0.663193 0.662295 0.660937 0.663355 0.677631 0.693134 0.719439 0.804717 0.953497 0.910498 0.828935 0.768472 0.721878 0.703273 0.701649 0.721414 0.769716 0.834262 1 0.918723 0.927651 0.952879 1 1 1 0.927674 0.921044 1 1 1 1 1 0.804867 0.731655 0.716012 0.721457 0.710164 0.705536 0.70096 0.69979 0.71057 0.737791 0.798056 0.864216 0.97264 0.969697 0.914233 0.911715 0.825387 0.708355 0.637697 0.532929 0 0 0 0 0 0 0 0
0 0 0 0 0.113675 0.312982 0.426722 0.514753 0.572782 0.632626 0.690662 0.702541 0.681712 0.67981 0.679044 0.680109 0.710103 0.746265 0.832049 0.943885 0.916974 0.844031 0.799408 0.777616 0.76581 0.777512 0.802463 0.84499 0.870131 1 0.958212 1 1 1 0.915428 0.887575 0.85136 0.831921 0.818421 0.817811 0.797429 0.811706 0.838981 0.915074 1 0.868098 0.814643 0.785045 0.774606 0.746908 0.735064 0.725898 0.714448 0.712605 0.774226 0.853032 0.907766 0.969073 0.9826 0.935019 0.894846 0.821456 0.784271 0.623935 0 0 0 0 0 0 0 0
0 0 0 0.0257568 0.2 0.363301 0.46602 0.529632 0.58263 0.642696 0.718333 0.750748 0.734426 0.706952 0.705545 0.727495 0.767706 0.826692 0.944703 0.87713 0.830957 0.80758 0.797138 0.820423 0.85724 1 1 1 1 0.853374 0.880371 0.880241 0.866956 0.852784 0.823375 0.78276 0.748547 0.735406 0.726366 0.709775 0.706802 0.708457 0.751705 0.782101 0.82456 1 1 0.88487 0.845034 0.804834 0.777155 0.768514 0.749377 0.749598 0.783141 0.852562 0.882594 0.956023 0.966173 0.999391 0.978219 0.947155 0.95455 0.786486 0 0 0 0 0 0 0 0
0 0 0 0.122529 0.241953 0.385175 0.469081 0.514758 0.56403 0.624898 0.707234 0.755445 0.758688 0.737627 0.75237 0.798843 0.867728 0.966085 0.91632 0.79464 0.774472 0.78922 0.820879 0.907611 1 0.860072 0.760167 0.735856 0.726745 0.748275 0.783688 0.808148 0.789734 0.780232 0.73749 0.682779 0.66753 0.653355 0.64955 0.662011 0.667078 0.671803 0.687593 0.684342 0.730275 0.817047 0.910607 1 0.902916 0.860172 0.825026 0.804057 0.796696 0.805209 0.818139 0.873745 0.895855 0.88408 0.910577 0.919576 0.857058 0.811064 0.841625 0 0 0 0 0 0 0 0 0
0 0 0.055749 0.19283 0.296327 0.385829 0.458837 0.515748 0.550496 0.600983 0.664331 0.690227 0.71977 0.76285 0.820144 0.882711 0.98109 0.905529 0.814777 0.780317 0.771381 0.804419 0.895485 1 0.808496 0.715634 0.668138 0.666667 0.677333 0.708955 0.723527 0.743948 0.74292 0.704558 0.642041 0.617353 0.60585 0.605249 0.633003 0.658824 0.671469 0.677651 0.680819 0.683715 0.72476 0.779449 0.863274 0.961764 0.960088 0.882449 0.852281 0.842804 0.844155 0.84155 0.845996 0.83658 0.830079 0.812761 0.823974 0.818181 0.773317 0.746128 1 0 0 0 0 0 0 0 0 0
0 0 0.0710594 0.233789 0.292855 0.384386 0.478214 0.525263 0.542906 0.576823 0.624887 0.646101 0.691463 0.763093 0.863227 0.943112 0.964929 0.877068 0.80445 0.791417 0.810891 0.87808 1 0.834084 0.710417 0.642029 0.625203 0.636894 0.655987 0.669888 0.681252 0.685075 0.675213 0.617815 0.581367 0.570854 0.589416 0.626459 0.669688 0.688293 0.709773 0.734533 0.753417 0.769168 0.784452 0.819904 0.926254 0.989715 0.936053 0.880247 0.863011 0.863959 0.870534 0.857586 0.811496 0.771039 0.75764 0.757286 0.765345 0.772418 0.777161 1 0 0 0 0 0 0 0 0 0 0
0 0 0 0.173303 0.245857 0.389917 0.486946 0.523922 0.538047 0.572859 0.608069 0.638516 0.674547 0.753397 0.851614 0.942658 0.964338 0.904929 0.852332 0.838034 0.86529 1 0.882957 0.751247 0.644771 0.613422 0.602203 0.618527 0.624268 0.625244 0.640937 0.626557 0.589119 0.542661 0.516225 0.538606 0.598636 0.649133 0.69073 0.730951 0.779548 0.855919 0.896435 0.926686 0.925733 0.950932 0.961169 0.888555 0.848479 0.85903 0.873222 0.854334 0.860376 0.841042 0.795199 0.756796 0.726669 0.710062 0.721985 0.755919 0.858334 0 0 0 0 0 0 0 0 0 0 0
0 0 0 0 0.208674 0.389742 0.481906 0.522311 0.538743 0.583228 0.609813 0.641342 0.662132 0.744438 0.822523 0.901586 1 1 0.931916 0.917334 0.938772 0.924613 0.780342 0.661324 0.608735 0.584878 0.590531 0.604029 0.603195 0.60899 0.604868 0.565532 0.511349 0.456108 0.445187 0.512503 0.579265 0.633326 0.679907 0.752673 0.856751 0.983502 0.92448 0.864378 0.836318 0.853257 0.856555 0.818602 0.811721 0.841377 0.870344 0.854277 0.83213 0.789536 0.78943 0.760339 0.722759 0.722267 0.749276 0.809711 1 0 0 0 0 0 0 0 0 0 0 0
0 0 0 0 0.226705 0.390496 0.492397 0.531145 0.556915 0.594276 0.633486 0.654837 0.683279 0.749301 0.809657 0.880222 0.936089 0.993336 1 1 1 0.825234 0.676355 0.593256 0.573989 0.555361 0.582583 0.589093 0.593858 0.587912 0.546294 0.50227 0.440033 0.379838 0.400517 0.488924 0.565572 0.609404 0.66639 0.747452 0.887182 0.950744 0.847859 0.735582 0.69344 0.732358 0.771062 0.79665 0.826741 0.859991 0.868464 0.868238 0.821227 0.779333 0.777136 0.758422 0.745701 0.811669 1 1 0 0 0 0 0 0 0 0 0 0 0 0
0 0 0 0.00968227 0.274872 0.424541 0.514224 0.561387 0.591875 0.638861 0.68831 0.710442 0.762144 0.813476 0.8586 0.903486 0.925096 0.965792 0.980305 0.94622 0.862665 0.752522 0.636747 0.586503 0.549887 0.561307 0.583491 0.58453 0.582623 0.554055 0.514411 0.459537 0.388541 0.347676 0.399576 0.504356 0.568589 0.602839 0.651166 0.749567 0.894554 0.933097 0.807026 0.70715 0.655988 0.683139 0.742669 0.794228 0.855414 0.893165 0.885516 0.877017 0.861104 0.83876 0.842867 0.843299 0.847538 1 0.783779 0.450322 0 0 0 0 0 0 0 0 0 0 0 0
0 0 0 0.110526 0.328435 0.46706 0.564905 0.616321 0.662291 0.733812 0.780112 0.828746 0.903785 0.957292 0.972179 0.977931 0.973765 0.954533 0.950469 0.917022 0.862924 0.738933 0.634061 0.572008 0.553224 0.57103 0.577615 0.584249 0.57068 0.54726 0.504816 0.427093 0.391957 0.386014 0.433159 0.529759 0.58693 0.616363 0.672811 0.788471 0.920894 0.927113 0.790035 0.722359 0.700772 0.709785 0.760601 0.811263 0.880474 0.933269 1 1 1 1 0.9486 1 1 0.71721 0.417391 0 0 0 0 0 0 0 0 0 0 0 0 0
0 0 0 0.218577 0.406895 0.544583 0.642478 0.682729 0.767692 0.862485 0.914361 0.973744 0.954052 0.905099 0.908082 0.922039 0.945603 0.988923 0.921723 0.886679 0.825802 0.702024 0.57865 0.549526 0.552202 0.559603 0.57847 0.580458 0.563373 0.55452 0.498577 0.435408 0.424268 0.410775 0.467363 0.57256 0.628645 0.655758 0.73317 0.847745 0.958609 0.923042 0.820463 0.775104 0.726369 0.746831 0.790885 0.852211 0.91847 0.977921 0.962722 0.927278 0.908621 0.912324 1 0.887557 0.67662 0.441516 0.153293 0 0 0 0 0 0 0 0 0 0 0 0 0
0 0 0.073679 0.336407 0.512651 0.637119 0.708701 0.782332 0.884802 0.996285 0.961169 0.931455 0.878297 0.855514 0.847806 0.873369 0.900988 0.969961 0.937362 0.867916 0.757439 0.632553 0.544035 0.533992 0.543971 0.562738 0.584592 0.566657 0.566769 0.562158 0.502196 0.461966 0.444592 0.44039 0.530712 0.630112 0.678788 0.710794 0.794143 0.91161 0.995125 0.925274 0.848048 0.826604 0.734658 0.733707 0.78834 0.865188 0.935212 0.976874 0.977083 0.91808 0.89291 0.892077 0.885372 0.775844 0.583491 0.346301 0 0 0 0 0 0 0 0 0 0 0 0 0 0
0 0.00759207 0.225367 0.457344 0.600129 0.700898 0.770695 0.895533 0.97551 0.907764 0.868597 0.857021 0.844956 0.85426 0.837224 0.861162 0.904116 0.964284 0.931797 0.817981 0.686116 0.583572 0.496408 0.488125 0.533244 0.563297 0.56017 0.553655 0.566805 0.551587 0.51422 0.483344 0.461618 0.502246 0.613632 0.732681 0.773252 0.797729 0.885109 0.987583 0.957659 0.91422 0.85074 0.801031 0.766391 0.740847 0.784084 0.834133 0.879442 0.920842 0.964463 0.96889 0.939673 0.923718 0.888373 0.746446 0.573595 0 0 0 0 0 0 0 0 0 0 0 0 0 0 0
0.048473 0.174526 0.381123 0.568487 0.70435 0.789908 0.868751 0.99665 0.867001 0.859825 0.852634 0.825702 0.835549 0.844593 0.859645 0.870419 0.909815 0.981782 0.922146 0.790193 0.676146 0.55836 0.451849 0.489338 0.534314 0.544878 0.529814 0.546869 0.563832 0.560095 0.544318 0.534916 0.544396 0.614874 0.751408 0.893589 0.978447 0.961356 0.903133 0.883382 0.889352 0.898008 0.86522 0.797921 0.817766 0.796728 0.82063 0.815803 0.809153 0.8515 0.873016 0.912938 0.962068 0.979988 0.952728 0.797787 0.529186 0 0 0 0 0 0 0 0 0 0 0 0 0 0 0
0.199415 0.365318 0.545804 0.713619 0.845594 0.892885 0.955232 0.917513 0.847368 0.845223 0.863547 0.856644 0.845066 0.845821 0.878272 0.906825 1 1 0.902613 0.777906 0.65835 0.542155 0.462919 0.496743 0.521309 0.519518 0.517248 0.55416 0.57272 0.566833 0.562942 0.559281 0.605898 0.754732 0.941385 0.934932 0.799332 0.725161 0.726873 0.76378 0.827624 0.88553 0.90389 0.876531 0.893259 0.889689 0.883924 0.84031 0.793549 0.795093 0.795307 0.803442 0.853092 0.893714 0.930306 0.929746 0.416544 0 0 0 0 0 0 0 0 0 0 0 0 0 0 0
0.383438 0.53791 0.697092 0.863794 0.945566 0.967998 0.995542 0.905012 0.885455 0.881131 0.867605 0.882919 0.859311 0.867466 0.892112 0.945052 0.977107 0.908315 0.805191 0.697496 0.602085 0.511312 0.438259 0.450724 0.487918 0.495251 0.537044 0.574739 0.575008 0.565115 0.51889 0.515739 0.628009 0.902789 0.85502 0.783553 0.718455 0.673452 0.68153 0.726406 0.80542 0.886844 0.943165 1 1 1 0.930616 0.880567 0.838052 0.787474 0.76412 0.74595 0.753278 0.753039 0.781456 0.847548 0 0 0 0 0 0 0 0 0 0 0 0 0 0 0 0
0.567373 0.725667 0.868945 0.98739 0.950405 0.939701 0.949059 0.937857 0.933372 0.9256 0.909869 0.901147 0.887803 0.880571 0.919431 0.975822 0.946053 0.827737 0.695487 0.603655 0.532281 0.437995 0.372863 0.389213 0.455917 0.509844 0.586938 0.656746 0.692844 0.645548 0.520073 0.531579 0.726522 0.920158 0.731522 0.68892 0.683784 0.689766 0.722222 0.766645 0.82779 0.907378 1 0.937828 0.9247 0.976696 0.965934 0.932646 0.886924 0.815391 0.770037 0.743314 0.721449 0.709525 0.723612 0 0 0 0 0 0 0 0 0 0 0 0 0 0 0 0 0
0.729225 0.889349 0.961315 0.912225 0.883729 0.866394 0.892826 0.936529 0.965178 0.96508 0.960413 0.943682 0.939335 0.916743 0.948962 1 0.870548 0.714628 0.591618 0.516548 0.433702 0.352504 0.316364 0.368824 0.457744 0.54934 0.672756 0.8625 0.868164 0.730275 0.70933 0.664369 0.945816 0.792242 0.678777 0.654655 0.673254 0.715644 0.792885 0.841403 0.869263 0.928107 0.988893 0.922736 0.915109 0.944343 1 0.972929 0.922354 0.875225 0.838031 0.792259 0.770451 0.797755 1 0 0 0 0 0 0 0 0 0 0 0 0 0 0 0 0 0
0.879708 0.981573 0.91218 0.883165 0.875036 0.856002 0.855914 0.920372 0.974483 0.979531 0.976214 0.976639 0.968765 0.974256 1 0.923335 0.777098 0.618622 0.503137 0.422043 0.356622 0.313914 0.302715 0.371495 0.465829 0.571929 0.750337 0.887446 0.610172 0 0 0.863697 0.816411 0.728485 0.679377 0.666259 0.683099 0.74313 0.839615 0.899721 0.901673 0.936175 0.983857 0.959368 0.950562 0.94658 0.984842 0.967766 0.952636 1 1 1 1 1 0.706542 0 0 0 0 0 0 0 0 0 0 0 0 0 0 0 0 0
